11.868380956521307
2.5546347932012736
4.789480380782241
1.3106437323375797
11.225837086990229
-3.281706167050147
-1.5148166245829908
1.4028016198047355
0.5295953420838666
0.539619306472197
0.22714631867355978
6.897864638341075
0.0308234318998492
0.9094554765306694
0.35414706050122846
-5.132081348968333
5.251419155754703
-6.305324075996069
2.3291935384855185
-2.079522164129143
2.0214006358985683
2.28420976564181
11.167829132018841
1.925636136276324
-2.607454414370997
-5.186918517165058
4.263515884779494
8.866309042714288
3.009643129035903
-1.1381343322823625
1.1019761356863376
1.4184500955006714
3.2723205775819704
2.1002952308917155
2.941566756295927
9.908606646605046
4.513587136395381
-1.4587000381049426
-1.1951194819803894
-3.2996966694345375
1.9001150596403231
-5.607132391453462
10.895453836647716
1.5656343250920122
1.933713119332226
-1.7837419893759718
-3.2992103141342835
4.983856774687524
-1.0943106736344008
6.526585352592482
2.743372282637822
1.304748596837729
7.609104289589901
6.8558347128759
-0.8330361629349374
2.292044742667448
-2.674484786994518
0.9937066306170862
1.1284959380179673
0.758286843680772
1.9020522842744503
11.753510788508407
4.95804596994256
-2.370210843708952
0.45987912141218434
1.685414461315982
1.3736627875095728
6.597431097020161
0.38195982279047946
3.6673744852071204
-0.623519334717239
-0.318502463095657
1.9162972091435295
-0.28576993395938727
2.105524616786475
0.36260963273350827
-4.5520713016341645
1.379319283193012
-2.019251123213884
-0.38856506070356556
1.6027103916537935
0.9140575123674659
-5.06813594377867
2.539107461524687
-1.6898390122467701
0.2417746016993852
2.095894124716785
-0.2155402908200092
3.7729128368671034
0.49777279275819597
7.719952818389987
-2.3583543776214047
-4.271315493245455
-3.8460588841134093
0.8040001906690981
5.1319484295494355
2.6203443206568746
5.235890864865585
-3.8564088927162063
-2.1781131762300103
