-0.9930911367401718
2.8641620892257627
-1.0910831286004166
0.3987066985609604
4.87139638348804
8.576210049009864
3.5535551944120205
3.990493876873006
4.834144059592875
-0.8466429236584208
-3.836603792682938
2.880493772577716
-0.03938776071787277
-2.818857499112655
2.2403953303262965
0.6334691451837977
2.2166818728944095
-2.693886078769073
9.384644495847013
11.681284496772019
2.269109031507962
2.8151411467375898
3.82659093796404
3.6873634442763743
-2.2732256638853543
0.5327561745067939
0.6695491323943401
7.5644866703131495
4.6147619702745
4.829990525405625
-2.1448330428270004
-3.371861566069704
-0.30184688485265676
0.8638282109404836
8.90936435601009
-0.9968036364466575
-0.5688115379230273
-0.4462432748169165
-2.30406303571713
0.1473139024374877
3.1529480622771704
0.018547274817722014
5.015041332024052
6.87704250028419
13.508555080536444
-2.884172708823066
0.48895283736201256
-1.0967906896118995
5.7230650029305155
5.131544995329575
7.2554767759020695
2.169734653397771
1.6808970165760195
1.9887485665861089
-3.136442046218301
0.06799265238395505
1.8238216733215538
3.511509135395931
3.0150513560227528
-1.6247453414736914
2.8889361876174395
0.42323779758324487
0.23495748208117062
-0.1938506810807162
0.4835897685090208
1.0974965303684208
-3.603925005376585
-4.803480813502288
0.21884518918598855
-3.2616058384326325
-2.068924051157067
-8.719576284844287
4.094603565115863
9.897987241344287
-0.966872965927247
8.06444327818519
-3.919349050670692
-2.1912661547781385
1.458021468626145
-0.4174046923948289
-0.05215318450907134
1.5077131351612432
-1.526522826903705
1.2384287786317638
-3.089916079744668
-0.5502343779236722
0.36243384539351814
-2.4257094947531144
-5.198730164771682
2.504706612089549
1.5404764914719966
2.4445007264500456
-1.9016885886695232
3.7855649226381103
7.627208938456248
-0.6385866325906827
-3.979852868359229
8.798141339797919
0.4866701517327129
2.6890618508542867
