3.908331662263901
3.806283203114538
-2.69767902790311
-2.6198238969577026
-3.467107321539361
-6.586862869505499
-4.441817006215705
-0.04392524136356954
6.851952064156745
2.182689692902148
5.2983236102454265
3.297919148942277
3.8910817889384917
0.40467161812055075
2.2585836043635585
-2.079614946325318
0.04165195096950829
0.2438336171669277
7.083047765700059
6.359206329375979
-4.242773183531106
2.9549946564798355
3.3967386036955305
2.683781488976977
-1.9007456440962371
0.09604452835152723
0.3116899071050111
0.3811352866864598
0.5830777332968622
-6.045942174802251
1.8655835954213043
1.3482590203266713
-1.9633067193338274
-0.2054963437548905
-2.899422962351664
2.2726240340003203
1.5036591050933812
4.133860890126581
6.043215679340733
2.955493611892212
1.913329137874511
4.142065512463387
-0.8128101968511139
1.8014180476214112
-1.3279231204572408
0.9384239413507971
-2.9524272110529846
0.37200767150593894
4.474089858454618
-9.557254131534624
-1.7796526387212777
-1.9230434025301428
0.40294962617127505
-1.9938362953143787
-3.8371055311688953
9.364399310152585
-3.754002173933807
2.5484595957053062
2.1351941490310935
3.245465757022828
-0.17449002514698864
2.213324704841406
-2.3883644257807903
-1.3407809939522926
-3.144826601921314
7.020778482408198
2.77660021602163
3.248252371847604
-4.365930139644353
3.3252395023035937
0.4772819340318789
-0.4083631668334444
3.250571273114126
1.6554199452952711
0.9459973245559608
4.150611240936593
-3.242343959633332
9.250021515744075
-5.239966291353304
-1.5908477352887869
5.723565052337335
7.0128266499216
3.3750814201809067
2.9685755186283
-1.2762222248340587
-0.22920692384203736
0.9975554712013133
6.257297691566875
-2.0900711412152444
9.22409219189227
1.6935053102287898
1.1756742436899015
1.462964608821177
11.433594768194615
-4.243991421696929
6.386665407034876
1.7272449695185967
-4.482764572038571
-0.43366108987776675
-1.5856577376984302
