-2.044882311855508
7.353343844494044
7.996805166205719
1.002078647580523
-2.5371267538673545
-1.2049557123950212
3.472538805463466
1.4318570068433887
1.376185562433993
-0.3405887743635707
1.6300659764710341
4.4448387516677785
0.11322266075838897
-0.3240295380714405
1.2962012918687154
5.133151848107929
0.5602334111092402
5.964937790097018
-1.488386184081104
-2.5719754137483912
3.813540976317051
-0.47557392824526656
0.5908376542213398
2.4349842331729032
-2.6543549685701597
-6.29283846983589
-2.2930392572512766
10.443083858526535
-5.808418231111172
4.217015832592635
0.35200294395624787
-2.6018957855652483
-2.1260800616878925
0.8711107712311044
1.4832570304279715
3.4648589351711854
-1.9218040039287438
2.8134801392563142
2.087403351545289
3.0327341676035386
1.5390371682934
-0.8435877029960919
4.6014870058290835
-3.229862505541507
3.610019823222006
-1.448398594092925
1.658105017088742
-3.835884406643548
3.0185750149112636
-0.026245237815448887
4.249789367343887
1.6349343812944883
-2.045014539626936
-2.3543280026790216
5.131795933452617
-0.5316195051793399
4.795072171258686
0.40221447804284044
7.6261615008504755
-3.6362597394127785
1.1613011007432736
3.367905111738308
-2.4104899364680157
-1.2378088336468995
0.6697391099534871
1.3152507067693953
-1.9762277686554939
10.089028608078753
-0.9205061096203637
3.7806242542418995
2.353346464424776
-1.314248959082697
2.3932629797658818
-2.1464840524934843
-1.398572642815766
2.08753635434263
3.661922926970279
1.795836361239148
9.196492898816825
0.6740138335689572
10.30924522737061
5.103636536412515
0.4753980089084925
-2.873345633953093
0.11253577304203269
-1.4786659850844226
8.012265449726517
1.1149003464003397
0.32784881092092377
2.5944754604674807
1.6959331143737626
-0.22673019722983856
0.46112513748311373
2.6845637149590735
0.7707504159514017
0.8997973157503989
-1.4894565699520474
-0.25189601358422603
-0.5886633302433115
1.4171407421292836
