-1.08800854929376
-4.033968000381767
-5.290115833627136
-3.317430990925468
0.9505342497399271
0.9249738142436414
3.1547205745489624
0.7896851012618255
-2.0170960774462063
-3.0224078223285877
7.370600527986463
5.808758311766901
-1.3096872002267088
-1.5011096738837373
4.331021006349932
2.8031104947123775
-5.422081699159545
0.1761630526369655
-0.2540528974531857
-1.5388220934803116
4.026453006888962
11.331337493514038
1.2894738883353702
-6.5850132007896764
-4.844328552220877
2.3946509114117616
6.236792485700889
8.670732607364004
11.08222860827454
2.1216939420021377
2.6413744989937014
3.346104255855981
6.02211975726949
-0.9208527814529565
-3.712004735705584
3.972485488725881
6.538487534432045
4.7768446806026414
1.5701757808003711
4.597385578790059
2.3823319619940113
0.0563554347425476
-1.0399102878360433
13.638567082237216
2.364134057880628
5.2846390154604075
0.7997342960354438
-3.6608712162807375
4.1234033816788465
-0.6926675257927369
1.5833332927774295
-2.0862339065266644
0.13529728828209558
-2.236791332645214
1.5075972060543505
-2.1705478099924402
1.3137872065196614
-5.052613464711074
1.0349517499807843
0.06822033807388393
-0.28480777882069885
3.220024539150278
8.06719451986255
-3.1623531305004566
-3.3067428486370183
5.059689452303308
10.317233013528053
2.611997134138365
-0.8219724962310495
-2.29967075303974
1.0942458497693561
-2.5572615172366904
7.34191565177099
9.445259227220033
1.106073989674893
-0.35804001168630545
-2.261291786012649
0.795742133009957
0.2741523886202982
0.6837932956584601
-2.297796861424825
-2.5471045282954887
5.096902522290185
3.336730826585959
-1.351494559746655
-5.00322897320344
0.7593157043374266
1.0223861835542782
3.404980547278175
3.965830660012032
4.665089351687235
4.394778619761699
-1.7645910608034598
-2.008447115212042
-2.5999318412645462
-1.833532384629819
-0.0679513155771978
1.8186353969513394
6.219364352638624
-2.8961974244875837
