13.148502882451638
1.8930869491348614
-0.05806759640600105
0.9004398150804669
-1.6556162408793074
-1.6022346985174605
-1.5964149184924432
0.5644120802794458
3.5916976064253063
-1.43146044836768
7.6258962778104635
-2.3380524490035537
3.5142892442957647
8.986335509985297
-3.070278624125695
1.8967900371469204
-4.173500996307388
-2.785844440433584
1.686360540809657
-1.1077408584808512
3.4659125031189615
-0.40398800486437514
1.4869525596437816
-2.3361263668562957
11.740449282940071
0.3455484443015738
-0.9293163564922231
3.326100882621432
-0.9154707036802523
0.8507054418255754
-3.3675137433717355
-2.975276709924854
3.3876716475761746
2.6557290389639188
2.289636924582556
2.934326502264326
1.2727808010665709
1.2437531056963675
2.2429530662596155
-0.2164822480049013
-3.335214527987873
1.735172011502679
3.250106420717234
10.405107188778404
-3.2153557301634503
-2.663224744917998
3.23367039530995
2.4145586610895093
14.418904433244197
1.008623642549579
-2.9551937161142705
5.314255465305328
-0.5941496698421906
-2.128585243139607
2.8476242803443093
-0.4965955353585254
-1.0329970813696736
11.009339170434362
4.55936118670953
-2.00252741114448
4.321773620637685
2.135160488141045
2.2144106299827477
-1.3305642315074002
4.233252230896882
5.984527670689701
2.4945469082623153
-3.0935145273604796
-1.2306154072349718
6.2954479569236526
7.303861577385537
1.8311047689301505
1.9742003252605749
2.6943683168918175
-7.513319083444427
7.15790092700734
-0.8220096122769529
1.1467022514367362
-1.5271518686115708
2.395168359033151
2.7848848165906013
-4.025469791490519
3.964290308848261
5.492830457132573
5.051153661649504
11.180353621427813
1.9464930281558135
9.761466944146392
-0.5265532317784087
-4.401263389983809
4.674434020644108
1.8713995072071479
4.827670516516314
0.5875655916841429
0.6938210069767958
-2.357496616650711
4.6989768667385
5.8052670151068355
5.896170375399622
-2.4459479825663015
