-0.7442230012018777
-4.097203003419508
-0.7938625437521005
-1.846367002853742
-2.4339799890321747
0.2875350264332315
2.026006700217251
0.4191669129364457
-5.643322596223069
-1.0237579754660526
1.599359915673669
11.21078499523448
4.023579672738374
-3.6798219166051362
0.991181885555211
5.677872086191787
-0.8634869040541293
1.886356770364912
-1.3012710303447796
0.6838364319632464
6.485320862013644
0.9436869006055671
2.5793054605694885
-2.2500864063879815
3.592638793865591
2.6653810861688765
2.032084636170322
3.4254971488302903
1.9335331519786876
-4.4714027257365725
-2.643042286992912
-4.803210606887136
-2.331549064326073
6.27214068719058
0.053011225418062496
2.877061875466034
-2.2029494213251857
-3.128288475223712
-0.9135286929587892
2.5762138073330907
-2.316698267954494
2.037251016604553
-2.096510741152314
-1.5701483497674447
-1.1298852528514156
0.8185923463714047
8.017820558134357
0.8173069708348963
0.9422410911975576
1.641887926010888
-0.9163646183557436
2.1751892197492104
-0.09416034961185957
-0.5705994888295933
-6.242952159338484
-2.6580940074477524
-3.184060169416044
-3.1374671271206305
13.164470848540539
0.10942733856858892
6.206261783598735
-4.283996353023577
-1.92469587303294
-2.5385406825645878
5.393122638237649
-2.8446559172775188
4.390241131404604
-0.15488530393518857
9.685639664879899
-5.560086146158081
-0.8819192316831315
6.10307969018466
-2.384592752841739
0.4623578238505939
-1.6366650936396017
1.5759350201353497
4.695241091943843
1.6784283141115524
4.3728721888009385
-1.8635282709199656
2.7682196031014534
4.672817728131154
2.8623301938528956
-2.7397711412759587
2.209762490660332
-0.40614724444878625
-3.0055167503599796
-5.006112423652819
-2.887139419285816
2.8052931749328347
3.914569053149604
3.2438088840257038
1.457495183321964
2.2613608904404834
-0.9048315148107317
-3.210602749805952
4.312675042550079
2.887004864899591
7.079629784649839
-1.2797175612276854
