1.0033346600211455
-1.5528179726856615
4.0651407690116965
-2.8520684401897576
0.5805835032987441
1.8020399530804576
4.435398508656483
3.2802417749104578
-5.393146516450207
-2.027153806059138
-1.4571461729133204
-6.714538111401855
2.8338440677520333
-0.14897332247568817
-0.2342855413317782
-2.9437520117352736
-0.87550912051253
11.016728017124374
1.0774900861223915
4.322663654616755
1.004958249782267
-1.18594987414258
1.937505567185712
12.886926659478316
2.125275332731846
4.574708592776986
4.302509055106839
4.636673269354163
3.3139797424376614
-2.814079497132008
1.8065156665418822
-0.7195635769513419
-3.681181209667689
-5.177646966119305
-5.171355584271889
-2.1166269998764404
-1.2667768684016332
16.72619450676374
-4.672305884083731
0.26085925490534656
1.185766496155072
2.912687463127252
-2.4456074086572723
9.316756962600621
-2.362486082748444
7.139066434882826
-5.262751664680994
-1.0754208150059221
0.8989261334109644
0.1764232943021637
-1.8369781707947164
0.25859640935797235
1.7859778467685476
-1.5382592700298576
7.895280659076072
-3.280431767371896
2.403340683902606
5.187386351551391
3.1359590335041476
-0.12247285131265295
-0.6634110133497422
3.218880803803784
0.17767087204918586
2.5963155342011954
-2.338760933293424
0.39518175509139764
-2.1047650660071557
-2.7915096951390224
-4.656894386756637
-0.7000478633965885
4.268650445792261
1.933486268992373
0.566920788123666
1.280422577730691
1.5448212327906201
3.1514476478402695
-1.0651036838657961
0.7651124724432106
-2.9970670075717996
4.6657707283060965
0.13743855243082242
3.7923536611665805
1.8486666215045526
-2.3899110197873945
6.701032946844513
-1.4772187927911091
1.1345782324146318
-2.68008823355568
-1.9366579346324846
1.1100860269694763
5.9304474184629985
-2.4273548374325693
4.716673274099396
2.0646568261994354
5.765084327592474
2.661368206463922
1.150943826948017
4.867813238884316
-5.227240031889039
-2.7624519180063793
