5.14334948695387
4.372502409941589
3.500075740281225
-0.9564400599992862
-4.434650066764904
6.550353957947175
3.7143557966145053
-0.41532443292390914
3.3746768752594805
0.20096954985243792
-0.0558551008019026
0.11378176231122973
7.481076786513169
-1.6982965129869054
2.3586201651253003
3.8407971121327886
-5.090505412882563
3.541034802163394
4.690331657878136
2.1037731024517425
9.917706148640164
-3.966800218554949
1.829874923521615
2.259162660751476
3.772696706657237
-3.277358015499949
1.816890260647125
2.8911805363463334
3.1349958484078604
-3.7539921087941814
2.2152903766233
-2.319441353755076
-0.9628264975841825
1.7350379431968512
3.393449736712646
1.4915665295372746
4.085784267266152
-1.8255005617517082
-2.4737475187393496
4.630083272664525
1.4023241345987145
-0.34766683778174035
-2.9353028051505845
-4.510514707747763
-3.421998804245582
0.4922022975036163
-1.9518825603678027
1.9621052212306263
-1.3130204075105962
-0.8937717288851493
2.7666634811975452
1.6388867603665802
3.970557025456909
-0.16423063595115678
0.054070032701223375
-0.5618269231150307
4.292066768842557
-4.41108462700574
-4.546054371234711
6.077020528778204
-2.940886917878122
2.352940082138389
0.43988016015922676
-4.869399989054149
0.7138373881741755
-0.7318029853194585
8.745152171303594
1.1167807966955028
4.819573142127588
2.577427302534402
-3.0231611662580757
2.1719756247085664
-3.244333567499484
-2.2518467724745697
1.1211464991811422
3.394559034962733
2.6888902074196452
0.46375303759509384
2.2463385554385593
-4.789823195039376
-4.193691474427772
-5.033827764511473
3.1387847768580617
-0.8222001618248751
-6.051879965963218
2.8446550139141835
-3.1374875100681265
-3.3461183372481664
0.8938352411681427
2.28527451784925
-1.0875849760348977
1.8342691193739808
0.7519626173538235
2.744025361733124
0.26096403353007014
1.4183622764610924
-3.2232158442255496
4.6896649305219915
3.2874597046646596
-0.3553485732579499
