8.865178354777722
5.845844952512687
-1.0028013340504427
2.0347986378620866
0.5621729131832396
2.201767113468446
2.9653900566755707
4.290390760810968
2.03189187775141
-1.4244431885116002
0.5720479401930559
4.682064170668131
-3.2320186980252714
-0.4424945592707561
0.11653931325159565
4.382436359266535
4.84040781186687
-0.9556383439519985
1.5303131034096493
-3.6929139435929366
-5.008007647083238
-1.470100947739918
-1.9059465630761556
-2.4470306343570822
8.9177810975229
-3.2491184750296815
-2.3789268340308314
7.132820650049986
-3.8443989319430045
7.429183480447666
-6.18255541549816
-2.4904744960373413
3.4328492159327153
-0.8878408998292978
4.775358783222309
1.935386418827466
-2.3467162737016145
1.4397517848862553
2.2408336255446684
2.4180376766754748
2.00059813940217
3.254103317251271
-0.66482998987789
-0.1833958280137376
-0.5627671918428527
0.004421710695023437
4.024335860638029
5.484660256108855
0.2817617452204839
0.36901533654499347
-5.003675405657216
0.3021959526738969
8.362757958579895
2.130648553464683
1.1816704094827122
-1.2273919982859458
-2.4936233199752325
3.8685202792467352
-0.9543630100707863
0.8160467878533351
3.9166569281654455
-0.17405484392479487
-6.428995920113321
-0.24811087132920384
1.253874835458933
11.094424810757515
4.33585163010606
-2.990172224241162
-0.8169810847018218
2.81525697482326
0.3383622133710808
-2.401009878276721
7.038087787476534
0.383157631126281
-4.05828921510028
-1.5157359253382419
-3.2193570391500357
4.038538968826372
1.789480722165079
6.761177060824426
4.6238097844896355
0.38819564100245213
1.5085960162172167
3.050856628175497
-3.454029242073026
6.368872279043104
-8.277543996333069
-5.479825891386945
-0.4879965663379177
0.4267056513514283
-0.10090615440568348
-1.4763183941497897
-2.4128750008363506
2.2395947398069866
3.666078866445899
-2.241376813745221
7.29889073996568
-4.587496370127134
0.24280770368631235
3.2756787641859204
