-1.0234506887265205
-1.0049104988556394
0.6428637763806749
0.013936906878533589
1.711923596756003
-1.2138866369425976
8.612189523208983
-3.193343059709223
1.4179080814826786
1.3514136666080692
1.6153230070772406
1.3352808512263987
-1.671880295358775
6.465799860092219
-2.8141541257015117
-2.077945991204585
4.904547898948195
0.7591786016813697
0.6519222034492674
5.999336674990429
-0.5996806498096234
7.231871702388387
2.351119167964682
1.433968613730415
-0.8108588850725709
0.3516483475825668
-5.315053284711167
-1.4609874995437018
2.0351161482849998
-0.8230519751748204
0.30755859372901106
6.356225735488762
-3.5421658977374317
9.314334717486208
-1.061543386714961
-2.4043031794661105
-1.0278599369693229
7.070073737827139
4.0249019077916275
2.3174848516534867
1.0336646500267852
-1.3939206750851647
-3.1339183779941173
2.2633117455104586
1.7288707580605673
3.9429784771966085
0.8463088529470313
2.8450630831829007
2.1574714937028703
7.387515659805154
2.6076202882030115
5.447620814235573
-4.335794345412143
-3.7319906449151423
2.8714523386641595
9.784397184007652
1.5294105060845968
3.357294437783543
5.302408316703184
2.6493395374243174
-2.4943951074911093
0.23057216992466645
-1.0373165931619903
0.8334629201756962
4.732728784374357
-2.6028763825144545
4.4010424693448424
2.2882121637538786
-0.5901531122622574
0.6637111930748025
-4.511805252145646
7.4165581786781285
1.0970957557729815
-4.2147721512826095
0.2573923521665282
13.558216855930095
3.227019466728228
-0.7306493109077565
4.722486307989318
4.484424244354485
2.415435804000858
0.5847705906234179
3.223715852742941
1.2308263189479038
1.6964264909870963
-4.515679580401705
0.18577074605188867
-1.6668435015512877
3.758847303880568
0.050154008985880474
1.309517455624848
6.766303359116284
0.20884358594736538
-5.075145510659594
2.1198772062025073
-3.9923808582400424
-1.6836559244013916
4.6067804107381125
-1.117716905804499
2.285134154611984
