3.51209323882431
-0.20466553583743224
-6.392432522839606
-2.0007777585283786
2.8823665669344463
3.6874725904587624
-3.993458077943977
3.750509840427463
-8.53297200589573
5.531081910577727
1.4187967850876526
-1.5401830001916177
-2.1813921659585955
1.3993309444678148
3.3719407178388687
3.563191853291786
14.213012048568789
2.5216347163729975
-4.7041960006964185
4.692129439153853
-5.393443665247716
-3.426482529611116
0.6206279051923456
4.102424669862276
-5.483464174024469
0.3914689655165208
3.5039093705255353
9.034587673129469
2.2041647341825694
-0.8634637809871244
5.017896113937092
5.601534361004114
3.4722616578638443
-0.6604391776392822
3.1524599617926743
-4.5448799331602014
3.0211210069604175
2.9277416906348153
1.2893273361720174
0.6750999917154028
4.267693404754356
2.7540154806390933
-3.45343531017648
0.02262630800784158
5.86245211244412
-2.6591023840349988
-2.4690396516181146
-0.19803593364644734
-3.5384231317734014
-1.9941414893924794
1.877983093526149
9.240480387503894
2.9317127364682927
-1.9250199682245333
-2.260789834831648
11.31376058633009
5.735377958803134
-2.8247386428303534
0.6758209490309691
3.8168325642946135
-3.8411724494433193
-0.782073346840103
3.712616372819574
10.56072859356311
6.629607993878815
-1.7825246848944922
-0.3020929626944149
0.29543332453308135
11.179090845961916
-3.3508077724252683
-4.070407615585412
6.350915461520614
-9.88862968060736
-0.5932832561776665
-1.6239682513470604
-5.232501071330651
-0.7700030445780568
-0.4843795226713797
-1.2179727699065914
-3.337203001174958
-0.2962841231907665
-4.168343011985286
2.4087825788312305
11.246944018465204
-0.9401504511699991
1.4218323221434188
1.4832355300211177
4.454402426523439
3.1026260262223753
-2.161250162776981
2.845278322483333
-3.0529685356500154
-0.7685437401684534
0.9905839146622586
-1.73449517196133
-0.46955410401643577
3.445386219910402
-0.6181900646630427
-4.546746410351381
1.158275998781626
