12.012300714790314
1.244025259019549
-2.437646503285397
5.443708373588677
3.4003723279328186
-5.015211417163162
2.052990542315783
9.995381401497497
3.2569978382514195
2.5327189929563154
7.385582563884741
-1.5493856853196166
-1.909780207725572
-3.477300075051625
7.567420782028014
1.0289495752059121
2.201769952171694
-3.3915849804315688
6.8275353100558736
3.2522732821514473
4.159977753072021
-0.33196780742643206
-5.672794938411634
3.4115575410938144
-1.1985174530685312
-0.09361682193420777
-1.170319891005745
3.3521246584392217
-7.588050896146213
-6.554304141841731
-1.07464025804134
2.5481993806997187
10.738055127474153
-6.01540736841125
-1.9696904303949383
-3.105165462038154
-3.4452415291211267
1.2891570130495933
-1.143501851319677
8.479742478830133
1.4787461682007985
3.727884671121691
3.6654367572771913
1.1887781353603306
0.7659245078012922
-7.719921960440505
0.2657731225601592
-5.538798600759576
1.5825729110002786
0.8930139406772442
-3.301538849854489
3.508076028983626
2.6510265091284695
-6.568402950384668
-2.428826612577019
6.983841542687945
-3.967445506965004
-0.23709473386918267
-3.8000057622782473
3.2459753219915375
-4.803783228271328
1.3960776215501134
-1.894762408467035
-5.757814133896188
-3.9042692811927733
-0.44165624373719037
-0.051635889959181294
6.857083297281267
6.057877470874954
4.685184332199551
6.574099554129388
-1.154784392509757
1.241185620001784
8.06459609275546
4.148722141471898
2.870884190491871
8.13451308308494
3.2529829623817386
3.3408293268182794
1.7635871650318498
1.7714483267259131
-2.5537922391568966
4.38665184190041
6.4280788581188535
1.407704660786601
2.0663656423805397
-0.3189988710400223
1.1730120403575466
0.5767300961572748
0.23475027983943866
-0.5978207768282549
-2.4048980091845333
-3.9563672156923126
-1.0021595683885365
-4.047305394149773
0.9608020178979915
2.4796842447968044
-3.0717942215220373
13.430481952558454
1.5691383327429826
