-2.1605230745491104
3.669629815364068
11.55013043614673
1.3300926318611923
2.8152245297674643
5.919315075619441
-3.0799504778943074
-1.6692320242159717
5.596347692543758
-0.7299671629847604
0.42757136660701633
4.9861465940549206
-2.0729286553317854
7.569867092698355
2.4681389763051866
1.1449470413121383
4.629888115308383
1.3553704269948974
1.038602698526764
5.652142694753939
6.50940906319349
7.155878682194004
1.6023915373884603
1.6672737844226806
1.6990786303863437
5.27954817805954
-0.0693454084467658
7.614650298764996
0.8668890675554923
8.560722469520133
-3.7504073575454226
1.3477480234668908
-0.7812484622469603
5.008017269305595
-1.1487028382596636
1.5205734873783192
3.186661561286462
0.48105385641366455
-3.106409028229991
0.9032422630193622
1.8447107210646874
-0.6220284284423129
-0.7639934757778029
4.2530071639703735
0.14277836235447436
-2.8689742554483377
-1.6022326473196635
2.5407487748858086
1.5652270628602771
-0.25286710020861847
0.013077271774659664
-3.0252640671160282
4.248064366350417
-1.372004922078097
-0.05317040019360234
-0.9035106173373717
0.13273922287297601
0.5674036632081879
0.2163796582368216
3.0511325608310904
12.700101757430136
-4.9957008650291455
2.021837017632217
-2.1157217019947567
-0.5031246466988595
-6.858886461805138
-1.33966418150573
-3.0925589958063986
2.563043304385343
1.7075411321269693
-0.061893668667483845
0.43554420451523634
4.580780966723134
6.647058656313606
3.756378188404204
13.789805977235579
-4.5391976406218495
-2.436927321867933
6.525838691276197
-0.5482127013884073
-2.6023351360644416
1.942275056476138
-0.2828696271532755
-2.175647645969689
-2.257245158727073
5.720300672250309
6.180888146256265
0.150561535952611
5.637526631854589
-6.631838611285445
0.7781463834881066
0.48387086299217663
1.123065770932091
-0.1862737561540425
-1.5443573850796288
3.7148240943645296
2.326487139099952
1.8308637513979007
0.11346343668975342
-0.4640423995872845
