-4.147968307609395
-3.9820912264515442
-0.6842916234767568
3.535521562615539
2.0020276321183856
4.453008357803488
0.4414873052083399
1.469885294622558
-3.4803313762441546
1.5259027372269303
-6.525598148795401
-1.599021402617953
3.0129231424076734
6.688624870914323
2.5298259987877496
-2.146026350285199
-4.7370198488731035
1.9568739094271974
3.541265490592394
9.047937993025172
-1.5778769573236175
-1.26712215001128
-4.726617684379968
0.24164785395782898
3.734729627248055
6.213929939192312
2.6887205579664073
0.6342143348171452
0.2507349678826664
2.9056639016828667
-0.5884192188548915
5.969587254787101
-0.48396652699759163
0.9009601670414802
-0.6018576110888347
-0.715720658872097
0.9663637841308389
1.5349231425474679
-0.9206569693296984
-1.2563663998897072
-1.1152587106473182
-4.8605265393506425
-3.714753590601112
11.548522660018593
5.098257225051596
-1.3042575392940634
-2.0764723185529017
-2.0666666147308312
6.394563383468602
9.27693148676579
0.11530669522060992
3.115334309185591
1.6932465552946547
8.049399227263851
-2.219674772428252
9.615763980054354
1.1915920453197246
0.5270938843509086
15.20920005252458
2.065417885054582
1.9573506983206717
5.068915279447452
-6.601171530889328
4.712408827385957
-2.7170883612349077
-2.7148205927679063
9.806790166802589
-0.5644086462185993
12.636968689364679
7.352800774100222
-2.4914866795621067
0.904443017521335
1.691648048708834
5.677794486543991
6.688240280786032
0.7084116353872045
2.711701406675026
2.1775193585650814
-0.05185748637981138
3.5076594034968167
-0.2313680661082435
3.4445998838441545
9.190247536920257
-2.8765786491128216
5.560146551879131
3.3355831250966146
9.112375983221627
0.1041342525216022
0.9032096790952168
3.0661269027127456
2.8632788719923274
2.643315157531473
3.7339728929371825
2.88966329012082
16.216478571331397
-6.4521220305095195
0.40364624153830675
8.25766317345473
-3.990058906647068
2.513782938124335
