5.00044773778162
9.248751782828354
2.237019520017103
0.6231391693202122
-3.6846355310747536
3.2609735019509314
0.966420087112047
5.48524825672969
-2.3805297822940235
1.8225868162679584
-0.30250457565500044
1.265171860897309
-1.7445578723017134
3.3821436172267356
-1.5681800306617515
-6.398293535716872
3.295116585505477
1.9177927694786114
0.5888746970415014
3.33149234945241
6.968095761785681
-6.411467015589575
4.805001964518889
-3.6089129610351494
0.4951942970080997
-0.10609799012273702
-1.2420197646179796
0.6329373429229113
0.019555205084913724
5.722816398167339
-0.4576406626200325
0.9639313758945129
-2.4984790503001464
4.737897430474619
4.715346049137805
1.5464010278543463
0.630551666487328
-5.900685435749424
2.2463080663768125
2.1079246699070646
8.741326296532915
3.7068483771991776
1.8223301853839526
3.7086057007356477
-1.1851676845940946
-2.9778686019569722
-4.5171259906925405
7.03909333586525
3.865583148219618
-3.3795572445964366
-1.0723931523171168
2.9607110194926545
-0.3702929855634887
-2.0513018553767752
3.0436921776322636
-0.9988574131537888
-2.2736776912994667
5.945838230842318
-1.0234956848242063
8.895547328117416
2.201439787203058
-2.4428502031334296
4.331600504990467
-2.5502497204094956
1.2283569528014926
0.2613471575418988
1.2748716482773803
4.263427465081794
4.620526350014724
1.2000399322655149
-7.052087251528233
2.5508009320603584
6.480767609047291
7.826705540025354
0.3221587065778356
-1.7269156955558076
4.724540228147383
5.14417741577788
-0.26150037580561764
-0.3744088207927614
4.341946914337184
0.5271092471311787
4.468592981873444
7.216092913034106
-5.7777693306678035
-0.5387783180650992
3.298984376476915
4.0757833940121095
-0.4280219885141847
-1.8585665048219187
1.8648676797547923
-3.6843349054963266
1.7662466442442395
-3.9529909884191334
12.625202545278007
-2.0394923652933006
0.8540474485420362
1.6000005624039435
-0.1890342479099052
3.5242942710449956
