3.776764369446112
-6.191907645149753
-0.7324341690969403
6.20741553197457
3.804256479396072
5.587945070841814
0.0844729006506806
1.977197698028157
7.093373225809062
1.4756011743475084
0.01198631401952998
0.3409176123419256
1.0737193677341
6.598195753712687
-5.409391242891532
-1.550537988730805
1.3941490769469502
2.8336731628922514
3.4212208951440406
0.1953096540443135
0.37042879197373807
1.4541564066473955
10.320138481539868
6.610685455321958
3.4879864045917364
1.4984814596986622
2.7166331729956315
-8.466878701915434
3.2485853854207356
-0.3039098999224974
1.2205739393796753
1.7502320143041206
1.916679701901714
-0.11715201469834818
-4.488617151920977
-0.05213558111275998
-4.991863459205432
2.7174103963122294
0.4082674024569738
3.1304338047715508
-1.3552220877214622
5.646249084020312
7.770811457732844
-4.506312870593047
1.0606185411471094
6.113373721768456
5.488455093529112
6.172216422292437
4.813919523605909
-0.309026125256215
3.504386987328054
-1.8775293425584016
0.6962675117681755
-1.039554010885479
-0.03693164523002941
3.185460182412082
-0.8640654795150462
2.7583921391731145
-3.3523573700980673
10.000282122794603
0.5672293507456028
0.22820780958128842
-2.1078862215966643
0.39356352605573325
3.682724744286511
-2.408409728441409
-0.8239238951734578
0.19668118759069914
0.3737445114387724
-3.4285835721327955
6.121938741124856
3.512213766039023
6.06416221042306
-1.0291106993233032
6.470716823916462
-1.3971204224266598
-1.7696405693723964
-0.6563323650686756
-2.9444612270878334
-2.634644674348295
2.4283339779878728
-5.6598434631220655
-2.4581873756786714
1.9625991858957463
-2.72834533912097
7.510761119344541
-4.598259480637799
0.30269152786529574
0.5065826948930956
4.1954360010770255
7.55038049845484
7.094696619498647
0.8458189006337379
-4.0233822698745
0.01480555466234388
0.16708026213895974
-3.50708491159103
2.7672173599836265
0.43060159152984046
12.790874927946511
