-0.03919792771493687
-0.2589512851797533
1.4008366033144481
-1.7733088399132275
-3.4640366945140517
13.689951952545627
1.6956421906097479
-1.4041864935583066
5.644375320788367
-1.9873234327510079
1.0710846274164656
3.725861224789425
3.0153992941096774
6.821160188538798
6.922543631540359
-3.752623626429786
2.317959275138109
-0.1117448389240118
2.2227036927366544
1.493826176777366
-3.2393884642929605
2.2869239412814357
-2.8550431478718297
-2.357911881473929
2.424709121964518
-1.4246728690901365
-3.2840806455435017
-3.9757487503591156
-2.2158928313359123
-1.0760900490287675
-0.3256103382796337
5.803636736563181
2.3095886582828054
-1.8151419914888953
1.267407180378697
-0.5281428437383309
-1.7661778308750509
-2.001365518902152
12.36559188884143
-3.9731778919148835
1.6913875886595688
-3.544226568661515
6.500794355859263
-2.091729328590842
0.34328921185409067
-3.797127784457653
1.6244675781569988
-2.0115885075978803
-0.7672891945144382
1.6037587572163554
1.7921155262755304
-3.355831257876824
-2.0802261656189542
-4.617285047161954
-1.5751121472350382
0.5544365976577081
0.7470079734751752
5.531404447517062
-0.4851085216637976
-3.2486664562886434
1.1225329211614723
3.168032013053029
1.525049628943698
2.166944542434248
5.36435296397887
4.755344615378328
6.978569829641309
0.6054608403374837
-1.9109669544856343
0.995969194594171
2.270664927273334
-0.451121091018185
-2.838796472080542
2.1626115421441705
1.3616109972278572
-2.926230283782403
-0.9076053030482548
1.606036824451452
13.113803162251811
0.46383530569457393
-2.0602321826003593
-4.992679299505214
-5.7601539309421765
1.9880299688318828
-4.626144141897403
1.158447057498082
4.324208243470174
3.0964573941871816
-0.6935807403262851
2.3193251476075813
-3.3008771813284272
14.429007811854664
8.1859412998075
11.494019310863568
-0.3682136276053508
4.420431554064185
3.4407109923020265
0.46944840838104546
-4.188798669454579
2.6615569261500984
