0.3293384082337954
3.314255147705091
3.723438112911726
4.775232135845977
-4.673933464455206
4.854120618932031
3.3575097304695354
-2.960591474521363
3.015412070687842
12.923344369731986
-2.083787223288261
1.7959036586253052
-1.2101119346090103
4.401996250418657
0.011721942133616076
15.147310527195973
-3.755677765493557
-1.131099357263376
3.4170658172556845
-4.87141928188403
-1.1629557879147594
-3.830117655682824
4.729523242456023
5.992462963692001
3.5841415946369564
1.5380861339113951
1.6227051295705854
11.217507689189063
-2.825112935695106
-2.3790595705900337
0.9860143886301878
-9.440876908997696
0.7083012549128491
3.5032567016046414
-2.6885839372287204
-1.2505080496736154
2.480337867163356
-4.1928003547959
-1.1111807589884553
3.400960817092589
0.3259481602317566
4.393069696394536
4.117707840258268
-0.6394533508327755
1.9755365417686799
0.3004878353189298
-0.6935047170318835
2.593029267973458
-0.3882975963380577
-0.7250267265887174
-1.0339284233513415
0.6747974968830109
1.1724604128572345
7.833263835189646
0.929327110655709
0.8640838583240023
-4.009302438177482
-0.24222456310908191
9.763462264863135
-5.848758280317773
-2.3012543681106896
1.6876074824273535
10.396648747419425
3.6383663888074005
1.088857413441315
-2.363022500261441
1.4115571309819042
0.1662985541733197
3.8810058731688084
-0.39503538473252103
4.901069389455969
-0.7703617677543313
-1.9980225794480746
-5.801319462806415
-7.541615078190967
-2.1040872167656057
0.09372056040296006
-4.689390286796652
3.602502131657931
4.543810638316774
0.3421214406077079
2.9085845856010986
0.10277940320293846
2.7661174047597648
-5.755058735843418
-0.43307148210700375
-1.37494186964319
-7.595490400442145
1.978468035743535
-1.3009313764074517
-5.583271602510621
-0.2817986856160179
-2.4054682245684704
-4.737941267070308
-3.4751263928908345
4.780440666368563
5.276116225948552
6.672781784461823
-2.4027227699136877
2.661031262891801
