0.49993283664588645
-4.156013732530794
4.312553702670554
3.1463335033862103
-1.943073096541269
6.210815782536065
0.6011258683188592
-2.442823443492609
-4.492300364241036
-2.220002377363315
1.7929528706668867
-2.2751283023008027
-5.789339490868967
-1.6416976274756594
-1.087546183002869
-0.678097829339114
-1.6428822650264052
1.807581817078364
1.5721302359212803
-1.826113857270225
4.315360070212704
1.580811106184104
-0.13984162671866282
3.8483385097591913
-1.1692389999445316
3.307891595029303
3.1097799532578208
-0.8181083803149356
2.324424241247579
1.4077736949774804
7.527716490189699
1.873660987560935
5.048840285658235
6.637256582529727
2.533740804236209
-3.8639947747777814
3.5407403495396457
-0.1581712931508618
2.435817072449547
-0.7703087091852737
8.953178229433892
-1.595437291001189
2.1359549050544144
2.2338224445551065
11.855187576359377
1.0496359229579035
0.10720248781377745
-2.7836983955715286
-1.07482390163779
-0.03290584282356635
1.765991897779173
-0.3303946585464037
-1.258910064275495
3.5268820966081296
3.4922729025475316
-5.479655771034402
-0.3875805164875281
9.18045929789481
3.4321806308773573
-3.3000648347737744
3.6496720388916444
4.921178272152247
4.498868207305254
-0.41665604114954113
0.578209679078841
1.528007808645321
0.5610242152621797
-2.721260198449201
2.49290823780631
0.08432166318761601
1.5145261537904622
8.079482806513008
3.2234263901510074
6.2530950313715294
1.5211544083437434
-3.5000980760380074
2.078719535087144
-2.6549806196545984
1.6754453107106224
-9.074631593883444
-0.8894807863586061
-5.846745757558097
-1.0650059701759786
0.7756202109512227
-1.6120384855649572
-0.9992010450062141
-2.03026941651902
-4.235079684827679
2.5969387954882333
2.4149235747825033
-2.4272002519303317
1.574900007797662
5.719716393366016
0.06473147646428379
-0.5672812559145779
2.269504960708099
-1.7166825565399824
-0.5665173524383477
6.061699791264401
7.752168431050099
