-3.7510314230217388
-1.997425126933111
7.223992627213461
4.206268529718217
-1.3949799298884713
-0.5741923354247804
-0.6666082629320256
1.5063426434415352
0.024167930357021104
-0.9658777799681018
0.5908151028465141
-2.5791528990360217
-1.5470140209831218
-0.17866535700229053
2.909554675373381
2.7489474690336513
2.5368465057304475
-3.6370057480672613
6.441661598527102
1.4304686953800507
8.731041570314918
-2.403319726801567
2.670581958471306
4.613042401374612
3.929236695333681
4.80516805883599
1.5380046562953433
-4.672836535105212
1.900481374978841
11.921644305394913
0.2883591157815837
0.982393206571748
1.2546755181007918
0.6094435207979266
-5.080810861529838
0.9417571146372992
0.6651400147737402
-1.10565944855896
2.362600810781868
4.416121898674844
1.3174498499625926
0.834489192154181
6.218493127849955
8.056071457545348
-3.2081070906814846
3.074484879261535
0.2769967245724363
0.3560951961796639
1.0506915720791574
4.421022072805677
-0.8685494667859693
3.3148031964692004
-2.00672603965407
0.5462944204969459
0.031717974971521457
0.2190932771861037
0.7852512404886633
6.035108444700349
7.347382725914204
1.1367442027212098
4.76773202055759
-0.7416908212122718
-4.89087880819167
1.414795592772134
3.2370465666040418
0.13323692000813736
-4.546937322372337
2.378681517808899
0.27679950909323064
-2.8749417045068695
-0.22255504993286246
-3.777182029056074
11.024033365024962
-0.2292859769387248
7.837413113253493
-1.1037611764385067
-1.9933862804436555
-2.1107119074956744
-2.7209629642777085
0.04820208091419585
-0.8963440378583802
-0.48368146652769534
-0.3259012727426023
4.169816073665956
4.672094818637445
-5.160838527291299
0.27154437984297053
9.473882076685165
-4.301194405132076
2.350146679671983
1.169364844422279
4.798322011216231
-0.6878648176682178
1.122194033196058
-0.1042191304147766
-2.367912239769657
2.1946140257664415
4.157686991506492
-0.5829357719849089
-3.90042815145814
