-1.0621431662027194
-4.123780316442354
2.1501741850484923
5.3037879739062515
0.8649154282110512
10.555590154674778
3.1839273435570123
5.603457623910616
2.5194630329379017
0.42324042594193756
3.4038540882950743
-1.9538603243977613
-0.2443312395059937
2.2515369187292404
2.3418681460049493
-3.178280184554177
3.3249537453424534
-2.243509801778964
-1.1376609460017857
2.0404768228024697
-0.008605182189444973
0.19085688882470236
-2.0218097333458402
-1.4993165392856862
-7.157632700251747
2.9706955031599347
1.530611471153779
1.7978480777628267
3.1243079396735567
3.930517191409392
-3.1071862470668927
-0.720795325766474
4.243432454205071
-1.4501748619532104
5.524990139357397
-3.2819766673381787
2.010246087628859
-2.9176957947045414
4.068877692598363
8.911606834672895
-2.4444331499896674
-3.895792702408367
1.088738265089717
3.8305290538309613
-4.605726363593645
1.2704256657055064
-8.804572980423718
-4.311128032809728
-0.7397389094649027
-2.9980125642616633
-3.544909903494071
6.705160369403992
-6.551924907390489
0.8574901821095573
0.8988289035788529
-1.6556529051278819
15.734877448720333
9.767297778457705
2.1115737188378763
-5.257234023596681
-0.6850890811611036
2.3777588167681047
-5.678217768676777
1.4156673837051232
-2.070235707823945
-1.1560791045976826
8.644049852919075
-3.3198106708999844
0.04900260536855602
-3.092137576212929
-5.676174592595418
2.6318578446455927
9.449562720386602
-0.7380326311502792
1.157092658925611
-1.62597791515226
-1.4697577348372877
0.7012110478974742
-0.9198962571875338
3.546117378246607
9.81624422928407
-3.4401119510073186
4.854131938941024
-4.642031512650238
14.146804752206744
0.7375451614198297
5.78421687241259
0.1711455424287135
0.03493984373887047
4.366675481141709
-0.8274344952241752
1.3136579249633058
0.2353627249380435
0.9844005136719542
-4.819834105382219
-3.238842721883346
-0.34034451178835884
-1.0820145726161783
9.979224084701531
-0.7042552609209767
