-3.415172215081912
-0.09477364528651352
2.9047755088627403
0.7106522708202506
0.10032812437713909
-3.4631693588099637
-4.450071847866363
-1.5424276549610196
-1.8854457059345306
1.1998261676396713
-2.604899602357878
1.5899782511899805
-4.535568646104914
1.3598634101512672
-1.973285382018272
2.35630909332363
1.714664868666481
2.930820135040717
-5.229186772389989
1.0545999607590844
-1.6776788046364284
3.9676174833996978
0.020437584272363092
-0.7946365001702698
5.262774515587994
-0.033504732813442684
1.041245524093979
12.618728346173185
-3.757334894183077
1.1182096113488824
0.8506873464451568
5.896831114894827
-0.7446917470047555
-3.7765102981869156
-0.46037812359566455
5.340972553743563
-3.6471965259425856
17.22602283387539
0.14575674630989413
-0.2834212393946839
-3.3299281694706044
-0.6684660980210464
-0.2713823389045941
4.09416433118437
5.824239761086178
-1.5140870783477642
-3.2660227976999554
-2.0726695298892848
-0.7132147242636757
7.227528888032228
-1.671972395037323
1.1044444760797794
7.560510294108521
2.3745245989960813
2.2155051967890667
-4.409056264527976
-1.7659246651808873
6.507542004657348
1.6551851668275752
-4.339106326898964
4.727606229480389
-1.2798398985760957
1.2529315959427676
0.3095308039087462
-0.3517400706267853
-2.4663392253229555
2.013763502690546
3.3423919469653356
-0.07837659712332119
4.015740949679896
-0.1744785980685685
-1.6806984039768267
0.39791964324077445
5.063008769511608
0.7350228676755564
-0.25664456387915097
2.4453529168230643
-1.563997873845047
4.15211696564702
2.069715644118138
-1.5647274097425639
6.125961855100998
3.8710744748092156
4.585821654565043
5.168071220110511
1.9437177444370315
-2.2428322049976654
1.4563369276729274
1.747692742103449
3.7957973393168976
6.461866667956045
0.5733574208508021
2.5594270619490493
-2.160750791461778
3.0527346456679854
-0.6298309291103381
5.379525876445193
1.0255335508933596
4.192098074032495
0.6314568873009665
