1.8334969054302923
-4.4147781928506635
3.805934140825471
-3.0073569969771956
-5.538811785197173
-3.551586781427163
4.397234815196665
0.8437141800050582
-2.2783938952398266
2.2359390077398387
-6.003033696861326
2.9798367267272323
2.6917035393953905
-1.871632358184864
-5.190465286520018
0.11770299183583235
0.4505028046339544
2.2637731043808453
0.9085859726914329
3.3624285795647717
9.105651713076062
0.20662346504884221
-7.8758091265006565
4.802581030112783
-0.8297176032058211
-3.2964289309812225
14.066118317238839
8.675519314355974
-1.5040970699392255
2.9527015429152437
2.1704717887549787
0.6725184969510293
10.085565305555136
-1.1255029002304666
-0.2629785592479343
0.9380869760277997
2.4372699145993963
-3.2362129689032866
-3.324359780797278
12.165173528653167
3.9375674251230626
-1.3875638535903858
1.508641539028058
0.8833850097230853
-2.5219746793385793
6.7415464717663465
0.4380124740161626
10.19316712724947
-0.8928332166581592
-0.47185645964854395
0.1373087690154749
-4.888333750080189
1.0167379101043315
-2.39026490743693
10.779591395351405
2.8460938650625907
-1.9547612416126843
0.699273301626544
0.908837444811974
2.6265671404640747
0.9355938647774014
3.7665048600921796
-0.5837183445156294
-4.4514141695504446
-0.005079523872500219
-3.2240390427990615
1.9299792781104155
-1.7865308573915744
3.891522701693355
1.8499501014879538
-2.1133780822685977
-1.4513204773201576
4.105002053443153
7.827774815742212
-0.18286749841717378
0.37137473121215514
1.8621528247910093
-5.313790335691383
-0.38635305609803394
-3.2713477064930054
7.036350048678115
-1.9806362864645988
0.8560494531739238
4.9091920780566705
-0.8873909571544335
0.0887176516914927
2.8132905461226665
-3.079875755655857
-2.681587939415584
-7.447738412998778
2.543151393272118
-0.5052752423930597
-5.177494209887437
13.552195892331444
-0.5034234482539116
-0.8596193524257255
4.977850498848612
1.5020131836365762
9.441144198154214
-1.7820583338340048
