0.9785734758909064
-1.3789961297852604
-0.5372410961076522
1.1616628318447937
0.11217753040088317
8.608243269548083
0.4381301455346104
2.5878202953933123
-2.957485674196211
-3.7871947432155997
-2.299734950858954
0.9891526051225086
5.840529213653932
1.0537908767723074
0.7265566988891694
-3.8498870394988023
1.8711656016888667
0.7649290151439498
3.040101857674742
7.716634703458423
2.2347690825700637
10.782355961116927
5.069954762241891
4.768606757959754
-4.1814556843940505
0.9238112996154132
9.232989221071398
2.2515954393681756
3.2345807868190484
-2.787360539776148
-1.1844953065497517
-0.25581376138871703
-0.9671092155906771
7.3925953572343595
7.556922035593631
-0.9863542408871702
-3.8935086064898634
-1.1698085422976678
-0.8174935697354533
-0.611077181932092
1.928100923199856
10.113985254180385
-1.0979183369699028
2.164499470814769
9.812380206600444
-1.3934989159857614
3.5546955239984346
-3.496365839099659
-0.9910028832536723
0.3821716964392662
-1.8427643377205865
-2.5979096618100717
0.2749267412147285
1.1830805195905396
-3.667693564235522
0.49042898716284417
2.7479598221290367
0.20439535597809466
2.05633051030137
-1.2257762199934032
1.1641921387068495
0.32712222689573267
0.4458746469042186
-2.8854055240191556
-2.8984827793857484
0.14854889804582963
1.9513772513824574
-1.1936259116471137
1.3620074407257254
-1.5902339605359863
6.336776330580523
1.6980921676106084
0.566363517745202
-0.6090382429944609
5.51370959888404
7.874794904609868
-4.840011139210901
2.2758480289309873
-7.178226920639327
-0.005056424474607376
-0.28218578377082615
2.4039749758404354
-5.530742987315122
0.4734430230328163
1.4674407240676046
-1.4190982536363204
4.548578310906279
8.953115859020077
0.043055961601789386
9.275465209956248
-1.8617393091694505
-2.714249045377108
-4.716854483939148
-1.5867367852739083
-3.4513386189214996
0.9618350708828722
0.6324681807345113
2.301543685276194
3.6780264439044794
-2.8226579216933376
