0.8087212140673301
-4.650886410110967
-4.016383144061067
-2.7652048134044014
0.8480890989753329
0.301371183928133
-3.537064235654632
0.351187055290499
1.7426798445913139
2.6060478398588285
10.876043717853142
-0.5395204932727682
5.999533266781615
9.769520966146292
-3.4622328631582824
-5.071060391102762
-2.241702616554446
0.8664063029490815
-4.215337577920834
5.193233062598327
1.2092586687659557
0.17932884638316093
-0.8514900111557198
0.8288775840512752
1.7464384406347113
1.9778787031543823
0.459120099775573
0.7226221737859391
7.959325909386385
5.030688747428789
0.6114328795538415
2.59393934881891
-3.4981537291683873
-1.8021519523665424
4.530645940762296
0.927911445539942
2.365646741670366
3.7508389821078385
5.789734652936476
8.263605833791862
1.3707400421372484
3.5251465639501136
-1.2390268541497134
-6.557611145771927
0.9535997172463044
1.8645184051993602
-4.544493203714714
3.2869223198964455
3.3837610882949423
5.710762467064399
11.655005482286501
9.608722288677292
-0.588564970915775
-6.257635048195051
0.5652037988541287
-2.559733610294217
-2.909878934544337
-1.166828785462628
0.778887631606755
1.6545973814860453
11.316274171994856
2.747009282193818
-0.4890527256389996
2.0439366788321327
4.9342871773848485
1.2088278611088128
5.426944951629775
0.402349495373581
-1.3154291077351898
5.63253987514701
3.460585331747521
0.9426169489807753
-1.327170224352868
-0.9168737861185023
-3.4861853239556866
9.663230414865453
0.47897829968764594
2.196835127468432
-4.424890536932989
-1.2568542836185461
2.052748623276184
7.7477959098656
7.097654670347033
-7.191534974721865
-3.6061184377553026
5.679170876182814
1.8869505573334835
2.876720589345963
-3.070485303799477
-2.593433187588215
-3.0143402628779574
1.2223402420065654
-1.5889218337473365
-2.381900251087292
-1.4084941419663408
-0.059864216754526425
4.679965332863401
-3.7808229216794853
0.9101522903165438
6.07279251754967
