-2.2675860844494995
-0.09809621532495916
-2.090352002709103
-0.2779990690019137
-0.9694957057790292
1.7269685937216976
-2.170579651980698
1.0237595985233374
3.219913512005187
3.6256434431614752
6.382630389615944
6.727137679231206
0.6214027813256738
4.111131939037518
1.309828068474031
3.8909904397324597
-1.1214774187623686
7.893392191368416
2.920536153746097
4.422238019608013
1.4531193501513142
0.2090840004260201
1.6254496079821092
1.7427706573998882
-5.741329047032472
1.6804894730880076
0.8027957593523063
-1.9454329666832841
5.875873662957218
2.084226380902802
1.4979413681921057
-3.025552239201107
3.3203055630734313
-1.174826354478887
3.8394333824368347
-1.5437236856731604
0.0636945315548094
-2.6391723583033055
0.2652635280462748
-1.7075506836613157
-0.43540452800980467
6.699526980795252
-0.34426657149383155
4.203315024869256
1.665478250648372
-0.9852918929330193
3.6760563032995845
1.8404578201915016
0.7205263726287285
10.639969362666122
-0.2553392828720073
9.443453611802102
-0.8136382889412236
-0.601825460144563
1.5412248283585945
-1.2903605374110338
-3.722625291243311
-1.797894527585036
-1.1677351181093534
7.039106131970951
-4.863810723755886
-0.454579551502552
-1.7713940838627853
2.513580426830633
-3.920855250063137
-0.5602063444571559
-2.820917009870768
-1.3003534159384023
0.6241434866566656
2.668046577073179
-4.5560466186259445
4.532109632674118
-6.652832420452648
-4.0507742164086
-2.1729209472564803
-4.571967893083526
0.9872631026791372
-0.5651737463571969
-1.9551842529024928
4.290378407422066
-2.3752060419285272
-0.22491476819399198
-2.255390992781919
3.0103647718356976
2.8699310014901616
-5.3594649963833625
7.0664863702452045
6.683869366784435
2.054637410709954
7.877293346332932
8.460797085145348
-1.7628340784977228
1.553686080994701
0.14915956880863077
0.5541435512094235
2.3121457794376834
2.9899816674334776
-1.8361493649370662
-3.162851619380756
1.8370725543491915
