-0.22074801988726647
1.907762401839339
1.063692104320484
3.789078856380538
-6.526988536798886
4.2184012169345895
-2.1449930100075267
1.6334226257068711
-2.878329532982192
1.5579247337656388
3.6525908579327178
-2.74056385644841
8.156027770200355
-0.3320120739320572
-2.8574920377173987
1.350916897650986
2.228498167282714
-1.7065395372743777
0.07135707459878263
0.02304441796877036
5.063248424182217
-4.7384764353341975
-3.050638015809351
1.3808144146931665
3.706572871321936
6.150640436411893
4.906706821201924
-2.0451220118100215
-0.579410856746883
10.113246637584432
0.5446677044563325
0.6249316793981801
0.6072405250060344
3.2095228717864375
3.62987102981447
2.9159001469667722
4.927075027322971
-1.0301973207403279
-0.9700342797034359
1.8083676409217784
1.3802198898007676
2.1697893049180945
7.645508852865161
0.5435686598760401
-5.9019281256404605
1.4412649416543815
5.331712473015818
2.399183260263339
0.7644530948789342
8.65099577381565
0.7208112845416413
-1.6576098146346503
-3.2876016662698513
10.19742772117086
0.3350107682915673
3.8567545417132485
-3.6735903988494125
2.831433367311836
3.9591710279545183
-2.7888237955266133
0.8035056380944343
1.14736417073489
-2.9864944331142937
2.7669975983518382
-1.426886693780199
-5.038638610049788
-1.92398347038533
13.351167799877176
-1.2137460237356383
3.119278578026326
6.4968242557483435
0.575313194860945
5.11999879129991
0.024712465611860253
-3.8166603950479914
1.0770616233674193
5.228406543196058
2.8612082268502603
3.6769465697658292
1.3765767846972978
-2.9127447201026273
-2.9683128913431114
3.0620789927081074
11.522388077575732
-3.7608524591638846
1.1956516194095261
3.971964372259475
3.593920679212928
-4.46115308853563
5.576648420171782
3.917697146416875
-1.618033704780009
0.9997887612062428
1.2500309853368965
-7.810106257070375
4.3393747710108155
-0.7499733160779389
3.808057014276479
-1.6217438870228449
4.263949143728278
