2.8155620160541686
-2.2740969733429313
1.2003125476342649
0.5905496192120646
-3.1278102484496255
13.205476772304408
-6.783051978526231
0.4281717845448024
1.2930969834416417
-7.979164639352414
3.048849908293551
-3.055915890413413
1.9680256271846783
6.784101366498388
1.3975541787607468
7.09974856831756
8.477336535303548
0.15701956914549156
4.808980724729791
-0.32640169205907693
7.167305666700644
0.5305296372153459
2.3161431840033178
-1.7077412707802728
3.338984001471381
0.44364554148528923
-1.1528040981872547
3.5212175637750383
10.604180594818267
-0.07495111838036965
-1.7687629965743086
1.5584278002048677
-3.715973787784697
-3.4435630983251055
-3.103854267575259
3.706201458384699
-2.690808725903181
-1.2338026100325576
2.402942414262445
-1.378183735416418
-5.593805098101996
1.1224211915113045
2.584704071001264
4.843235000293968
1.8093181872043738
-2.5359163250945436
2.2074814232427387
7.326186799632575
-4.76559654873192
-0.358087305030523
2.561129222090135
-6.276585643893847
-4.512020212238025
-2.8886960498408456
-8.623159124011762
-4.715207446172402
3.479762301072106
-1.1389468251779442
9.737894146201793
-5.015683249841674
3.1605911375743037
-2.6825704220419357
-4.500111433814427
-2.6745094528227935
-2.4944581428751404
10.614314432271058
0.9979130259741916
3.656699012778474
4.079077949278322
-2.2765184976084836
1.0846280024423445
3.289841813827521
-1.491460207752194
0.7914626436528108
-0.48171439324145143
3.656571104174558
-1.1839389654001728
-5.1234249554906075
-4.066447330420933
-3.149002987529684
-4.359274365642343
-3.7414388438103012
-1.4050711600362051
5.170646380907536
1.0331208093106745
5.14720422920823
0.7014160973701891
-0.11462383811272023
2.2746897703198394
3.9006343084713704
3.6788217625511512
1.3066793424014667
0.7637595741371574
4.604586457061105
-1.0661883606358358
-0.6151750162211367
-0.05483754430279589
-2.1112823468319255
3.233227733316056
1.0168322339954392
