2.430118443474867
1.3650286869438526
-4.533955997502101
-6.321747599538792
4.755911473912507
3.0189558149449844
-3.851116716601277
-3.828049321892843
-4.973268610371509
1.0522289539539453
-1.680929408095293
1.0632879162703543
7.792023104375881
1.7456647140088841
-0.4685169815142487
-0.4804486825346359
3.6345066491353704
-3.8598202546635205
11.964764247138607
-0.5413911615912996
-4.809903111288538
-5.757027889587455
14.92638552604405
1.0351576514589775
3.6639702951260222
2.1081900649504055
2.4034791893370713
0.5424094600375637
3.048378884279474
-1.5427435286761377
4.822267888838907
-2.8380759079100084
2.808646751811669
2.314711319103096
-0.7202362622009987
-0.10039177727224727
0.3557948390282948
7.7855520642474465
4.920211589360331
-4.003974675146511
1.7666508978573106
12.869234561768987
1.3174818552430794
7.658990006218492
-0.5065852904722725
0.7603432932948755
11.110290733198166
0.9450084165493675
0.7557581846459454
-0.6239874775208974
7.795807442063143
-2.6053590633969916
-0.9048447130346035
7.3600004280742946
-1.579489131069773
0.7839362430748953
-2.49286307225084
0.13440666300467757
1.9576589625460588
-1.3810320063455548
-5.913743492409491
-1.3201358231409197
-0.8371069901311385
1.410456039648897
6.788490427588435
10.808474442067105
-6.0652129828554715
-5.053918405023089
3.7007306273691505
-7.359049188438544
-3.3532769124062236
5.808227637590727
-2.3844928633077256
-1.5271815044735186
0.7154257846906141
-1.399654321170272
2.4342726084175723
-2.1778738380017932
-2.973277673266151
1.657374397825251
4.336052611844313
1.2224492577368125
9.377447934272967
2.974422174356872
12.076064258583969
4.575559051361274
1.5926264565391712
-1.6566212554871353
2.394082064114798
0.25080942539439377
-1.7001732881952716
3.536213972738235
3.542321898063127
-1.3635133066663399
-5.9167493356221765
-1.8682638210787634
2.3185933359979147
3.7560272998463295
-3.002073714722146
-0.6976316738367048
