5.727152570841266
-5.746776938043926
-2.4920749412160124
-3.1903475743378866
1.1202253683155803
0.12826223858143465
5.519580529426694
-0.3959781415944742
-1.6465842251043932
2.277274755686065
3.180272790099909
-2.912849572430596
-1.5641389174248337
0.6897726201094847
-5.622023422040422
9.340225685790756
0.5072043695369457
8.450396304571663
4.002956642923545
7.030454387306907
-6.099666876868055
-5.099460357161545
-4.794303777435482
3.4861714142749793
0.5058309311395004
-1.1070815123847875
2.6729102518600976
-5.043087715113313
7.919460840932233
-1.4519888521903896
-2.4968103323660595
1.8394299735337887
2.607599867823958
2.2100732374725798
-5.007409368186064
1.2296904686991441
-3.340243504286649
-0.6869217026459036
7.905496664683382
5.095589101238969
-5.4797001019599385
-1.097407800205878
8.018912120262144
3.202156855903719
-0.2456023588506019
3.98956296044158
2.8623380513138894
4.304038256490671
-5.6955975895416096
0.3444586141960601
-4.1014892532542016
-0.9148418051434438
-4.017959109816868
0.7701857831929712
-0.5461272820252888
-2.0750370066215984
3.9193524492849052
4.173357154380147
-0.28767552214545944
-1.4901648703841164
0.7110603295329498
-3.0374176870973386
10.692245754902805
-1.2719180732560478
3.2910136392765743
4.599603300264598
10.841146004134238
9.13025283559283
8.118085226891735
6.339511602059796
-2.3782715032244846
-2.42126392946472
-0.2373220808647829
4.8815855583601655
-0.4650074157344499
-0.8336687653593484
2.056069140500277
-0.24704007953970392
-5.533654117859338
-1.2227728830623843
0.6544380454162431
0.9107277507624361
2.9980361726867617
-1.14424643103613
-0.6692039758909495
-1.281572064573564
-0.7226272132164737
8.46344947238603
2.476410810674811
1.0260365160352478
1.6772822953034652
5.396200863635846
-0.6362154112549551
1.0098081692326462
-3.0088900153600457
-0.3881470955251294
-2.616878457361397
0.2912293261761841
2.0173530245924853
-1.6614385975445596
