-2.619683011274125
-4.668297704003323
2.006859607274291
9.885390056286429
6.875226408961936
-2.666164566435749
5.277454929773339
9.51213574301898
0.41249217073027916
-2.8592971463498236
1.7956580416063583
1.0359710152726904
2.624935398303638
12.646786079699764
5.349588451012268
-4.437746204713113
0.529797279315134
-0.09472889765945353
0.14367312153409634
-1.640583276863866
1.5281064117142205
2.7041231372348418
0.8688552800691856
-3.678699600220302
6.084275756788746
2.2862982240711975
13.357280141321842
4.351038128364217
1.0171437849598564
0.9374186599578853
2.056741084338531
0.4624301409309334
-0.49619952111758736
4.6025500280323675
0.04369490487325747
3.0148829347461046
-6.412888119067413
2.491842733062735
3.2600068428117472
0.9859767854853118
0.6434637834330286
5.332386238678442
-5.125430435608687
1.8008759597173856
-1.2760909456590181
5.039320183577114
-2.857795694127045
7.050068201409302
1.906788395472427
3.354927883280149
1.8650010654144116
-0.05164124381485009
-0.8544943907026046
-0.9893888542340323
2.527259410958842
7.099761369077459
-0.14409280729074025
3.470477918725221
1.4800627353714497
12.40533077980636
0.30669665356236075
1.3642747597392673
-4.65021720103705
2.161087617762735
2.3318520017829205
3.9181841259852837
-3.3862163696754344
9.050487258906927
-0.2458967931263631
0.1189723022511452
5.324334678263152
-2.7707579823336457
0.18195721916696794
4.787737712510157
-1.4866374000531002
-0.6962443805609857
3.3197228138862513
0.19424025793138888
3.3746316023341723
-1.2140233698030958
-0.13517622157289347
1.3841894243296191
15.07167771560406
1.53407215456988
3.221671494982325
-1.4434003269017892
4.523212452502349
-1.4349901962861233
6.956546549886989
0.9326956066351566
-1.2687957287031164
4.370561766296705
-1.1487685136463806
0.8106282234177071
0.10378524492592778
0.5324953304775137
3.985387007723883
-1.0900413125078223
1.8026416033367791
1.6074394363453433
