2.2490226865655165
-0.8928332383885906
-0.8357140717535791
-4.604042177900243
-4.219423094242879
1.5674299602517037
1.6346910634638827
-2.974385404017257
-4.064225049448248
7.269689673514164
1.3851008052115263
-4.988940277048991
9.43015674206573
-0.31889251340920244
4.481478292683815
0.14389799457640254
4.228496520828652
0.3725196920257241
-4.260036936314835
-4.059360852811963
-2.7842604930903083
-5.168187515448063
-0.36637207980255637
-3.9413555082186558
-2.3907089775528805
-1.9107606141215872
1.4669700142139526
-2.4665634139299444
7.232660279241439
-1.3278304659733342
1.4567866485680039
2.1656564859180945
-0.9401518973018893
-2.5106203482097933
3.948683360754968
8.266293922698733
2.6956294458958223
0.9517413762165348
-0.6792986796655082
3.858626017935708
6.601073136590781
5.892987827028956
-5.517709753545787
-3.912858682648955
-6.345197090504943
4.401855846146175
-2.055197763539258
0.5582676419262019
1.4924985537189908
3.6193557489167167
1.7725938420199578
-0.3473023098513552
7.727563117418763
10.718967848090683
0.5205844769868357
11.094569270096923
0.7113536000365989
3.6286281783101684
7.308195156125781
5.038153839061687
-2.635210230080252
1.3484753993934477
-1.8677424362358086
2.480721729902039
2.6066440740254446
0.20395153991148302
-7.215786505179434
5.681096260954046
-4.10801676786525
6.063690452366774
0.16564140019767967
-3.0512755694401914
-1.8940764818326496
1.1127505706321876
-2.8562629056410564
1.0674237285343813
0.3968304120516024
-1.8287811474773532
-4.900353473524799
0.44537154499314435
-1.8410527842526165
6.905259957958043
-2.151605007216171
-4.539339365522421
-6.347109693277683
-0.7240298943623475
0.9059822625483658
-1.6291222052294452
6.271363996970705
2.300763319230987
0.8430701899323163
1.2051756908194298
-1.8180526087345554
1.807008067511102
-3.5068817418795177
0.3370331450134934
0.9400202176567665
-1.1018969908495404
8.285869192759721
2.2932445313458922
