3.790283213685796
1.7288330641093177
-1.642670481885726
-3.2583927789737266
0.10004105206127803
11.065726382552402
-0.13028404230470925
-0.960745153361381
10.240502384341397
-4.848916914371126
-0.4564538726178837
5.227171299518358
2.1977971718141815
1.8334767016402442
0.20135052407825918
-1.1149034796773942
-1.43145469916452
-3.4967812066929587
-0.6380039567064529
-1.748332553386462
6.338355473518236
-2.9254142012763658
-3.378248099708441
4.215701988663283
-4.198850552758238
9.008985248904008
-0.43146810369460087
3.5367871819816923
-2.2650832284035376
5.380194052134122
-5.094731327478463
-1.40916962279582
2.586647134520175
-5.706368054297537
-0.41632157895156396
1.3725159930507316
2.8783047850508283
-0.47526826343793344
1.0469117062902713
-3.4988796745870183
-7.221097253738529
-3.544455557244736
9.838464458409579
2.4234333947886544
-1.8860915644363847
6.431125148990349
-1.7286184827469326
-5.523771464776244
1.6844372980493656
0.838721628128478
-5.31606225979078
2.0370265968667454
0.07523892330862125
6.0864664052255755
3.0092325175060455
-6.19769524960309
-5.4964723063330565
1.0671920416418024
0.9090096083640333
2.1459065088423057
-3.4122406928698683
10.212286651445874
2.1402117106089005
1.839966507986774
-4.070890871218375
1.6052575378525822
-0.2650155120785792
-3.7794930146816323
4.62613809410359
5.761596157608215
1.8059029092950059
1.3345759995173323
-1.5041097019852363
-0.6721669760872047
2.2682728046738045
10.6079820107594
-4.074183802676837
-2.3800046452987114
2.1929913988408423
4.0429228672596285
-4.717893492328236
1.5796723248514597
1.4181962748138908
3.2862460828206146
-0.8804476371850378
2.140898867949348
7.484216636102125
-1.523631645348583
-0.3760748066780997
2.8580959658062914
-1.9664840665274594
5.03149561223141
12.930299618594544
-0.5364308187381894
-3.401155470883701
15.803430800041381
3.783740467986397
4.325119363797309
-3.6033291723355116
0.7698042205152529
