-4.934082743908381
0.4067112681589139
11.734592860605154
-1.8007479612771866
0.4424845268167541
-3.115013331256251
-0.21383093091084582
3.8096670961092647
-0.942682086052697
-0.7726737164720368
2.761934327316314
5.157936989846062
2.559705748373214
-0.07592638541804288
5.203550668664652
0.357068445807624
-3.6188786043948333
-1.4441271966228857
1.3359270709574427
-3.691567539335799
5.875160726807171
-1.9432848464366623
-3.7175091751963802
-2.527025106873263
1.4118816524570315
-0.5428799369269217
0.10538658263599432
-1.7975221690958252
-4.114873887159254
5.655068312099128
0.009151052623354194
-2.051667106236555
-1.2608397804251608
-1.4622652125636564
4.10174766878584
2.100200018128502
-1.3038648090175116
3.269574177162732
1.0746355740631477
6.376449041252667
11.234410657670644
-1.1763162072474493
-4.485848106756025
-0.7130846496298142
8.233376001295593
1.6304013075158967
2.2232301421815404
-2.463500163223351
3.7061115466705625
6.052022036269334
-0.4044562305845031
-0.04736961428558594
2.8848716602159055
3.420074160210874
0.22505203061191725
-1.8753064406086475
5.422116183178038
1.9875271561560086
-0.3210701706617669
0.6308921229057894
5.721540431726218
8.277088308115593
-2.7496358915705335
1.1320082243219531
3.978104144032045
7.334049998260934
-0.31153336420342
-1.6571008685075586
2.785623943039571
4.665597213334516
12.338103814015168
-2.0598301189938995
-1.6281158650206327
-0.8021355479273377
4.695021087898811
5.633856913018414
-5.435618006734068
-3.2915610672861124
2.6880772615444624
2.924194412776711
1.8539117547269597
8.491670539733867
-3.7962927548522583
-2.7631854721940554
-4.294896546028828
3.2075234243240978
7.538871179203045
0.20091631337129734
11.434319293977033
2.3500970260253804
8.06503530393351
2.5255951907284544
2.6787427522849176
-3.915819577355636
1.8344881727868128
-0.5295150003623125
2.6120648295477347
-3.3443589154193605
5.247666813462631
-1.0173344894578944
