1.9386252035142852
-0.12033369849378353
-4.87960982997121
4.05289576622987
2.5641030581574027
5.909837264040251
8.867568120106084
3.0504284081550868
4.587058085094926
1.4751362853286991
2.2780310634788803
3.6796730143119447
3.08979472409443
0.23450299848336797
2.974231370620937
3.164277386479198
-4.86362924224634
2.859842420699777
-4.182616133216654
-1.8848539616638416
-3.2293140210390288
5.423370102195877
7.0664622474853225
0.4644726498987203
-4.1794982189923005
2.7047061977130573
-2.882743006842451
4.139846864914967
5.614756488464927
6.534238853840858
-3.059857999792445
9.260695584782667
-3.6628731489733237
1.924903922088823
-0.38077777191192386
-6.764259221999243
-0.8913296592181883
1.7285141004937503
4.799529475554519
1.222530089174333
0.6374983936033114
-1.6541470334418955
3.685093587127002
10.543584568428889
-4.6229819242752095
2.809288060761573
5.278823150956498
-3.6912948054444774
-0.7510171027568326
-2.0130563639765646
-4.720905239349646
0.6064865112836648
-2.0126747328448165
-1.2564966654549075
5.494780317812802
0.546811334684201
1.5945513140326733
6.120671122705543
-4.502779212530989
-1.221850062274553
-2.1804072038146054
1.4960298400809164
3.1247647278559234
-0.5116039055497345
-1.147649697203651
-5.035040011101165
-3.547421805169993
3.944427229644874
-2.80924569930798
-0.721896929341105
-4.763851170089051
-2.01143356269304
1.8927183668867604
-1.9655699929731325
-5.587884190738856
1.9753739430786532
-0.7977212852304574
-1.6654781850248082
1.9903827074006981
-2.1848319140344072
0.07904033058986505
-2.7697953927247876
1.8734843835669595
1.0529165339490172
-3.2744348055542174
-4.445465943917745
4.160797190313859
-0.2934000819482256
0.6740339974894103
-1.1706425563279625
-4.361652295821691
5.267524911182785
0.7977516916264663
-1.3759756825251463
8.08228366152932
-0.46822525658135283
2.768839485352338
-0.3794295878899707
0.38114310967098763
-1.577425984116023
