0.5461819730985787
3.056122138186258
0.6042009207568295
1.9350348457532074
-1.0950613840528154
4.443444554274335
4.266519916405461
4.591153862112645
3.2816302156385797
2.596497467223767
7.748197744428642
0.39825679468099945
1.7778256763197242
2.990067663247866
6.262456831226251
0.8180525611404621
0.6759494537668228
-4.504556043452225
-1.2856554730901208
12.300676637480834
-3.225495641561486
4.392844266991315
4.987140963567653
-3.411974903205572
-5.13745211717254
3.1776264843003577
5.363297113421217
-4.993007140372751
1.1994868956302602
8.446649601842648
-1.9683955336275265
8.934045576518
-2.8562507852642716
1.6655678577158146
-3.2153242993378295
3.469535653606387
-1.9396416655473634
2.0415228691048046
3.203800155369487
-0.1450048665847996
-1.2020714162997717
-1.5803144577998873
2.6165116660705787
1.3374955089134837
-1.1790686988275698
-2.4817842783820803
7.403900381425973
7.1700978585365664
-0.13910021369148
-0.04221642194668621
-0.167037508922793
-5.545708854031792
-1.6217431971660985
-2.085309499579849
-3.128619469909302
-3.421882959581939
-2.8133087067775504
-1.3401969659845412
2.0841732137424334
8.547150420533729
6.092787794271656
-2.252520530494725
-2.717458322522038
-4.04804199498658
-0.8083441727679357
1.1398733274797124
-2.7555725057068763
3.25891396333114
2.7965882249232115
-0.4074011026652054
2.2120936608790704
1.2117761486690255
-2.945858433581374
-4.480518197707882
0.9073459207162524
-0.986907075062578
-0.7334810795559047
-5.515038543987123
-1.7392758777869668
0.032290567890156816
1.6971106342824887
-1.5147589705129318
0.5828012253877137
-0.28310817440000446
-1.320376508381333
4.548394856271191
-1.6542657435157015
-6.653680462455877
11.411114621020388
-0.6567096186464805
1.8561189202804647
-0.5682549941863391
0.3261647053689537
5.497707308510627
-2.4454193544085445
-1.192416984876819
1.4270659610033845
0.40339876366311717
-0.97810916260421
0.1973992819071598
