1.5330447357293058
1.3726744756526796
0.5227645987407957
-1.7072996014658517
-0.15068654610534238
0.8929522117828714
-1.764573563941077
-6.509698565432181
3.6259715817455143
1.381348602458543
2.891839132113957
0.12605455556229997
0.09846765601594085
-2.835494220803916
1.9551178900412234
3.7137676317567108
2.698648585093881
-2.157786996585091
-0.01324822963544623
-0.5361885123379779
1.8472184623482937
-0.9870947307121851
6.565457545842101
0.027839339864657996
1.0327058187515739
6.099285977875226
-0.49896224304756154
-9.029765085368723
3.8427323589950406
-0.1406568888427473
-1.346725174218327
1.1182734567850443
9.43997123568068
-3.0527774270578414
3.3174550558431317
1.0970689402472895
-0.8769540833765409
3.6213785572170574
0.5773541550309313
4.485257183024944
8.049253496997686
-0.5952857530631772
-4.989029838410711
4.539867034175349
-5.955804055214182
-2.4325772730611854
4.025231633564822
-0.4832887770954155
0.24208511844702169
-2.130715730742925
-1.8594204881935334
5.9914271850428245
5.539383685946415
9.879076794472862
0.1978539188911354
1.4711638067659583
2.3141898826683214
-0.28078168677422893
4.723033611445252
1.669967154363932
-3.588177892438399
-5.6894546077487576
2.528021774834651
-3.6887858469584565
0.5414119670820488
6.423337130395998
-6.812863418259294
-2.2342991178038534
-5.988830588929344
0.8401762358567322
0.6591503038900418
3.611263560689025
2.792545164352145
-0.9301112973691996
7.048606261313956
-0.20232685045458582
3.293227246933913
1.7379810551457897
0.052938321779371446
5.161128655094303
-3.9018282492568366
0.6943803508521409
-3.3980106978833264
-3.755118306946887
2.674938056531736
-6.616310672642202
-2.5141870795293375
-1.4340937754486114
0.39378894218663407
-1.4888553976177108
-0.1619548961790319
3.5594567740626086
5.366353280946012
-2.028749175372202
0.5532234238217746
9.00405184922711
3.6457284143276487
12.528805546932006
-1.4513128021310013
4.979848238969244
