10.001004284603546
6.019059442584828
-0.2043529160549249
8.881997144883098
0.2061589320460599
0.8013165922064154
9.787443592703507
-2.5432230341646225
2.7291330585210467
2.203833646933213
-0.02405940627691835
-6.676793772816962
-4.780482606147134
0.783319387575294
2.7802646051361846
1.602007841502867
1.3527004978659831
10.27536971955385
5.350072834284211
-1.1369346514907817
-0.541608486077019
5.660826095515517
-4.252433455911562
6.052153845487727
-0.28109451102996474
-3.3117332250608698
-1.3894683458002137
-2.1829088188809362
3.6510580284036127
-4.183069594119513
-6.001364326136494
2.402919043012172
-1.3418296654689619
1.5050571939314064
-0.8401861890748082
-1.2462834853622526
0.986463256838739
0.3411067004266898
6.214373858700897
8.030984545728217
-2.879349373141282
2.640870850758415
3.191198512588208
-3.7144409375402088
-2.9823523153344778
-1.0672767208802878
-0.36189998284959457
0.8565978648665952
3.3972726243099567
5.490778583207617
-3.8210221652867116
0.1370653266050489
2.33374402401131
2.662658838454534
0.3019423606230705
-1.7687044767066769
-4.542989588507439
1.7633925055594988
3.19016777905317
-0.6640334851182791
4.540606970836648
4.235280243280158
1.586997332904224
-1.0461271709401365
-1.3860890045518526
-3.7581293660178945
-4.567043863268639
10.538569930814752
5.114610057761738
6.082370765700663
2.3354642812834285
2.263078111025949
2.5229799652455194
2.217132547308493
-5.558215263715923
3.5534034924653977
-1.5919395860555081
0.2153884634452983
2.2021386592861907
-0.8938653391119761
-0.05501284544499657
-0.9005080898646596
13.362519044815954
1.5609104089284647
-3.213454690627526
0.8995153395820676
5.4046574234749025
-2.416628018606673
-4.417202128951647
-1.0701486894249281
-2.4539888138958608
-2.999829481098753
-2.157137351606875
7.456189829542138
7.159413801526295
3.02856570216098
0.4270147903256769
-7.582869942704962
-5.455285023304936
0.06636272957427133
