6.158498469396102
-2.6633059185091064
-4.991931225039813
2.379586479033354
4.92786731158436
-4.1788370114964675
1.0029819847730064
-1.9980242746159749
6.3529073698533285
-4.202865414347359
-0.35762410994968175
-0.8805217337177551
-1.9904205407704532
-2.0317446106564185
2.133620067483093
1.7965174713034566
-4.439396909711163
4.804351488450207
3.7005258754268935
5.834071290413262
6.4055919054996355
4.969792998458809
3.267863272541069
1.7363832077592427
4.209257413803846
-1.7042344940063918
2.620490406186791
0.815598471363725
-1.316271514127206
1.8622326762749413
5.935853936548181
3.0171553816462984
-1.5236979643301833
1.2216246946635219
-0.2446807010879934
-2.744142949062741
-0.8402339500232865
-1.9501582717086134
1.334566048998186
4.327747939717319
4.143598233767386
6.93071112708351
-3.474743915199974
6.680404665732025
4.724018272903308
2.774955819780608
1.9866627176549976
2.581001188444754
-0.9241107365376673
2.848301419266712
1.782661660192964
0.7366232534161696
0.4061192833420011
0.24102327452653408
-5.0747216465066955
0.5320028953528516
-2.381537068521037
-1.484565447113569
1.1677273814087814
-1.1381348629421286
5.7466670447286
-2.7951464570119207
1.0886677853326199
-1.6295306789357311
8.306379142054155
-0.893197689646678
7.811622140493585
9.106218542263354
2.0711707135872186
12.841255789382116
0.4666616986269632
1.9517674354710537
-2.9277417976483644
1.735240607478581
0.12677327284253737
-0.5602323681036488
3.2647911840696797
6.929404033160681
-2.8715194640397788
0.053871807451010126
0.9133978101762523
11.321659561187209
5.891694977005602
-0.660836821049156
0.38831387252082084
8.39216310795771
-0.16096428841801405
0.09197931770861965
2.290102856688285
0.707703877148594
1.991397735681581
-1.928745566226449
-0.17019578215091613
5.008481833513647
-3.3489934905304914
2.9248480398325345
1.0516413547765358
1.3583437270922285
-1.7679224762426502
0.1354922235069963
