1.7502836083218776
-3.6695388163975844
3.95721788455969
2.089722283535718
0.8879529440100704
-2.438994347948993
5.929673076101082
-1.3070992264443848
-2.0696172631520344
0.6342419014879942
-1.8880484377866935
-5.574408614418596
-0.45496352107783
3.5469357881198693
2.6236163351741513
2.46515746239713
5.0680791981330735
3.558955115874165
-1.0221677195769543
7.647947735283331
-3.1671223456914745
4.893630107929585
2.0948448603813494
0.7001197376980692
1.5052418493497137
-0.9563091083332798
5.038825090345272
0.13022418963424798
-0.9884070715285878
-2.1606199042177394
-1.8659051469706913
-5.616866852351652
-0.4824646780746874
-6.02105104113425
3.791953608666188
1.1649176963222174
5.100269973657223
0.8794372200268565
5.781578938136214
2.299815587513581
9.790313709950718
1.8786218177659828
4.580029620992754
-3.9775430710711053
-0.7457023318407487
10.577527481621935
0.7716014135212088
-0.646615926957677
0.9430775625572565
-1.138926851323217
3.5186101602757933
-3.3455532964126697
0.5305860295797907
-3.9156389343143267
-1.2988450999245047
-2.973844175026013
-3.1403289836719814
-0.5224386830412768
4.007140927872639
-0.7368275192919609
-2.5358449211402005
3.7453268404056312
5.401636950905411
-0.7696551252986596
-1.1396653549604454
7.047754611220545
1.0536927322845773
-3.3752456793801824
4.015873375576069
3.379562462201152
1.190629095669835
-0.4466165338224874
3.3796853417874098
-0.3416849547501019
0.7209886873978225
-2.1449224723853586
-0.41428515901795715
-0.8800176674620761
-6.029319596336055
4.7932532906277086
-5.648625408510329
2.299498807328561
3.4188636743249194
6.382271713974957
-0.6575915985277692
1.3655584548915116
10.68269794561218
5.45756708107259
-0.28339474110877383
-0.28171161601134376
1.4519324809560692
-3.50281351696642
-1.8853988809405955
5.261048336442129
6.901283982845503
-1.445437922561442
6.219410205750525
5.082733808306841
2.896655096448389
2.30006092437178
