2.2463435917489702
1.148563427655483
0.38305211484445023
9.514641471720076
2.186579768204881
-0.913560031700356
5.333405863972171
7.446642168560778
5.732572960999501
-2.5428025968837775
0.2591383275272702
-3.230517043579551
-4.049848502169566
1.2774598728547117
3.768778900492899
-0.7656885156496679
-3.1602994335846977
-6.227610853605893
3.1483167553404394
-0.8565481347663588
1.8955346989176838
0.4294333769951189
-4.792584156165345
3.66518954653655
-1.433087503308595
-3.4611377763798927
-8.115730335106875
-1.0894373992201045
4.463012867407398
-4.08164702630379
3.5195323670182104
-0.13208355482648926
-0.16922838440941684
-3.750628059924115
-3.0935693641678563
-4.943196828575925
2.063787097847599
-1.6867873580891573
1.5800881178068877
2.713368035529017
-3.3519749031812593
2.251993097481116
-3.489855344580908
0.03359837051504444
4.754541455375117
-0.6457902284801427
13.508313429053882
-1.9459780506530415
3.292270640146252
4.0158270438552455
5.468154369131242
10.306389984248298
1.9630275185949562
10.384338159530442
1.0487422389539904
-2.6027606131537335
1.686425568629891
-1.6388702215011541
1.604832748701099
-1.1466265167187848
5.039894544933612
2.5977602702173077
-2.2198499325414875
0.13275755524789606
2.053779204452585
-2.627379840015878
8.456834746440322
5.05941948303419
-2.9249263986877043
3.0746200583704573
-1.0018718373680922
0.8995442007696857
0.04508660381799518
7.070115364552571
2.8641888645953815
0.3315666870987075
5.796263175424434
0.5891760120334537
-2.005309782111919
6.687480633109622
2.653173182691686
1.7644580163963786
1.1686692903904343
0.2167710393485079
-5.972854103297315
3.0411328578777717
-0.3153786514643965
10.991130475937345
-5.680864271157139
-0.25216934243118416
2.2278218333566424
-4.248232525844013
9.886575367778276
-0.5038858416412486
-2.868288427245821
-0.002000268290379675
-4.321612904252503
4.329023582620894
-4.242047950949543
1.4346578849155747
