-6.6778645869233095
2.715484344328324
-5.635440994052442
2.2001366387408092
-1.287864746735449
8.393643514239276
1.625610390661964
4.488629100623493
0.17222602363235284
-0.547838649708155
2.7620747626660846
-3.171374169318971
6.608138752949338
0.14656390402070027
9.880848903191747
4.338320612392772
0.5762797461441982
0.8724826326794737
-5.755386745717145
-1.4194668824190293
-0.5967530473426963
5.437480372972663
2.8324334820882915
2.4341388991724227
-0.5436537444136529
-2.784668663795892
1.0806100062660957
2.163515673476012
0.17613165579964732
1.9033481129462766
-0.4064507402606641
8.66591052511592
-3.2778754282744997
7.8868327412368515
3.0588146093448514
-0.7216263477340106
5.654648882705209
10.124957869521497
3.2690354980650067
-5.00411627051643
8.828323551145427
-3.1276762534261637
-1.4256914681203228
7.518362862457058
1.453994840167943
-3.3041112640145416
7.067184152054913
2.7386275383965812
-3.8592100898361386
-0.35859145901703504
-4.87472771594082
-2.6638513621270374
12.683572933393277
-4.294703018116314
8.94130510651311
7.962777831004318
4.670285043360675
11.544901551448984
11.76531678778968
-4.079650628905275
10.030268562874646
2.4899422965080906
-0.6303291326069537
6.923646563381645
1.5194426205925264
3.8130850179579445
0.1328648151785286
3.3841203581186647
0.14810598101485464
0.04149680682424456
3.6376910257024693
0.48255709898135474
2.314312175195184
1.1687403983505984
10.750765792631372
-3.1943983266270504
2.067974716269444
1.9645767352121113
3.60960708031425
4.033902440573913
-1.0769052233863838
3.7462404541217698
1.9295177329088113
1.2806327085993896
-0.5561675203895057
2.9631744848301134
10.48528824384023
5.08248836024368
0.7756808528267722
4.303040864174586
-1.932247711763066
-0.44662573053084165
0.4165037214280033
-0.742115181436318
-0.7485947820653307
-0.774519298592926
-2.6934930855698545
-2.3071051740499984
2.3957660309306608
4.5861341484960185
