3.66115886375479
-5.237762241976434
-0.797983414008659
-0.22038160003775986
-3.5079098224769525
-0.19377558648819923
2.8555821326753064
-2.388862529537638
4.265568074714439
2.033763435971181
9.203835956025866
7.013028713998863
3.690892039498511
2.2078037798614445
-0.9684664852747893
2.8743668402570632
-4.467391803107346
4.8692699526334575
-3.906046607090234
3.022558359200403
-0.754546501204088
0.6244512112822262
1.419827932107197
1.0939351404709237
-0.7192775643404279
-0.2765198183570671
8.629204570553473
4.123057065949648
2.303156615425705
-3.0797396895531914
4.529885731237318
1.2417234794860947
-3.8983291388499977
0.7387540422180914
1.2234060195369267
-0.23744920987568174
7.730930631443245
1.1627148674489152
-2.689763587548019
5.754170669588179
0.8212077385485465
-4.653514593670836
-4.2290502307767746
-1.4776977151338233
-0.6476794494730771
-2.5829182316919788
-0.7763182119882925
-0.8419151633405626
-1.5628009360269677
-0.8701753613551988
4.529618378971847
-3.6595181790055196
1.3717337019448999
-0.3804470521323866
-3.1862208806884107
-0.5459326995712095
6.649679458461134
-3.647493854758972
-0.46431652433842574
2.022140902622895
-0.554682870580225
-1.6341836570213555
1.8602675127425692
0.4906789449118438
-1.7425623238149885
4.596798491422387
2.6276528853593106
8.818459296808939
-2.8938994543263616
-1.04128242968412
-0.5181588151186871
1.0295626372770805
-2.9679582880236732
0.31892851744101347
0.46946903705024645
-2.607185117972408
-1.211489872966384
5.484172528485411
9.662404387363404
-1.9046031434775337
1.5903597684285258
-3.2460178087962106
8.914502071382397
-4.077964476356881
-2.5051833177489655
0.4852193684438695
4.740705157111285
5.833394148670242
-0.8558087043096541
2.9916093515813387
1.4601733563050896
-0.7899562090637879
4.596918892439664
-2.911959187116759
3.451803070873584
0.3317844554112391
-4.331275491085611
-1.9368241141035134
1.1731519882200803
-0.3333129986057891
