0.6423224196630024
-6.873645170513736
-2.171110598215728
-1.6864685490821627
3.1989174514031666
-3.4871477925576366
2.544619774402118
-6.185810468085085
2.2419263771098175
2.097110321087296
2.1693459847258985
1.3196151846424455
-2.821649419343146
4.269716231386304
0.29640818232762545
-0.5942323942474251
1.6835689998444208
-1.1627583969823485
2.2966354672925124
-0.8047369113233921
-1.7584815885285507
-1.202989126985154
4.447339215555315
1.0471844442790164
1.8664330208223872
-3.111644050198457
1.059177308065091
-0.3299302161389602
0.5657971326407019
1.659851600036344
0.38751738736159114
1.1707362500695742
-0.619346485626078
-1.6066744249250267
3.337821941252816
1.2594149443511833
-0.7377955626853818
0.4027962174073607
1.0310196415127155
1.9717616672574498
5.308593068530709
1.9230123056124233
1.6063855631584962
-2.6205664107549573
-1.1535719374101732
-3.4358399136785627
7.19391024388941
0.3380344423944218
10.789754613081948
-4.04614704758222
-5.6292282409455385
2.30633246751685
1.542590060705498
0.6580267211625499
1.731323126928227
-2.5273707406640282
0.9676069835380894
10.65231597078578
1.4321196401184517
3.7583204708737785
2.736405493799878
9.08268888138068
-1.1149118567123013
2.4591990390977276
3.463408529441695
0.5065604847654095
-3.8553083877117675
2.727825036471419
2.4249389590780073
3.2967523791254942
-2.1566861615099424
4.094569442815544
-4.061329687940437
5.0616390535085145
1.3647007142676375
9.693138779155502
-3.3019225881196226
4.939829512493329
-0.3414428882877079
2.1163918453903796
3.690678640349083
-1.9233271559590914
11.96374119364117
1.8154294848712864
3.1625858123466513
-3.24329638594818
-1.120954960460053
5.909111961728271
3.3344705855144774
-1.8918655383393572
0.6092455188313712
1.7094346025036016
0.105305116228705
-1.5633657586060186
3.741996292573293
1.8408181989316845
-4.569338851335272
-1.3168086972536852
3.2432631728727688
-0.8666412442552551
