5.45088836515189
4.923697940943388
-4.326827133108309
6.108271287067121
1.0525444200787406
5.810664505306768
6.928893273694512
-4.228964028452731
-0.6878795588383314
1.8325555675416074
1.3330103468924512
-0.16792412504660906
0.6203863602812495
-1.064541745995607
2.5506905018116868
-0.655249896621919
4.7824481757896
3.3047788072686015
4.9099209988764985
5.8438299113074965
-0.32335786348525586
-1.703997020894565
-1.0659452513365766
0.8734063458649146
0.16837115821627258
2.6619028613069746
0.00564741836418438
-0.17858295658206474
3.5771043768994994
-4.41301380732434
0.17407669508258097
-2.359213542908751
-0.20759333121816576
1.0686483167843674
4.109233683688059
-2.425715140336586
5.705481472488936
6.495137285073744
3.6876228225589016
1.6772833539553311
3.843285797790168
0.8185271863034702
4.792247854462567
9.512775439061137
1.7684641388112345
-1.91608744777233
-3.0297511249293976
-0.816598331742961
2.5671327765774667
-1.7718713618835977
-5.980764630415778
4.140336452318505
3.827725009555494
1.9442358788170544
-0.06255166786817404
-3.0205085317127414
3.786316296373946
5.481762699634092
-0.5699237146039189
-5.384971999014268
-2.409266599088563
0.4773477195244931
0.6897839813608581
-1.7580898973022592
-1.475945678439526
2.9773494507155407
4.371804849868222
-0.47381459222757005
-2.389123942999486
-3.216899639722385
-4.6659451935221385
-1.8608319018774486
-0.6960514646758844
0.7162650823541865
-3.7872925091685214
-0.07319553155507821
7.8490175449148385
-2.0824096946718345
3.898202011549327
-1.0190740881787688
7.766221498907487
-2.602859972548011
-0.04691995655432775
3.607673468643121
3.3452118115510476
6.295034011290488
3.8569616868076535
-6.046131197735848
2.808793697072428
6.2944584257997835
2.968736170137993
3.2738018842982006
11.209577788787811
2.5491401089901595
5.363784615828108
6.295636813247272
2.2878437451787907
3.3673583858125484
0.821083678325322
-5.124982135791517
