-3.432842894592165
5.543488750020634
4.964183761012686
13.336417515184166
0.9280370090247454
7.405307418790983
12.294282226790099
7.532589125946041
-1.6364882985444087
4.428790453224982
-2.009403923617799
7.754269426847633
-0.7825804802896407
8.907291763937296
4.56709380865108
-1.1339373511948385
-0.5034047090632028
7.4728349683817825
1.8326088540257819
-2.1609780199109383
2.737539602568167
-2.379538889147878
6.456536102539395
-1.493087999349032
1.7247100491168075
-0.7283114556429882
1.1695968898930633
-2.6317733723037233
-4.729592709534439
-0.016393796067345215
-0.020809304977147825
1.6355934035699435
-0.2980394218173739
2.2219576275751063
3.538621160749585
-0.07859915372743254
11.679640049595523
-0.8319755354615189
6.670815277350528
2.318256689966762
9.939038919271026
0.9230814724554923
2.252083773402889
-1.9517644369652376
0.19415810795232186
7.162316829914219
-0.19046305256003543
-9.475107238846878
1.1268887332372142
-5.8793330731258475
-2.755658630579304
-2.889524991734764
2.031686345856111
-0.1184235123946799
0.3035959686739738
-0.13927095416527496
2.150607441372265
-3.8019383298189995
-1.6838455567976087
1.1772681341527054
0.24990630993466145
2.5958622654002115
1.5073438018487513
1.8631699783072941
-2.8979040655688593
-0.3603219189605887
11.236331520521116
-1.0681499653199622
5.544339618617972
-1.2740837596268104
1.1135006442505693
-2.560501892336256
2.9541550099735114
-3.909554857368584
-5.201323485372066
2.9653558062462744
1.6949363827863784
-3.07466282296752
1.5136120655495466
-3.001891391527167
5.090398832783026
-4.762137497603366
-1.4805355253870878
0.4078470399551829
-0.5940307237919585
0.31724638814571415
2.0140040773467667
-2.8841402185977034
-1.4698156050206603
-1.2809271951667127
3.9575344238359307
-1.7684717109324763
2.437828967153437
-0.7842362101808593
-3.090360635454542
-1.7020735172158388
-2.5245557813911255
-5.4101236724698865
3.31730736899834
-5.716081740340588
