7.8903664942593466
0.7680870525945376
1.7765731581159108
-1.8187959111819931
5.6491295214021715
0.281403393198737
-0.5318247889737555
8.998533208597786
1.262390787520686
2.801144176340239
3.322707238077168
-0.29184480307790917
-1.7632210356475502
-2.800312590586036
2.1753059120135827
0.2619465601085387
-1.4704741305399078
4.638781655953338
4.751216593843771
5.998756590486309
-0.18999517741935223
-2.489997103486301
3.614614121932862
-0.6401423351904243
4.2780034851216175
3.088394774240897
3.0359542959386383
-0.325840739357684
0.9262344331290873
6.814331519352532
0.8869793734821176
-3.9248765559979786
-3.0322676842660146
-3.1006824247195164
0.9955048554865774
-6.1585696387682205
-0.48454084791890406
7.930511508170722
0.6811683639895241
6.502308741807521
3.707241449070664
0.3351467208073764
2.446004074204001
-0.6464142742887288
-1.0508307304552829
3.9738729581239496
5.282070055927183
0.0199932449855029
1.6192248570225596
-2.8875473803626854
4.049714504586449
-1.9638531289503847
-2.321126016088317
5.20862598111088
-0.6182945491235553
-1.7372509881730491
3.165759111026869
-8.79770819856998
0.6351763265259466
0.6064527369083152
-3.9195679554690184
8.643799606969024
2.8419699469208104
2.1379937431076628
2.486011419567055
-1.6889870612263354
0.9953207294401549
0.7544703864882858
2.329949823907756
-3.3762339052159707
-1.7530156329304636
0.7185145128865984
2.6128563655567145
5.12763172359304
0.4540749241796044
-0.28324811624188795
2.120323547839468
-0.5751769124482773
-6.14097165291466
5.471630164945198
-2.833535732092093
1.6390977744866337
1.5436173147385817
3.6166092544415136
-1.8330638993792832
-2.0193865016727237
-4.386897344224878
-3.5056119261390517
12.001512588224198
0.42495236468893394
1.3134335979651897
-0.4286691811035399
3.623455083586804
-6.614035316611217
-2.2007364721460565
4.974878774548536
0.8398723932780532
-5.781079177677334
5.502331420670537
3.749990129906932
