1.2348629741866644
-0.7912307104046091
1.6682590209038102
2.4247189402462888
10.626621634855885
5.821757491142122
7.9914852334610185
-1.4226631452175045
0.17873697866172422
0.08581402668922158
-1.0385594404974026
0.8363382272909735
4.870387396448075
1.268412082638235
12.272394514826635
2.318867702706275
1.2233000899386564
2.303658546014591
-3.861209804307222
4.117819944072062
4.138908258062002
3.132889678826494
2.006571302595405
-3.5033224681968043
-2.5606658813713317
4.0293927457183845
4.152101310578291
0.6512590007063128
-6.463860437167295
2.59247372216237
1.1930624773899574
8.63965614230022
2.3966701832283652
-2.6219979717651403
1.0845765124817206
2.734878103795728
3.384478904529754
-6.670753815119893
1.659257252370566
2.2735106433451158
3.125654006500923
-1.8314464892627522
-2.5044657738671416
-1.9277079966328636
3.443005438848352
-0.8102659641623331
3.2337396980986446
-6.7618284347456115
4.62062394825407
1.477161472807083
-6.617452648822102
2.250093660352366
-3.8821467019282188
-0.32069042516329144
9.063694220681313
1.131737793474778
2.3439376627293607
4.941596725530227
12.725475212100037
0.3064464977192057
0.419219592715885
-2.812197715837614
-5.469641927082331
3.2404495156405413
3.0088476458067652
1.7471692050350542
4.975669547405362
-1.932744452691444
2.565353037786685
-0.14083493261174684
-1.2032063148912058
-0.23524978606323235
-0.8679863823742306
1.2929860412298748
1.1914291962404318
0.2708406986211195
-0.9629080497606916
-1.060587871710328
3.2775358319621306
-6.579536064801345
-1.766974575437127
-7.542379412864335
3.542802514414506
1.6267169989919492
1.992302596746753
0.03433388510513621
2.366369653813435
3.3944500767802035
3.7998599947748732
-2.6547293334620496
1.8886368253814168
1.2642278670637026
0.47178746126850457
1.6408085734947622
-5.011214647296697
6.7217479047496145
1.542187603245508
3.8086949284076193
0.8611889933180243
3.1669062172731066
