-4.419318310303604
5.761559486389358
1.9002338202990725
6.1800954261690375
7.400721803339104
3.4270776322565437
-1.3811391669173732
-6.657172061296899
3.771398395300592
5.709212100807136
9.976283175641635
0.317319251946088
-2.065134667772442
7.429197093083873
1.3875352001674837
-1.347641967805047
2.742609523941781
4.760822694867661
5.778117558190136
-1.4182028063128547
11.291758391104684
4.615067899607078
7.792976029026657
-2.918904406158743
-0.017664597988913597
-0.1936243686052035
4.041725435634014
2.787960378993837
-1.0620216435550864
-1.9800440727469213
3.0200559392862827
-3.327023104280557
2.1661460783556192
-1.2004885426357714
2.2487319084432524
-0.054379779864673114
3.963466079464274
-1.4062357444182998
8.015585474063041
-5.151792011094922
1.0359000213028824
-2.562598302742289
3.5474330541205563
3.663786815448547
12.358475458572524
0.01792391103408807
2.216602821494246
-4.562667660685812
-0.7869163434169606
-0.6628757288389996
-3.408884640396805
0.703103527330383
-1.8864219755537879
-2.6616587278562944
1.1003531464986351
-3.380014773427498
5.6949623600850785
3.9976146717180168
-3.2779224162271725
-1.9450682684916352
-2.941039447528823
-1.9682030837349203
0.24012611872508444
1.5191766350774745
0.16424134543373997
8.31119193968234
5.344530913356394
-2.4224116841412444
-6.989951143300549
0.7092302565119813
1.933870708386415
1.3561910548099196
2.8456762031037615
-1.3533835767215399
4.578418640225528
0.693801571103924
8.15958651618832
0.5019184260459639
4.018598178009245
-0.28794296354748167
-1.2349033190446312
0.7597592410306653
-0.00034211594273261895
0.4110259054781985
-1.1536590002648068
1.2137509806821516
-0.8866434696691587
0.6467459040686802
-3.7154951103144676
1.1795067623590514
1.249978155385704
3.8714001819183594
1.2853936442721567
-4.841009937838382
-1.8729153096849598
3.4168250750023876
-1.574058545740891
0.7830778539607879
0.5096559060480841
0.7769841167672331
