0.9473057439880563
2.0120607226479623
-3.585893952742035
-4.055115509785162
-5.0846382171750655
0.4358877887245083
3.2854194973978563
-4.462354785505981
0.7618366189456429
-4.370278348392055
6.2626255561480235
-4.068110180712608
2.9424084516505653
-0.5050525545398035
-4.748884043743217
2.9387878312876143
-3.9520124357924153
-0.7321752223616385
1.6820940721490099
2.391340229865635
8.437835416668083
-1.770544042658094
8.228723081346647
0.6291791712921059
-1.4920568288629878
0.9671210134681458
5.296180034508865
-3.2140705469654725
5.106262215022571
-4.121612659579103
2.556292363563325
6.00130071707103
-0.5767869483168613
3.0944606092366467
0.12632636997533322
4.64741423456911
4.234256582190263
1.4383201524896272
-2.5544219882405392
-3.7708420591269745
1.2744774332652755
-2.2012442071464937
9.222036288389576
8.40221489987265
-2.2319358609885525
-1.7990124079532208
4.335742382521855
1.0699023508144174
2.774636003365119
0.3042555058551051
-5.86477333009718
11.897086752479417
-5.203054860371864
5.278197984779176
-1.8444702708943101
-2.792725513640174
-2.71249685499484
6.091146243596088
3.881936185840718
-3.181817311301769
2.2088829336011124
3.735256788480406
-2.015744124637856
-3.756368192275862
3.694973486604078
1.6948342047029892
1.9001455987083504
-0.7571311577388702
3.483669555743811
8.343380482871755
5.252704845738771
5.3278667384805125
-3.5321985433424503
-0.1311446890172066
-1.0355952192996218
3.7802784911109386
-0.7107940460683486
4.035264757327311
0.04196680021004262
7.9260233781341505
6.8677632534050295
0.7734679320297059
-0.14885239351234533
-3.30035617574611
2.1971683991755993
1.230929223875289
-0.6624426650050161
8.115908414325311
-1.806603165578353
9.057670219381109
1.247735353478832
-1.8603037622191578
3.9635618089299944
0.06520324633402598
-1.774190389877775
0.20090983880130012
7.562341496576724
-3.489552292930771
-0.40295762164168886
6.595680511559817
