-1.8663331644893373
-2.2340234622330337
0.769791903151235
1.7288233508364752
1.0785894409271481
-1.3083844786327288
-5.490266406707432
-8.161999740180892
0.8018130190900821
0.044992898542133425
-4.601053681897768
0.455162906769484
1.9598827474690577
-4.353286976089419
1.5380218329195894
6.341171050757498
1.266134387557559
-5.244760652407088
4.188513932288115
1.984134140243479
-2.0896947700359125
-6.287719065129628
0.11920455937396728
6.742130859112246
5.950807823520063
-1.2934633532394326
-4.535601067121352
1.2875832738223698
0.921197551370837
3.9349190145373902
5.266517614465556
-1.0453171472257812
-0.7535794248891898
7.212816722795253
2.3294885167134756
1.9759475704182194
-2.6567021415478314
2.192142025683668
-0.4447795494767437
-4.34538110385682
1.9971384548215596
-1.0617399009630792
2.0219120770780385
7.280758289753917
-1.7384867279892433
0.003781286579003269
1.3219309048317422
12.732975869455341
-5.466117832752769
3.1609974050032714
-0.3800393839909308
6.175413329939637
2.2478952906580156
-0.06034583711529988
3.1018800310532875
1.332731910014927
-4.401636325335587
4.696526153161562
-0.4842878777634275
3.6923347446941603
-2.650754976137457
0.25875486403442927
-1.0746928099233832
-1.6398476664859156
9.848772030115953
-3.4760760059184013
2.7532058780857103
5.0061069964392075
-2.484814886038022
-0.7453064587125178
0.06980950077351553
0.1805611961408946
5.784592287083248
7.0663793407107836
0.5754487784696596
9.74410921850577
4.558479826059616
5.8991303925341025
-2.724761745195439
0.4808778509025757
8.008057157091395
2.938863568237307
-2.7217089125602403
3.7851865989889664
1.6863766027269784
1.0684499684593802
2.068108309968075
-2.9920005326576558
0.43941113349718675
2.8110066835144196
5.945888911602758
3.780645082413746
-7.74347538916369
1.428732427448663
2.3917481972324657
-1.9441256969238374
3.6888811973309927
-0.33688074769592236
0.41813932998688164
-3.40964783218229
