8.35303205566071
6.167635241592208
-4.872585190000224
2.184165092343097
0.5158138444838389
0.5894883414494048
-0.15127395746260508
3.940557112217648
-6.144794474517968
-2.7149277592649392
1.8876779852661767
9.883903873660302
-1.6509356003016826
-3.191942813752267
1.0600027736285225
-2.649225089823112
3.899682042996031
1.3623095695408378
0.13216158531571093
0.8986183194845967
-0.004243279024590608
11.984017042687315
-1.9581509709603675
6.5400445722533265
5.03727184761748
10.400216203460943
13.797154683220809
3.0095631600965893
4.494903145789158
-0.17446049258391633
3.3250873439188378
2.46289082464071
6.103134010053424
5.846246805786453
-3.0285144023567248
0.5604050003887661
1.699582474020226
3.190161103328969
0.7882656204680216
0.4698898642165653
1.9560346711255385
-3.5648677727385394
-2.6759395486424857
1.1949906456907848
3.243297869908517
5.93680555766932
-3.750812472134241
8.504659143124243
-1.048535272336469
-2.1674358616613776
6.455999281899832
-1.453936528551761
3.5920367578413632
1.413501393542814
0.17414568783578024
0.7631551358020163
3.422469256982569
3.437434866349215
0.11344375614965732
1.8077738454486885
-1.0869541881396056
-1.1768845807449324
5.1272208924017315
-0.19477782154406997
8.482490010048323
-0.005208967826488964
15.92107326921877
3.489911759890874
4.47196414869727
-4.249431894328395
2.4535479998747607
3.18885848563737
-3.090240373072462
-3.3794971765960593
7.4067510209290734
4.27245805290072
-2.1685577131379232
-8.33122690486768
9.518778455702707
-1.3852807210819975
-3.0132511123736325
1.2800666557766611
3.9462390779131793
0.9944631514182416
-2.202974463619014
-1.127466986928243
1.9582223335660653
12.56236394240852
1.4278457229826227
2.0084564253740345
0.4683114961736919
3.7503320724596803
3.563453593289382
-3.097272688905267
6.615177995739724
1.551324788175665
-3.5473603788903354
-1.1454101005854922
-2.5165314801179317
2.3627409575021643
