12.044191341934148
7.9002876628172105
-0.9380542657179554
-0.1660004799626932
-1.9879542848603355
-4.883598409056805
2.817577288365647
-6.253511205973119
7.9551959419180545
3.5215361322825958
-7.279208066408238
-2.7914598893257265
4.282544144805943
0.9535070565287298
3.6035525764410083
6.730097038145965
12.767448571332384
0.2583699129055501
-0.0445435357455652
-0.8483594751268488
-3.6402579879889636
0.6205926901869707
0.8965065577667437
-3.3377868378835274
-5.99301195011062
3.6732960132876373
-8.364395521966172
-0.24820086114083487
-0.12891966387232934
-2.9628208117224073
2.3231974748445436
3.7038360229184146
5.1042724448772105
10.628369629552147
-2.665610760474605
1.6533864662517297
-2.207214385493209
3.179690600707711
1.4846345106388386
-0.9497497627048002
-0.1456364596353208
-2.3735991185989893
-3.149981491339024
-2.7869120565508583
-1.2772201940310137
9.053073489478376
11.177147389662696
-3.007754224144241
-2.043789111817645
1.7737349563731892
2.095402678583745
1.0444268410766027
-4.047723901479168
12.125131877043748
2.74037299767699
-2.0626860980304667
-1.43797922696361
-3.150386306027608
1.1027589197480463
8.838428923764656
-2.1262182922424993
0.0119203058998263
-2.408361971101967
7.346755215102233
-0.6561498237883931
2.1639160088490916
-1.3687090512650975
-1.5203199852839042
3.4177515971188908
5.213251078979817
8.045964991709475
-2.722328594086575
0.32104625323487457
1.4519337902184142
-1.262837695556648
2.0975644826332065
-1.0017555655676913
1.0494876382474878
-0.4266361827104561
0.329965452597173
0.9248289127846803
3.0182945982712472
3.668161862083249
-4.083668397455397
-2.5060484002988455
3.579256914253139
5.524136034705432
4.255924012063058
2.6364412114879965
-5.480313042780281
-0.4651242734794856
-3.8961237443194965
3.2196436516952893
1.9279231043512821
2.0011299387144135
1.8302520951130021
0.31275655825138876
-1.6798603486358714
-0.4936072259271164
-5.389405568709089
