4.210035338335734
13.710797766179905
1.5725219885673702
-0.29998078049512955
-4.714628794395385
5.349246391556203
1.6615035692590387
5.9683792091638885
1.0635726478399905
1.3769266056230332
-4.339166715116604
2.0888177168578435
1.2163538471995974
-0.2776406853283152
0.14037248552434872
4.510753169141463
2.0818063723786917
-4.481830491625722
-0.18365271987166842
7.412009701318011
-1.3884528200180681
9.524827559109191
3.598948757806905
14.601695001770912
-2.172591746631274
8.713573414286412
3.4801286145325134
1.0702183004526304
8.187180820892403
0.5541540763822913
0.3158474707888812
-3.165982545954301
-0.3780812361126966
-3.6892410453168685
0.7923650400445192
4.642865183636857
0.8011799098104095
-1.3980469412732788
4.8573743960006155
-0.45110256640212193
3.203749258589762
2.191219674174972
1.7658957155606994
-3.5176520757548726
-4.06467186825004
6.57798225370652
-5.737637835978422
3.9243229803667563
-2.092586802470208
-2.8066379774235415
3.7161610127926963
0.5230864171600307
4.671554007875578
1.9341753672740953
-1.226250245067352
2.521806725881941
0.6965110481956929
-0.10888885604086947
9.936842435815985
3.010832029227756
0.770954687122327
-2.0967107510226524
3.3371575037912367
5.1324609057686965
-2.799427044563988
-1.08657625467524
2.4783894237887223
2.2700525716349884
1.2905712790278505
-0.10427103808033296
3.3078324329312343
6.670653343609076
-0.5181099521243064
-3.789680043342054
0.6180137065603701
-0.2535227765070823
11.77030827922999
-1.6810079073348807
1.9156551911676032
-1.331879846018358
-0.10797463171124569
4.571811366830955
0.7469017549353367
0.3478049871754285
3.035965130185212
-2.0262498639982542
0.8934707294817154
-0.14733896798190946
-0.10818402442579306
-2.605354030541718
2.0153918056225297
2.4264619454797995
-0.6425042414112689
6.317277284820911
0.20024961527034488
-4.1905997495658776
-3.2530778154817366
5.35180450447287
-3.1823894924131086
2.3487169923691
