1.043153841839938
-0.5151258352217976
3.042656491411753
-3.362178585781721
-5.114883896896822
-2.0398472570804294
5.137493129588535
-3.3418892066198476
-0.13247356414019046
-5.328651825988032
2.0795034853885435
0.7054931292114989
8.198702805115033
-0.28024442379216463
-2.1493460375410556
2.9643753939070656
-5.978249796692786
-4.458317658410973
9.041761197708965
-3.1974311333199754
3.391338066236905
2.5877805007972547
4.526405832007755
0.7856338701710969
2.501504479304031
1.896142313567673
3.472788878811235
1.5252142743168084
-0.6601752425945472
10.824317047597898
1.0003864471972785
6.39981267887622
-2.1076739480186264
2.184852876363186
-0.952497933284031
-6.393065538335172
-1.514844055522617
-0.596788191020872
-6.088547633801161
2.512469351485937
-2.636871179632001
6.848480819788117
3.4498773641328926
-0.38603858135664393
8.213366970212654
12.604853252900334
-0.5362081820966746
0.43217260838469157
-3.9277767163381805
-0.7865479051170208
1.5675727557794934
2.2682821234583472
-3.906682105858059
2.4924829909220025
5.115676205458552
2.6188231357602296
-0.955060568742801
0.7745909949887508
-1.3326786574680307
1.6241444113608396
3.1292788301880696
-2.0702812781892233
4.975130234283428
-8.510159719022685
-4.112589209597823
-1.9714254954348904
-9.071579250174018
3.7744147174647136
3.388164423090464
3.220918894174702
0.029790168368885137
6.1920416629841775
1.7926338331241674
2.516908230409887
-1.3569072642755033
3.184364196959867
-2.6808048245444964
-2.3826495377356975
3.9280691189129007
-3.3007927242397006
6.278148752592811
1.8135133535444319
2.9260619615399586
8.412774330159037
3.1430369814661936
4.096785956029308
3.718719328996735
3.1129320133098073
0.2635732137238036
3.1015382279907886
-2.5877223686933144
13.088549828686574
-1.6385195662690077
-5.163390500998025
-4.760604886027847
-3.152735389937071
8.74257386948667
13.301850537070187
-3.1233177663331624
-2.1830650315388214
