-2.9934962053748757
0.014726989812347602
1.711339033861027
2.1890471478073086
5.616369542904443
1.2801225462131116
0.516983892337588
1.20122260619771
1.399394328214978
8.231679975362637
8.087656166571803
1.509125892404117
4.436044711570229
1.7344904823468879
-0.44513018276400784
-1.7837456816477424
2.9541350216018247
-5.524396738297994
3.0413531876006172
1.6757008167238907
-5.385414968760688
1.1891401958627243
3.948014070214717
3.0740496234276176
5.378130808027864
1.2827456742197212
5.938552015958014
-3.626806948110774
3.2767080362552514
-2.71265909699102
-4.226435305242265
10.988042386818574
-1.5351819874480865
0.22820539421044767
-2.7635535995404936
5.191845999597937
2.461194085030445
8.67493757904958
-0.6621420176644883
3.3507810834406864
8.626225034076173
-0.8508468731248722
-0.8420732159726441
2.8888229878116385
-3.805537051176234
-4.232325180093048
1.4601131162013723
2.130190417573519
-0.07665052984069276
3.7529852533429233
1.988339241630543
0.5950165637951348
6.359330267450659
3.951713985678799
6.126778486541225
-0.40308125974873266
-1.6483783456501726
-2.0475432212288567
0.6551341353853277
4.875134897391809
3.5901691850061246
1.1377087599695468
-2.189747351828497
-1.6832334657972932
-0.25748467445406986
5.199095915699194
-0.9159443571343103
-0.8165447993964029
2.835763567736205
1.2419401191069785
-7.393825876191517
9.39131087287096
5.047977420362159
-3.894244670478497
-1.3287343535983878
11.071282758549694
-1.58539561906648
3.5806574019537445
2.9218603203383005
6.985249604044341
-2.398529395253647
-0.4138739671628324
-0.5655308040095437
1.7768706633853508
3.615775438700524
1.1623560257045091
0.012636719079431171
-1.9464110931322325
-3.016184750002995
2.9247364968258456
-2.129063525171354
-2.721771993469998
9.074131976603471
3.1451793799086785
-3.254104271954483
3.7928020048844844
6.693730575110854
4.802092139251108
3.6694347569146966
-2.2790389036985075
