-2.563031734262343
10.859208477603799
-2.4042756114694024
1.6505477316532815
2.4440366068557564
-4.489118795641783
8.985958507273288
-0.735790900861289
1.4708396514832072
5.16974027127956
6.945315622954231
-1.2575329066643373
-2.4099548567843017
2.5614172284152272
1.3479319430653565
8.57610129521997
-1.7105139947215382
0.16323998515854063
-5.375365241315505
0.38485998140813915
-6.24745798472267
-0.053770188320702926
-2.5251344621528595
8.951833790170909
-1.9682670817042767
2.3128426953320047
-1.843049992570449
7.786838589713768
0.868986022089435
0.21453259060719398
8.204408554555242
4.326933776466744
5.441026650207242
-3.658693225666386
1.9572130948439384
4.126343079692616
2.1755538675654913
-1.172114450985298
3.04567147250659
0.313825399138486
0.9770290403554833
-7.546644947563681
-3.2501665681395133
-0.18416213985495616
-4.844389370025551
5.340692690695805
-0.12450646853178095
-3.8979836709325806
2.8397252746107076
-4.20606269444354
3.8506201468497387
3.577788108503008
-1.5152167134689052
3.1809346411677297
2.440049085828335
14.659843707867346
2.1251320841217165
-2.7349380542968618
-0.20608511292474707
0.16567783938641578
-3.2976503927694165
-2.990339168273495
2.3507517926411547
-6.181551469660837
4.810991033761074
-3.5686236484805995
4.213848939874367
-5.201215240915275
1.6576472689961885
-4.264894525380289
5.232525474778962
3.8397069180557413
1.7546288476820235
-1.3483489244525098
3.141141964179194
0.15997571245560108
2.5564103163472
1.0420420577034122
7.712455034963398
-0.6038639527406525
-5.374343081938229
-0.735715093960484
5.510044555514223
7.329173355986359
1.2967791924157535
2.9574044822249883
4.474615409549084
2.655459992054347
-0.5738946631415458
-4.134439636392122
3.6782075459492707
2.74797943085668
0.5414685739584637
-4.278152277307951
2.059291119526888
-2.8284047153148033
6.311793684838769
5.101903783760577
-3.349973193047199
0.04314854893555167
