3.3763378397587447
5.955421647775308
1.1733790777483721
0.40985472794098876
1.3919461126304433
-0.845046425953243
-4.750764810724013
4.431039215015376
-0.11470187900906965
0.5727216441119328
-0.3032004348857409
0.4863562195552104
0.5079170444131724
-3.4227149728434885
7.444807019555996
2.0493516674468313
-1.6975427884201792
4.835029029642354
-1.4613238944270754
3.8889910719033915
1.6288719272045362
14.926630615674856
3.981256249190065
-1.8907803854006702
7.356936245198844
2.743464955764709
0.24215626938227372
-2.1845846643001128
13.870931550764116
5.075271342386482
-3.678932706642532
11.91905687813281
-0.9061125820028764
-7.157134145960882
2.1323238926557524
6.032851762155706
-2.9057927929174596
6.015830415196909
0.08577395174737916
2.3317050924630465
7.225604247400017
-0.16316197773059318
-2.41023839293808
2.486653429362051
0.07714511878357957
0.7893947124947027
1.4554089582794276
5.051992173421779
0.2763712522494962
6.051495155755479
0.513230067426854
-0.5334920709591805
4.347744031754592
3.5500933628206743
0.08820584936930825
3.7449452447668996
-2.5817737248875368
-1.3924243643072425
-1.110267789612727
-3.76448906039961
-1.0539201795849984
-3.938627898422311
3.0284039506046296
-0.05189535096276773
-5.4742814896150565
2.889046937731245
2.3835439326627337
-3.6265782928933863
-1.3698676546885709
5.879845467427464
0.19416459121663995
-8.554130327042145
-1.9476853305026904
1.9696855509545799
10.137909551970361
2.747354108357709
-0.6100916126732262
2.9903777467309105
-2.220323393334666
-4.6992572281987375
3.52508792745663
-1.559207367468118
0.46602282613182655
2.652005114452347
-2.0679023523990296
3.0721374739874463
-1.0547414718195451
0.9041793481392857
1.8405231754308193
3.9704550953476927
4.210358487741676
-4.065052736123638
3.3730371024804757
-1.857850404225089
1.6762547491526754
0.01928841457485298
2.628316199634243
-2.436932084974064
2.1398789725639
-3.6822497591634624
