4.387222562328944
7.3339800704501314
0.2824640265762442
0.9915344864719837
-1.2494261027021418
-4.801099783685993
-0.4046172189431532
-3.7192230257918037
4.0253611607939686
0.7933320195321052
4.180801361714352
4.765788072240959
12.27809879626129
-4.521230584480232
0.9038754481351072
-0.3915519767346273
-3.9275930535584105
4.700213946962883
-3.444268402925042
5.0360003439622485
1.9305262386253426
-0.25778420701786664
-1.3301797055403626
-0.8611106737455435
-1.4413793279062919
4.623068140467274
2.7294904898379078
2.310524626751296
3.243843798205047
0.4744442352100221
-4.876377874710823
1.7045750002630848
-0.4826276283827555
-3.1005222920600763
-7.340054830998808
6.925434197867753
1.226894217652612
-3.8641319113861305
1.7947856721942257
1.7580910027258199
5.007681224745664
-0.45168758746918025
-2.617873349331944
1.7032449285854585
5.505421208404522
-1.1641118582760013
0.6999261204575178
-0.03181595704331247
5.809241666596625
3.312793093918424
5.355040606861646
-0.7036839866096682
-2.527946532212298
-2.930908980369845
-2.77779257093564
-2.5074036439867347
1.6387333792228516
-1.8800757322798727
-0.6205236990567621
1.7363960592136558
5.901565387210269
-3.655792541965548
13.185544748303045
6.029390054370423
-0.3259784066329607
-0.23577381413210485
1.019142834691019
1.1542592228687591
6.676562287008331
4.31807107686101
0.990879322750172
1.8757971273477185
5.196668134194457
16.372337592835727
2.806548411367971
-1.0476742372754821
-0.736961941247678
2.438008480294452
1.6643236228252412
1.4021701864254372
8.191091789024123
-3.387178595805174
-1.4021863104477545
9.424090758785226
2.270812351077274
1.170637356028629
1.932210026157512
-0.5999754912945959
3.2840191874382114
-1.5637660621126521
3.506497332113934
1.4816573909362527
-0.3097349287817754
0.45337480019927046
-0.08818891599975122
0.5781443490198523
-1.7826223408251356
0.3757340845966761
0.6184122472595525
6.2841871071433975
