1.6312647114247354
-1.0323463192253186
8.483391384013416
6.887611908642552
-4.422630592665312
-6.170186946108149
-1.4896120219777527
3.2728051643856344
8.713898512970252
0.002628821994225321
-3.296075476482846
-1.6128583719528808
0.579088258571367
1.018521080541324
3.545551418475444
3.085042469739065
-4.880754055872255
2.731282385750211
-4.719519123577842
2.660623116944157
0.5545794527933978
3.7119353578262055
-4.524841821831334
0.5468911990819142
7.108379103277505
-0.5128688857186183
4.202481467233005
5.388289612187994
0.9348064133165013
2.174674131070093
-4.097752459339456
10.84908576928004
0.8577588439707073
6.142451055118659
0.8549850468367848
4.025712161506608
-1.6240963953473702
2.905558464603455
-0.35420687338111434
0.4993010946524691
-0.6965860594591529
0.04377926436256843
5.1160216299397785
-1.9846305504540007
3.175804137538141
-0.31218969832957033
8.610904939257352
2.9704292520592617
0.20809076632796925
-2.674464797497543
-2.010839487932814
-2.9883042404834206
-3.877147432733997
2.426235168398369
6.340738677101424
-0.706189774034539
6.816638390994811
0.04823514429055228
-1.5665482722558841
-1.9116575116005532
-3.317358730226765
-1.1784095706204931
-0.5949862159223607
4.571691909107624
12.727007744014916
-1.556362185302977
-1.3179523169894098
1.329443097102705
2.0724354940478826
-0.18282470282822907
7.805984868458832
2.666359390819218
6.008903556512724
3.994613264794605
2.8810659643282994
1.9836920855215774
-3.7501484370681677
7.476645688874221
3.1512231344602495
1.1947350355638577
0.07319645181077711
1.6414232485291174
2.1593816899479523
9.168623450355964
-1.0459457301063335
2.9747945660338653
3.594485889523204
2.144995321290541
-1.6713126368709426
-2.6162176832533017
1.7849503473491517
-0.5968998218729297
1.0025474683417328
2.2011065607914806
2.789351643555936
-4.114659162096986
-1.5089807816796372
-0.026586102821709007
-2.380059449520719
5.908750411569872
