-2.968627341255589
0.2832747203671998
10.775501795142533
13.216507215264182
7.522590926016951
1.4583386009529429
3.198175685739458
8.386241328232256
-0.0589247793635231
-2.8408065382850634
-0.44385556951750793
-2.6016728525297173
4.839336448928657
9.349838728312465
-6.5992893185123895
-2.735783085458533
1.0633001784815361
5.715729681513512
5.5475918545837315
2.859773508535688
7.008337330567505
-4.5571773803526145
-1.0453595590707692
1.3563920243479415
0.2324532707242573
-4.061036190263419
-0.8156563732702278
-0.38973989226936456
6.1513246639314625
-5.87301440666876
1.6891599451222503
8.660674179795755
-0.8469085457979326
-2.810747834681745
1.2628387067554598
-4.802175738451124
-3.053824466161427
-3.091598381961796
2.1113445739512953
7.3575447350168
-5.162115589644669
-0.659917356505494
3.9597384436074092
0.26517771399077805
9.381936553487948
0.8549555442641097
-0.24066563236679028
-5.225641709614518
4.8252470075493274
2.3701635847947164
-1.4274614708630944
-3.831692610651852
4.867357909249694
-1.891795134791043
4.355037214126428
0.26998723397784247
-1.5066159272467448
-2.115089394171274
-4.64270891938929
2.693091575424719
-0.026935468538213304
12.31616484307905
-0.9541298971231337
4.452760903442583
-1.7691945310604766
-1.66450567374641
-2.4758597179930217
0.5476029440762188
2.129901196764254
-1.8067404101374822
-3.363617346853432
-0.2462211821737205
2.756149042154636
-4.4592060035103
-0.0684662545943823
5.075086681663474
-4.451062575980643
1.3591839528586351
-0.6512951391618887
3.236721705598158
1.9851971605382082
3.1663093931370105
1.8758697550980876
0.9152549621454205
3.347572678011156
1.192413196657296
-4.743332701758585
-3.9258499575816055
0.4192015688447932
-2.0920531498014086
-1.0264870315498822
1.411847431940903
0.6170280897198996
0.5961929744660144
6.121975973349075
-2.4401109418467675
1.568621675087197
-0.5502464877330107
10.48453188958672
3.5854954788646114
