5.208815683421969
-1.4728024973136857
5.765808573703473
3.0852933930790623
2.2222728604248037
9.891107859045944
8.42113882949721
6.0246909348111135
-1.0711829559299186
3.5551707607104426
-1.3084467763253758
-3.9745158214947613
-5.2800231988509925
1.1088748980901664
4.449704877468485
-0.946291878406925
-5.089767510202517
-1.4456203713754223
-1.8064118502600706
0.5854583048248878
-1.591170749900191
-0.8660823793411547
-2.245867824400678
0.4197977944118676
3.8772579117000987
0.5127208682677922
3.3923619557611815
-2.233162151927396
5.890985681125734
-4.218095776384805
-0.31599110539458836
3.2025563643572066
4.6042389007374
-0.7489634050873925
-0.5266035580651676
-2.764940472561653
5.511605032741173
1.050807634903231
-0.9470722595271381
-1.0670736567473589
-0.8911659341587999
0.9388355984492885
6.3040171467607395
-2.1490950266514637
9.38959575553513
0.6005840261023109
0.744562706643221
7.334054509451344
2.4169208993885816
-0.10963212806590245
-2.2882072073273196
3.1591765700622814
1.0403903083566264
7.1657017744068625
-3.7253720823753573
0.5996660125887847
3.5335839826158755
0.03932639786191647
3.8823324840548
3.419954128106326
-4.792450981299291
-3.8094259286159797
3.0456782709675143
0.21034264001363587
-2.443372744472395
2.036230260443709
-1.5698785420382535
3.6961913570024185
-1.9696567464924688
1.5350359775357996
-2.7512478355513377
-1.3103220617745122
-3.4665443914664085
7.279009491747226
2.015497818244964
3.8569730269006595
-1.7109693812092799
0.6532004325355619
1.0615221013631275
-1.583776954633579
-2.832063309873691
-1.3756273034475328
3.2706935563965684
2.6021027529797207
8.858297749542182
10.068739276409026
3.3862230193310334
-3.4898229899417097
-2.2626145294883533
3.1434511403362007
8.273864288075847
2.0575625677978806
8.772187288372622
1.0625529802424998
-3.525616088819015
-0.6367874276151312
1.9516324669841505
-2.776691068441212
6.930658199612765
-2.2355473869011795
