1.8712870151297643
-0.3661666152241476
-0.1070418338449017
0.0843364274252762
-0.9777895414089021
5.12512412709859
-1.8605655218965604
6.001382196785791
-0.20497616371471228
5.6632415156107205
1.9576333571717117
-3.5398851270845544
-1.868249423869278
-2.6995422230167776
-0.737428974098147
1.5333394073525985
-1.5438719697421797
2.590615453385511
5.781279235356198
1.0158115656673272
-1.8023305003695032
1.262369826883544
10.116479853074367
0.36395019462090616
1.2831370457783258
1.8014150967702025
-2.475859972252462
16.01521890505319
-0.013091844171999385
-0.9897248947482111
3.2976847357435313
1.8776731947524299
1.2752438020318881
0.7991575950844073
11.470340359830672
-1.4892482768479756
5.465752565297315
0.028247852086472045
0.5090968538813098
12.923042167551628
0.39436577371565773
4.009765932575258
-0.7875749907334492
0.37515622029282025
-4.95167701313545
9.54403997204963
0.5779776230023468
2.6383386846164454
2.555981121939948
2.146365416954779
0.7906390312743854
-6.764806105713287
5.317696477324305
-1.9904196230377054
-0.017507763820332353
-1.256135163813605
-1.4500655635679371
-2.261539637438029
-0.9164943810316768
-1.9015054993996394
8.308853300046357
3.9548902172237135
3.7614202239242536
0.6217190981461649
-0.22583614799915241
1.481407622927766
-0.051622890376004885
0.9947280682831677
-4.909574674983236
8.801424721775835
-0.08208501083399578
10.510272823312672
-0.46462017381327586
0.8363730927284194
4.843454356545562
-0.3013562810569952
-0.6142975736517318
2.996951957029537
6.895906009565573
8.743120980100388
-1.2755020073223688
-4.664399132453406
0.16348407957817573
0.5369423130971264
-1.7428357221127844
-0.8711871723538793
-1.1756826112951657
-4.309344457156339
0.7745438966686571
3.2938601018766
0.939537335543882
-4.622403587038713
1.6832113686016341
2.6183527682091765
-0.36225201644076244
-2.555041259105944
10.786159438782052
-8.223900202294592
-1.5376749986246752
0.6796654919792255
