5.598981131758928
7.361050575912018
-1.9684783027232025
7.766597421175529
3.565863438804386
-0.26621101841831185
-4.944695076369938
-2.0281421531646657
4.399723565752238
0.5571557288470737
0.26244394454204556
-6.236892886592845
1.5902273210925548
-0.8524978082790318
3.2972606986238606
-2.213373710315061
0.3735640925311498
-3.7194905710118267
-1.4717671480877248
-3.0318145249304784
0.7173105892178404
-2.007108867568368
5.273672044682288
1.1247757562174532
11.675624910499327
-2.2194723297259586
-1.4827393872570427
-1.6523258535861456
-5.112537350777259
6.3985885513374825
-1.3192659271997735
4.9115001520524535
-1.408750064253426
4.693200961114586
2.632931016865137
-3.3393227578721714
0.8576084625935864
-3.626499909678029
-1.6580472778076176
-3.6448232356169115
-1.3370212693345807
-5.382031185745131
-4.018022867303237
1.2281681689859871
5.101643868488843
2.8799130033862106
2.481171566658953
7.059319152942306
7.018940135460092
16.257207891686086
4.5124068278711045
1.5366722924254401
1.7317548691361817
-0.7491581536146222
6.995231419401755
2.9192278760657744
3.2642677059652154
-3.9999805350516033
11.874914647007083
-4.3666114496345605
1.5621959258328277
-4.085744325364868
1.2557520698369842
9.525984522168617
-2.2446599275055155
-4.069143427544853
6.71646225006925
1.0764049207377033
-2.1251290468946515
-1.2648412287287671
-0.41228379211330335
2.3533394533489833
-0.29518805811616616
3.6434607538859707
-1.6351416666281393
-2.589706993279549
5.964301943109032
2.564558781078084
1.6965825615283796
2.754632309346387
-4.893086384109729
2.0558165821862877
1.2590987144134291
-5.004194049889572
5.127540479863857
-1.0928225351151597
1.6916244403832637
-0.8819450238948932
1.6341125371697385
3.2059781221048698
-1.848519335924042
-0.5184388333389135
1.9945505723121477
-1.7225944733192438
5.484547581832386
-4.091418535611046
5.883578533340698
2.508845362733071
-1.4299787869303617
7.273676488727723
