-5.123760198780389
-3.919712012956442
0.6492363279306457
6.733896809438152
8.420339476439612
-3.793544572206402
1.8891752022841684
0.9791970316515219
3.7253822712745475
-1.7897358247028605
0.41411058930976696
-0.8228844156358364
4.246226470860187
-0.445229122522001
7.862884374701388
1.9887611179021294
9.970684428658258
-6.01329160487014
-5.470181347103985
-6.155751757135324
-0.8551015255238247
2.632738093863196
-5.361834026988956
-0.08876488850984028
5.045596503895409
4.704628659986835
5.044273080975225
-1.129114092597173
10.744060328165148
0.6375163615008183
-6.9668294474007695
4.351562090044076
-2.307210663638421
-1.501219064919129
-3.077354113283275
1.6597776080717126
-0.39196800980146673
5.80067523656947
2.969656167156082
1.7368159112103903
-4.835222558013589
13.786287248125962
4.026458813571522
-0.444532253040395
2.3269249082031247
-0.46834751633370425
-3.207636780083928
1.0580939130028884
0.1926788048682648
1.127241747739877
3.1692498653894017
0.6626012807204612
1.1124930680571214
2.2762753640732245
0.4464476377565466
6.046701969138455
-1.6203804688228787
0.020017560853355043
4.532585434460274
-3.706204516956862
-3.733286536749664
9.886543087784942
-5.616841527105548
2.3531033181993433
-2.2813598849216263
-1.1257050901866363
0.5095476012754899
2.1762734765595684
-1.5583434614215381
4.316464653317734
-0.6707807951047975
4.800176466178395
1.2252972941125473
1.8277580713065054
0.2722841928877199
-0.9434907446500973
2.337554333829524
2.460915603753971
0.721388039087344
-1.1418742016342431
2.968747128722004
5.1721926021983045
-4.5502092441367115
8.107013372422841
5.940807559654671
3.650781872537097
-0.1954302319130839
-7.300725862954647
-1.3834171316084674
0.8321931373425437
-1.4082813930658837
-1.2348236733915
11.715306902947134
0.7965247947400664
4.238247353009315
10.611583501560165
-2.1680704483609534
-4.52500336904652
-1.905625591220005
2.7719180585609227
