-5.761006782404603
1.3801137711553104
11.070973679295646
-3.102527425167186
-0.7578622181459105
2.996967572105039
-0.6992335179221145
-1.6917637235800402
6.832166715958596
-0.2527982110106147
4.379013320399933
2.457900824801176
4.435370045134931
-0.6988072354992848
1.336568723932837
-0.08376956614040082
-0.9896859668586283
3.993020136028691
-2.2271754326749993
1.3823240904206437
1.8313224162980477
1.5941545293147676
6.525769028247808
-0.9679585851072481
1.1762746644681827
1.3912911589336707
0.3523394961432465
0.386507584764929
1.9458381373768188
6.135587358680672
1.2503546166076451
-1.4451148830519345
1.0354273937973866
0.5254642490211865
1.6481712714703254
3.5433012733984324
-0.4274010556310154
3.732937999182613
0.4649439176455675
-0.7471091943499908
2.4931914221167157
5.867454370913304
12.733990223989633
3.9711154017247496
-1.3384571019598153
-0.5816457143823355
1.1926527936694276
-0.03762790369555255
-1.4198900674104455
3.0250739091964114
1.935328061122457
2.806104389061139
6.096368936830009
7.284754533692288
6.708033331146343
-1.595197705001865
1.89785444461139
1.876882504035561
-3.265849859064838
2.941212452412177
0.2002824271121806
-0.6646522299179076
0.7936781354144653
-0.8026131194693671
2.60151526861687
0.3720154144837372
3.806389042960668
0.5678562498247457
0.9965818524414121
1.0166485322235448
-0.2111999025438938
-4.74000458288382
3.027470054848636
-0.8510965871506242
2.2376179574340926
0.7902302604638233
-3.9136063134009587
-2.562807527399829
12.277547182863808
1.1178418839282418
-0.4710187862735773
0.6179211112647653
0.38630105869298526
3.4649767634681536
0.9522962811214022
-4.180203959842423
1.1045498602865993
-1.7374502978334552
0.8612075039954705
-0.5647701478032028
2.340310272319009
-1.7479863973283498
0.12820456099323052
-2.660827261505641
7.4984165427434455
-0.25168419471014414
5.049547344352122
5.064156300451716
-1.4278006127467793
-6.725091664339189
