1.6469935981466977
2.3641765881213694
0.6595471154007578
-0.2932112791079675
0.592971319819855
-3.867178216896758
-1.0684505235393933
-3.708760011258513
3.9748181146376362
-0.2685276945163808
8.902341058316782
-0.2519703488755996
-2.5411628702835776
-4.579569383717633
2.0928174777634916
4.366415004777725
1.8747868535481789
5.87220185082547
2.701427208499611
1.2377097353727988
-1.361673749412863
2.5090471868048665
3.5612126337995713
5.287258905526195
0.3809444936400225
-4.329471271794482
-1.2363851050585084
-4.229543459762557
1.11526267796367
-1.2030079105859957
-2.2956565858682003
-3.4877259144807464
-1.361222049912933
3.5050430614827612
2.4111313212748104
9.73091842578263
1.2470926971168734
4.723238118382557
-1.9890116932636022
-4.212940466395415
-0.05471355359770887
6.145752310626863
-2.9165312721619356
1.7559211742900467
3.8407488804312027
-0.8019085712164251
-1.5693098927557803
3.2572224042889077
-2.5745926172950533
-3.0563693152462816
-0.38389707822403885
0.24746377886806048
10.953756572911509
3.0910877634313456
1.8374796146894925
2.8605398093580185
-4.3478770625524845
6.4438929956987305
2.8773047866058725
-0.4453731586704914
0.8256659844662076
2.42376979180567
-0.27198698556138234
2.62217978338863
2.6083285899265722
-1.792823968696387
1.9792469664998555
-0.37317034641096414
10.43985791692353
1.1433954230027483
8.346296227924938
2.7401532506890485
2.682876046367806
8.48060160215007
-2.3648977851541475
2.125086804184525
4.0736947654513
-1.9568961788085244
-0.0033256982516463355
-6.0723050585283795
3.606199287573343
4.048613054504234
0.715141095502184
1.3946405802212805
-2.3275540350757176
-0.061531961193436506
-0.1396735080781843
-0.2904237637105792
-0.07443396875365348
1.0224483296551408
4.038960390042342
6.859657551699987
3.5501193847215293
-3.2496940508600525
2.574036422639256
7.966738353622652
4.091665630551737
2.5424376277544933
2.163499784820238
-5.928291600472417
