0.3027242063720203
8.300907826848846
-2.154368382152703
-1.3418002318312565
3.1576139727033343
-5.10928015739913
11.90472659931074
1.144157730768148
1.87036744175915
-3.9569117964760894
-3.0125664473475933
-4.61426387066973
1.8079280530920552
1.5337695072346642
2.3172457028698323
-6.124983189585761
-6.221435671577829
2.2124695649606467
15.863713671457003
-3.477773319808811
-1.0916160060755111
2.7611039293703925
5.051611949332614
-0.238769489891423
-1.6769683183991382
1.3966346136137584
-0.8306027255076969
-0.404291158571662
5.717936828129314
0.5863130744624918
1.6861764691323538
-4.258182772601114
0.12349735081960964
-1.1676271339701332
0.02807835940252322
0.2930192928942856
-2.0637926918339735
-0.021943492488915785
-8.281552371383366
2.5800914954282392
-3.2869171717411554
1.2392114129115734
0.42536916742154185
1.5809142812806396
2.3325221432238763
-1.710496055897747
4.430869268111302
-8.89890993260131
-1.0443801880778785
-2.160594223945738
1.7850775538882007
0.5970101551463227
0.037948251720275314
-1.207770730970985
8.532506562090912
8.592950477405935
11.2159209945678
1.1093376848327612
1.3273527036121893
-0.6363918855157664
7.909980566801646
10.518533158484074
3.548492025554563
1.3438044869487153
0.8162678931050251
4.342605312604126
-4.376092026710829
1.5150792612723842
5.705113022634223
-0.145436767210178
-1.8257435720943982
1.3551400772782376
7.488020465410444
-6.066703074820385
7.335433594891087
0.9193530907039045
-3.19385448981013
-6.086797658541236
-0.8866338751399214
-6.907531143589204
3.6938615599604407
-1.05915081735631
-2.242365680192845
-2.882748175401604
-3.3895429741564334
-0.4250281014692685
-1.5417855103010754
1.102338147417652
-1.6289592948805018
16.057261830986075
3.6796958654363143
13.897233304142922
2.053447201258059
-0.41293227295891294
-4.409401194347143
-3.9753521717649054
5.959061773626757
0.8712156265448601
1.3274436960136677
-0.760341966557435
