-0.6256888130522633
4.750603912359438
1.244210692267563
4.185204688477798
-6.195970914095704
-0.03214434551852731
1.7296343005678958
4.166026661045594
6.517247274481219
-3.9757428884809305
5.288478958783277
-1.0646628379416565
8.428518495375858
3.741917646455205
3.8089108431116063
-1.0465832300535953
0.23205249307173414
4.655494197886031
1.9641011100737853
1.1765403339744878
0.11084314670132842
-4.385111709993289
8.99404740516709
2.2605339154527737
11.41282329669746
-2.3161243747767695
1.4142057178286924
-0.08248788974839794
3.4991661162152785
5.061959607273988
-0.030066294509791803
3.548723803118838
3.6464586165504134
3.503735656790635
-5.078103688343869
1.0108913643039814
3.9979436085062305
5.180493516196828
-2.4835592193989258
-3.513344705257023
0.4268162463251042
-2.4442998095362998
6.639435814632469
-1.9270224077582572
0.09021533500490488
2.341055593110177
-6.169205669217781
2.6866538402185576
6.969756831485672
2.0320292507577857
-2.065480117604614
1.1680848513846396
10.935745772410062
2.808660440671643
-3.086731654783746
-1.8314840217955237
1.2068299678970131
-0.718698356953295
0.38242645229065897
4.452868871901719
3.509156488987517
-1.537465034697635
-1.1673470165340851
3.8603140068497086
-1.7733099689996181
-0.9101704809888256
-5.980684940629414
2.977224942322509
10.690837867647264
4.005434562103264
2.045143126678294
0.3854877087491642
0.4266408270859898
3.741830521125528
3.034119907194393
-0.5396009853801784
-2.332269477388347
-4.8415084449896995
1.8017250760470496
3.7967546142097373
3.520071699634228
4.809466466595045
5.451830743477204
4.877188527413453
5.178750132511261
2.343922819647676
-2.9363903158771523
-2.760490690172287
-2.3392821626491775
1.7880418599267909
3.2553811066363005
-2.9231287024729458
8.913829933731664
1.0306930308733318
2.859652984220074
-2.842104737528288
-1.8957725726056094
-0.08302327558687525
-1.4562513288682082
4.8405421485111315
