0.23597360865474973
-2.8723143339899564
1.0796245073833577
-0.5522537565992147
-2.3040322563276128
-3.8644233951938487
-1.4147296960038158
1.6010436281758516
-4.206682982449164
0.25391256624743586
4.170303801027527
2.4185574107323955
-0.5241998884633806
1.3229061842207739
0.19048206913221544
5.38912603777554
-3.3666093264116315
-1.4709739566576037
3.009481742562521
3.261933040218559
-0.7398437753071073
1.132458611555231
2.0277768141141723
3.2384090958774823
1.9674525541112093
-1.3933936278197607
-0.6309560414520139
5.419167389807316
-0.6740472840561831
3.769611683447654
2.1697692410486566
-4.472595459641841
-1.5382923382845037
0.5039146871132162
-3.9508283583299755
5.621679003046262
3.0523238494678155
2.629113940594596
1.525509981696869
3.7691622944209935
-0.7817526042577286
1.058985887057808
2.539184819558473
-2.9908745245074875
5.827148159846062
-3.107389217394733
2.1323375902405592
4.773194544965657
0.14692733870272345
-2.7787278307757615
2.254133321614134
-1.9844162432107506
3.0172904415433712
4.557384228519136
3.2272752636601245
1.8374419391011458
-2.300855563290617
-4.002881738574056
-0.36255790120650827
-6.0928559374059095
-1.752671614739946
0.5693412003494858
4.017481874290836
0.4019370829701798
-2.5458786321672964
4.054756548121602
0.9405568019612532
-2.9872106290226936
5.693837540223651
-4.8027674824716655
2.04680933115895
6.923013987188122
2.557919397985911
-0.6255899906123035
4.060076096239596
0.046852083888138114
-1.238783090772957
1.782561530859021
5.416515990101312
9.064298688012869
-1.681385637552772
1.2708403129041907
7.8916343194887375
-1.4857663880599763
-0.6661821074013983
-3.1671090569215528
-1.9726351304256382
6.831612962276063
-1.2742603148115474
8.832640247074949
3.7835018928617625
1.171140577455185
0.8352384375669519
3.4226389113343
3.370020577652639
3.1735234238485543
2.723163077776004
7.740826041280269
-3.231483251415633
9.897035362641457
