-5.539176670319728
4.222901047073577
7.308897202552956
-2.746987538000896
16.477740995970912
-2.8769568987530243
2.306631269233876
-2.553855667580261
1.5206363571448271
-3.307771624378895
2.527542766452894
0.30272799601366873
-0.1928229158273866
8.746935160244636
2.071300105235511
-7.168070563851399
2.2096088752530085
1.444028445385337
0.45987316660390903
-0.6719685518136589
7.579241679068154
-2.847337092504866
-1.9602508070000995
3.6524916576586577
3.246539164872721
9.857840411740977
-2.7429529371103003
5.410207265407377
5.022655477008618
7.745345141849363
0.28384148038841256
4.967969794211504
1.4578084969433551
-4.466966890779732
-0.19014331430584483
-1.1273964460694785
10.219744846008961
-4.339950097931525
9.098822496970087
6.8405504630393965
8.1273605075701
5.649389675171108
4.693225158851983
5.050630425259429
5.194897954392674
6.5529557103255724
1.5476707901628988
-0.3552090387936033
-0.8695294912527638
-2.045328249900398
4.693360366651309
-3.0786058708226327
6.511710620219168
3.1084616555135347
-2.216866903365311
0.4808622989683316
-0.8392800411240788
1.608651398820633
1.768601099131024
-2.7986557196893482
2.5785756131732973
0.36744511750009146
-0.9189189414325789
2.66627926712078
0.5705068677802526
2.9878166158522923
1.1873040473679994
-4.068971884444924
1.250172146298181
0.5176747361584565
5.171846349205371
-1.375110433761714
0.09749532875284703
2.8170430910604463
6.487143967764878
1.1732519686044185
1.8261185005931493
-1.25952366634349
11.607035942634395
-1.5275278213877972
0.03725384689771526
-2.777538115578295
2.623454674482904
-1.1537184936018294
-4.839249533331651
1.588150596776668
1.5146454855284284
2.805860895949177
2.18376239134618
-2.084114370293762
5.363811850436503
-4.0095837967026
4.982548352521191
-6.639058023997469
-1.60740634527221
2.5719541092282254
2.706148068726604
-4.711755986980771
-3.6110771635104237
-2.8008644767053292
