5.192226217328727
13.448694661790405
1.5973275161729201
4.579835326394102
0.08947330851499855
1.3017688951122202
-5.5528094553992435
-2.7616129070650026
-7.4740984830588975
-2.1337595263267657
4.957575230019757
2.553315901846333
-2.130114225366319
11.057337567576315
2.1347201583524082
6.500453103815175
4.594442734603074
-3.5448670639229642
1.6661656662939968
2.2056874307567766
9.928516795798286
-0.443327528846874
3.9753422826070572
-3.1872998863779918
-0.2003837546511074
-7.456547762981634
-1.706120096056377
-0.26413991385633323
6.467474326329295
2.8968943851426694
2.2374178553086224
1.7201223765660345
1.5992265029322779
5.782718217789392
-3.1103695357425125
-5.049622702522367
3.9364941108566645
-0.1425613356514662
-0.2234640648474509
1.2200657385347171
0.4932083014520313
9.714587623528319
-0.4288191035553278
-4.029709295303405
3.3389707525284047
2.708184981540281
8.536344214926585
10.797016441770355
8.041804395941682
1.4622569553882017
8.66101963656613
4.567001970918418
-0.8371513666126706
3.340924885113785
-1.8800849030966293
-0.9425817045247313
9.575242888311758
1.5675667226671945
2.1491102448467987
-2.4441516739188844
-1.6919308222484624
1.2944757113834942
-1.0066582479234913
-2.180793986407814
1.336857292209607
1.3587734881311915
-0.42915139561070054
-0.8762173475255446
2.5784879503787694
-6.536877737915608
-1.9180021060685966
4.099947540828431
-1.7256598557016978
1.584205445467142
-0.8356157943234244
0.4312417148596302
2.1899474169158726
-0.37186614236500987
13.118744207354787
-2.221274536656769
0.4698218373265636
-2.775924585251187
-2.52052163657779
-6.807925033618279
2.928611800663047
1.479674535341193
5.757022244474957
-0.23766922289408238
1.955265246545515
-0.6421481791713339
2.0169477881988636
-2.454378764046432
-0.29080751866173726
-0.9920567366501257
-5.49605165362551
11.287327343166682
0.6925264308598509
2.5465873473047758
-5.242837473619161
-0.8317901681661153
