-4.853506944426058
-3.2995713069884456
1.3756231816159399
-2.2846552584122666
4.490349795713178
1.1482413292401192
-0.44174361024694364
1.9985010378196146
0.2478547334990565
-2.147835796215043
0.9971998936880359
-1.57343939711338
8.242891931565605
-3.3620718650073487
0.80798568042675
-2.9102499232372177
1.4361541525903188
1.6451794271837734
-0.32688546056962914
2.762675654790213
-0.7703051104829989
5.139249923317701
7.633295276719068
3.345276514624034
-3.044447676060712
-0.6587679935653872
2.0805330608246817
-2.3166800158644176
-0.24848715810774746
-4.28409255436505
0.40967860947670587
0.06715744089063361
-0.295605789799099
0.23237946992205782
-0.8382339260361107
0.8953797681709036
-4.288375178341988
1.9964783263322654
-1.806384938924594
3.737838967656078
-2.2222457000322233
-4.035224387555826
-4.965258384819936
6.723476495025714
0.8931618808829709
3.677319656238307
1.5842932035303583
-3.7241420155805525
2.146878846269953
3.297209981975567
1.5429524037433162
1.1352248993517642
0.021081785601004932
2.063023359458525
0.0011947989850860626
-6.0839221563438
2.6946530273548017
2.520306316218552
4.411722181157527
-1.4173884222822652
-0.34833635363363913
4.187908320380991
-2.0219950438130896
-6.139978635368827
-0.007522962627431348
5.985757294096721
13.035499179910046
-1.0394320560401877
1.9775403291273577
-2.801843791472661
3.570990946972606
8.031410337926255
5.5835243831266785
2.607874932591353
11.148940181135991
5.9304097329918655
6.816035729145794
0.04388455943006181
-4.299958601490717
-2.435187576634227
3.9309892415956043
-1.4269423512398374
0.6068988039743953
4.726864760497782
1.1795694800701693
-3.7417736245890016
2.8466716571944506
9.512540802799945
-1.7710620728008735
5.116261104369691
3.692434152242484
3.1366484760115556
-0.8612907979557336
2.7726798104232304
0.7842915910272945
1.76430256757719
-1.1483815866912521
-1.4237315170799478
-1.2822974903342954
5.567608047791577
