0.6267781283383584
0.24223176037605915
-2.62216279558589
-4.126443883631525
2.3623580946604887
5.9129404002275585
-4.0827726477991
6.446778351249229
5.485113032597814
10.398086849694739
-0.7363469827177933
-1.0701275916309376
8.882849150658789
2.2118992480251785
1.815248119136821
1.4707299280785375
-0.5597412800880146
2.9279509797875534
-6.6502411553130285
7.056345260513101
1.8004084784080445
-5.539692438503137
-2.5499634402551474
7.368161726165707
2.3955648123048214
4.674528475117702
3.22891301320627
1.5695357310706841
-3.397354044568549
3.573647679926076
-5.099999439640467
-4.478587700616748
0.09810731427100522
-0.9937503253646557
1.8548873686687353
1.9516966195985925
2.9656342269405447
-2.773669903750891
-0.5251836051122952
-2.454375635302493
-2.986017605058351
2.4412653652681935
-0.0691910174118488
-1.6285121252048693
-4.317638949039752
-2.0436922947356857
4.505973623219388
1.2392659971080784
3.3816346388174483
-3.6898896755829957
-0.28473968881540923
2.213204237804921
2.088949490344681
5.399354077984287
5.504152263128868
0.8743979985960579
-1.4799112077419578
2.777943659212093
2.1716882673353917
2.0174999215747897
-0.17637756474617555
-0.020295394069871915
-0.17871204776543098
-1.3609298275887578
-5.53451616559987
3.101591687821405
-0.342619919145412
-5.185464398435635
-2.369849296701197
-2.7833033099035216
-0.3641276291094246
-0.28253057088068373
0.054067830334073065
-1.0191995787752148
7.798214258109071
0.015356839583831265
10.31837087851752
0.39563444355757893
3.695020998580374
4.738830905200963
-1.5345228779120004
-5.002728917735011
9.767759444634239
3.9586505708066113
-0.41087320827797064
5.075508186100226
-0.8417045530124758
1.9200542947267056
10.368387585204115
2.8867266376242853
2.6149558739149708
-2.7402556198754295
-3.336552680597661
2.044524217643789
-3.0173124487741028
1.0682126903133442
7.3340707733405495
-1.6617311709120337
5.680550605315097
2.825134350539767
