-4.02833183335218
-5.020676139721175
8.129770297613941
-2.467285445344004
1.4933188171073455
-1.2442495697847558
3.1609794350062774
0.11953658316972991
2.7820085318175662
-3.721608872590875
-1.7566251128352852
1.4731015457026828
0.6025621374040155
0.962567683347707
-0.7221126151098215
10.94211119668736
12.622489476127168
1.4061272634116455
3.882752293532276
10.90118001538296
2.2302579794769093
0.1303146951571858
-3.206162196276959
-0.33909814089666745
-0.8275152818782261
-3.5433788365768857
1.2069655423698717
2.0009445105738415
2.2762812288222367
-0.41149817828758606
0.46231402133218047
-0.1963729942551573
1.3675390885856895
-4.739559988338372
-2.3643633256011656
-0.8566649911690354
-0.2194380566089435
-3.7449242119274526
3.035433032735404
-0.49333153529697604
-4.649541972915552
-2.9340014862686035
-3.9866644977794685
0.31997400298581413
-0.8950662607948936
-6.284525295121756
13.281633691122517
1.165632172910991
0.8994381605815772
1.66821798253475
1.5966467835662757
4.666369217008064
12.064221640339568
0.46128134222733075
-5.2754904033701555
-5.474084855885284
3.1873995103754247
-1.3322686916863304
-0.7969013875086703
5.055024895705139
1.811284970300708
0.37506373249360375
0.5483766385432491
-6.735899861343491
1.4264430901388405
0.2422234401787703
-2.5988320943374776
-0.71645917470074
-1.2865296324351925
-5.3815713531439355
1.345223427209827
-2.6703899995663924
8.69782839911126
-0.9505255989911159
-5.985695427215821
-3.5199916175011
-3.2166928855809096
-11.477684138976802
3.1789974621221937
4.921925957575756
2.7425224323879798
-5.625870312495956
1.30594295907381
14.296643244955833
-0.13683443080971747
2.1923758646944744
2.159761065214579
0.7565817930636017
-2.439818739582108
3.035920451846888
2.8711142561833736
6.97211902615827
2.0503692631687516
4.445931505078088
0.5177576913151904
2.3553140596215103
-1.535387623325751
3.405244519395227
1.7383206877118638
5.396594668567426
