0.9269580815013443
2.0417222662778514
8.772617159270673
5.66661283084906
0.9793481076775361
-1.7527787211803332
7.145109985706255
7.1179725335130835
-2.064803316370608
-2.1791641246145286
-0.9978234075733532
-0.6739756548299612
-0.8325691324863904
2.392780141381311
-0.4547482120133224
12.46674032811518
-2.0611004942019737
3.3417075076279166
13.018262945930392
4.2099919847235405
1.769299207614488
-1.9348373049360408
2.0420926859480564
-2.686672090844377
-1.2370870504681046
-0.3713123829275017
2.850062688415812
4.0676888506822015
3.1983722597520536
-1.4837301234527336
4.453767477056547
-0.8409737410932914
0.07835857960651414
-2.970789845480182
-3.3122022028601528
-0.10165057689477913
0.3746611529055465
8.975861856560174
6.38646538622922
1.2538519764004779
-1.3119966587206129
1.0304031374117801
-2.097020466424542
3.26348050536674
-2.7416995838762404
0.2331947036969727
-3.3686106408808927
0.32065414051289653
3.501026021342578
0.6789491726239804
0.20587869334949133
0.8764267024698789
-0.3827867797007526
-4.164521983445562
1.2965309392246713
3.564582886406373
7.363403830532178
-1.6365425691836775
-5.327121619225254
0.6934798447391449
-1.2133876073208578
-3.0547935656062286
3.2427833010876315
2.7548757155206127
-0.9573757266419619
0.06521011975612438
-1.6202543325414254
1.8894687516345532
0.1246283174620597
-3.037218889108525
-4.332625909910422
-0.03263132159429811
2.080208005195235
0.6691183143515428
-1.3438126284916332
-5.454901291681165
2.8250298105590796
3.739889858852802
5.428024420251121
-5.89424910856278
5.026794841681622
-3.39677404393427
1.7181231223181594
1.316106181303799
5.6685118323848345
-1.869785337618643
3.5225800627754804
1.1050182924425167
2.6987388279670466
2.4409652124105903
8.492067698564362
7.261821639247904
-3.6219076773256207
-0.6645023143861863
-1.8038004421404388
-2.8624897623812573
-3.2993713726981237
-1.032207663772005
2.3180990858484565
3.472963719334805
