2.8945352338005366
4.397778847409236
0.30642841435157697
4.398202323049928
-3.972774468928541
-0.24883049686420144
5.6157500534701805
-1.2876112018233035
12.195962065854525
4.397721041951642
-0.39080205005423047
3.3399415170173006
-4.142780176559822
-1.1354006982925506
-1.2407875749434805
-0.5829834302713408
7.8657034931881995
3.90988373287696
-0.058699332363391137
-0.012413922205510925
2.4448606815311686
-4.098548352246407
3.410034361776515
-3.3001200245143782
2.6815701243879397
-3.927327366235117
-3.151487044248163
-0.07850546935904928
-3.8775958613175865
-1.5804724762158133
-4.576993043158012
-3.7690228546072895
1.8827548152930955
8.235416766011273
-4.3273663774227344
9.659466204522232
6.4698414116407035
2.883519124547905
-1.6073470990698644
0.2803937211351115
-0.29981460563129136
1.8981464273812343
-3.277719272161134
7.296841900915965
1.7615048885845623
5.842202959140405
3.026706775468342
5.351330209784539
-0.7346207677017871
-1.3201204963230313
0.16402607032552668
-1.479709966540272
0.8740080894936202
-0.7721074611813699
0.7513122260901963
0.5191152850259332
3.2193191886027566
1.9039207315892352
-1.3841245875514772
0.9219080816758334
-0.17789949848660241
1.8227716808873096
-1.7322325807950176
5.158660169103876
-1.737019204061814
0.6312371175437781
0.1909364810923219
-3.15996485304514
-1.1308825886150313
0.9065138258666188
0.16340612273908178
4.806682795130219
-0.2726532828682303
1.449572299954803
-0.4510516139111608
-2.4540415312371455
2.0450145625381144
6.765041046737116
-1.4218378690068523
0.38426022140752725
-0.8121644187998306
2.57534177067415
1.2593665468972888
-2.115423738044959
1.2559667177036733
-0.5868409633196217
0.3511485373244997
1.4463452647949253
3.038997738474988
-4.802929687195785
-6.032065529730877
1.5979563728171255
3.9278144230282717
-0.5637514708265685
3.4008801369234885
2.5480313331883955
1.267321716950863
3.2856159380149084
3.0330100213751954
-1.1358541571858791
