2.1232110349239046
-2.896010443392811
1.84688782345341
5.670541534560708
-2.1091192943170123
-0.9643311490463986
0.8114757379151524
-2.1111013661773916
0.3019872663358886
-0.216674828641847
7.744935100223156
3.1139185939938105
-2.449268556083551
0.51952492016775
-1.083644490338052
-1.0652713139954924
3.368562200151157
-0.4055744305693927
-3.767763481520331
-4.69865844366973
1.0271828619126704
-2.467188067215071
-1.3295954543403838
-2.692542096476859
5.878785629022547
-2.8142033911329065
4.976885345002336
7.864037778916121
-1.7934813772678675
-0.6168091099895353
-1.4238396163646598
4.445178216457828
6.7136819843006466
-1.3708272616104336
0.9133832011744578
5.908183149960149
8.461613201468069
-3.19339048893657
-0.4424983890847306
-5.527103605226445
5.711790917932166
1.620406949719818
-0.6296803581811502
1.6838726272700157
2.778304172612931
-4.020032292938881
7.5576314281672605
-2.00496935204969
3.759763046175016
3.4633396955759825
-1.7448755156307234
1.1888163011501178
-0.929143444557095
-0.5784514891825127
0.02852223529879733
5.553805318481896
-0.7853137028454107
2.896126186677922
-3.443597309541266
1.6980154607786015
0.4961229929524036
0.9940870065538148
5.759903154965782
3.996640849303744
-2.0992169771852374
-0.22513242349378415
9.456128426336832
2.452411747975884
0.01872573435175033
6.26188726751664
-0.4545321063795781
0.41998335129030695
1.381575691923289
1.73971650262395
1.382979635886252
7.827791368498875
1.8997126163695501
0.27268282688675277
0.5732488178603872
4.276673865693066
1.8461348741961787
2.8931687493197358
8.10056563824644
-0.4610319709433792
-0.1409177439331194
2.7335014051579147
0.1074596249696623
-3.1379300714398415
0.843375428548707
0.03511703931659348
0.9821889103962151
3.69002435667863
3.2746389725973417
0.8188694132360705
-0.8102762962958625
3.8524363041593395
1.923302828387206
2.945680983468799
-3.246719947878706
-1.9089316922686004
