-3.1952607780418134
1.2241401013311193
2.0969709380935604
2.4247256806367656
8.619294675118569
-1.8405959684066933
0.5276532442684605
0.3118771988835163
5.482667858057908
-2.4685961799107714
0.9142379116596113
1.682130358424753
-0.9368977911005544
-2.1110545519815247
1.9359751445578834
0.39287924975647426
1.4066846291674748
10.541219373359581
-4.053865338860551
-1.791789495042046
6.554097599615697
6.455009156653583
0.42256705889551804
-2.327834705068599
7.358307071437329
1.1420940063554503
-0.7761429411456622
-3.011991496408106
13.262844895022297
-1.3055688721745793
10.327473890352831
2.3381468724724073
-3.0723750603162485
-2.8587724262066154
-1.4007267907480092
7.787120746360401
3.1528785131340253
-0.8184802668681461
-0.11751164661259383
-1.9141937231782138
0.35797716405841296
-0.302560702615744
-1.7259106304725322
11.50973111347609
3.9251608920538352
4.118993472023245
-1.4640785062153596
-1.6149048627752913
-6.344505410553475
4.130251764513998
1.9213081356194646
0.5372497047015938
-7.250788665118008
-2.985192807279125
0.8167319338389747
3.3178842466634544
0.8665655893051734
2.8339084483884647
-0.020067201610571427
14.062461341787406
-1.5881204899027062
3.503421472206437
-6.374117949600912
-2.3447788919605035
2.629589301317988
0.1412348422934356
3.784896074321991
7.781932800532973
8.563803312200811
-1.427669255391013
4.197634855520235
-1.0860931124138729
-0.5823037265352499
-1.9590129512130896
-1.4221381875952217
-0.678457700576256
-2.25808562562069
10.090202687481256
-2.8661382372745363
1.1595891220527141
3.3856367171277357
8.748200208803178
0.3838099597144993
-3.932903801333918
6.182317640363337
2.0062314376944204
-2.183887247356898
-6.447166920358411
-3.643641340800597
-1.4418304616552238
1.0010402257457633
-3.937644729734494
1.808426195893276
3.2961231173009287
-1.1376827256195148
-5.6207381819940965
-4.191541152110808
5.4949685014292555
-2.362636474119108
1.3722825373827248
