1.8360543621954073
-0.19997173639013116
-0.5495700651937646
9.845250177073105
1.2660487579286828
4.648798746264427
2.571326199296538
1.8610233409411288
5.595298909501373
-6.393943853751509
-3.865908865422227
-1.5026726206691892
1.3115430645914166
-2.3511095000704367
0.6875684594323287
-3.835863889409255
0.9363264033625323
0.19353638549760066
6.6292666082274625
1.3065025690097505
-0.7669675234829535
8.04027030530458
-0.7969102806034163
-0.7105718949690479
11.030873945614323
-2.5165097602424558
0.6342597051821143
-1.2482656075198237
-3.9461060096396263
-0.6678814654246285
3.3187578128487356
-0.0249644411478033
1.5426042529578776
2.2752879783633633
1.78417402022092
1.8016036950842247
4.055469158823804
-5.681788938920745
6.002865506346026
-2.858045909814887
-0.11054875875699365
9.633950021265704
3.832704060095569
2.8975851986794483
-1.4674702324331
-5.20551836137018
1.2401439272738992
-1.0797930110304517
14.363489295945302
1.3201043721252215
0.41556784228806554
0.7409522981132444
-4.09789162896059
-5.635676500795718
-1.051451121150865
-4.68177820728442
-3.188471166679501
8.314947165860396
-3.5526171394434103
0.31245401379506577
0.9541383687945091
-2.673854618404926
-2.565323061416309
8.509180000973997
-4.484859783277127
0.3495355509349836
0.16389594018381665
2.1236413409886685
-0.12299733278728103
-1.0551631420139878
-0.536230564562463
10.031260908363475
0.3220732499038863
4.618151894328305
-0.15699983079046625
3.0796265469738864
0.32337113534136974
7.3653663889590995
-4.070755703358616
4.225731398794561
2.883466104805622
0.24533138965337392
11.529704047570906
6.269576644849883
11.099646288775148
-2.1950142218259137
8.914432186191501
-1.2690610595212668
2.766656353927182
-3.4967170591642533
0.5692370692568346
2.037446353278338
-1.1925363211603104
-1.2359627248166416
2.501974483715405
-1.5866234196512479
-6.539791085647864
-2.878155382233166
4.94404935358269
-1.2926483343991104
