4.747017052009316
-2.1475400917953404
0.12204200563498988
-0.194936990548002
0.4923092328350044
2.4746103512329936
0.8031662811877347
-2.7410852863515003
-3.91300936733802
3.905335659688637
11.232038425413405
2.2067508077794162
-0.18238622027325704
0.43702369076232717
6.942278290621964
14.055286405157169
6.768473614130719
-1.6370246441211387
5.6950223868784455
-1.8710730692561994
-3.397815514559966
5.131020407730357
0.8606437675565486
-2.77245195352897
-3.52481421585479
4.732239467335896
5.012776597089042
-2.6379465594308056
7.203957542565643
0.14187233314409786
-2.490580317262219
-0.895543738743763
-0.8639802310352664
3.2947907819988798
5.575645022141762
-0.2520438662305553
-4.4119215199419894
2.384250520013799
-3.5032458894320855
1.2350951584923135
-1.2274940572465036
-1.4280302996661884
-1.0051286779077746
8.02840390214078
-0.9476568493435753
-1.5515395672224517
-2.7116582165212493
-0.7876167216513591
-4.239475543503009
-3.395167722686656
4.0111804905064945
-3.052320745856944
3.8248731235005944
-1.3084890824762105
3.5661754564211217
6.4169937653975495
2.8055193807523158
5.060711418287798
3.8359984288486784
3.0493459517905013
0.3824747174016798
1.345103081038357
-4.082635228788368
-2.45261494681792
-1.0285521329328038
1.0498372107562062
-5.263071147600719
3.010977819125406
-0.9852088577011384
0.6884725146332786
8.556406270371015
-3.8721552272046917
4.429020571934887
3.236034789846337
5.394458007806764
1.8892410708997522
-1.6189740507236028
-5.970408089519061
0.9972601693121512
-1.0798153177112593
6.902089887459319
-2.2216006999472704
-4.392578880549885
-1.2097556487997299
6.6661999667485
1.7731207804565772
2.4112510480319096
-1.7920618393219154
0.35723971561597007
1.150016416342316
2.555903677118441
6.057297227834207
4.153790721719407
5.257429410973446
2.7337296050920066
8.70428161242428
4.254400195371224
-3.4946788406415292
-4.074888543238717
-4.767317396800446
