9.396599325400963
1.2755363035884733
-0.49104626545306806
-3.7397338615130407
1.770744189831643
-3.72336395669928
0.34739972392714913
-0.34508736534622086
-1.3575167267377295
-6.082977444177385
-1.2045737011972772
-1.5425312147729175
-6.155789898825368
0.7853965577780953
0.6622919795453135
-4.099570813231415
2.4030810133669824
3.8721941256767534
-1.3976708016271315
4.496957869450684
-1.4904516703412196
-5.746854926338198
10.787661126714339
2.4747522701702365
2.6288806658684507
7.688683951513786
-4.791926414382058
15.00762104236447
-0.22425626244407448
6.731604786622414
-5.591858009944143
0.9161152375424318
2.621956162078629
-5.387539161702231
-1.916552765881284
-1.6764979267026474
3.527200898818294
7.012044953204935
-1.0182730016724046
-3.349553795096347
7.905544230789178
5.510487355889732
-3.2742750371760425
-0.28974731634905954
-4.386512303152788
-1.9861907557975356
-2.2172107897045352
2.6962940692202833
-3.946993689699102
1.220405314480877
7.049414045606801
4.5858994773738715
4.7730471994396995
7.580217779355878
2.2123601526026304
5.590089214588792
-3.470066329869893
-3.7279636012257713
-1.4329013641283632
-5.353960834229416
-0.12639914781190933
0.6360175801323108
-1.9960397558343255
5.948091757938077
1.7545304642655102
-5.052981528269724
-3.1169027780720704
-3.000963131882357
-3.5839649916902587
5.402385471360017
0.17181254806356894
-4.640073561904494
1.3209194135839308
5.41357264246348
1.1124223970277052
-1.9332831756388547
-1.6105000649645522
-4.168855014162842
-1.8219479780870464
3.385939913059749
1.0627177705624162
3.4913986952498135
0.9155741804850107
-1.9532974457241885
-2.344358314623222
2.6755601448905018
-2.706622655952647
1.5611613113697516
-1.2839681148962554
-1.5145339082395233
-4.264407605084363
3.9617942547714247
0.16194147168201115
5.206566386790345
0.14886298026828587
-2.255706390290451
9.962390215729531
-2.618521947084101
-6.38676947125458
-4.1329901812569725
