-1.186566208635497
6.161244762883152
-0.23935452701439575
-2.706190481399396
-1.2881400348584382
0.8090963799118386
-0.2416362387652832
0.12206183391787687
-3.3700967989665953
2.735248892627382
4.872667211105653
12.594493526841458
-0.9645573345585915
-1.4503097232629414
6.185913047023563
6.2685228951999346
3.581066231201928
0.4827637178088991
1.8892227985960806
3.813104827617253
2.415999659404773
-0.21881758516508742
1.5083271400319602
5.4287494634101545
-7.5197249876301235
-8.255064450270945
-1.3355387874758275
-3.2731572404063582
2.28055125350967
-0.7392848195296745
-3.258771924144936
-4.302757693725015
-1.9931139297124383
-3.4084988328193004
-0.16619115195518472
9.713737455821803
5.721875985411343
0.7701517545527534
-0.8324071399079395
-0.34508267365892287
1.2057170022231662
5.247511891598076
5.669844920652149
2.67586081534448
-2.536105273402608
-3.6022601805666365
-0.4186595065917228
0.9382256017455228
3.144839539178061
-5.308177103642892
-0.31788047796196933
12.598701440734898
3.2601714019281873
0.6073024161549585
-0.13554000096880026
0.48840533074018433
-0.05394010505128338
3.5739274489098207
1.754218150227044
1.410559439392542
-6.02272525077071
-2.461550856444809
2.164804444383697
0.4817754723337516
3.1437387956280802
3.1293504960148146
3.101326729155182
1.3745775773612532
-4.975970094446323
3.670492940437559
6.970702919620058
-4.372023238208258
0.009888680903790607
-0.8968568622302808
1.1483661319800933
-0.9666109256813068
3.4961964551214084
2.232866305796948
3.7571641319516074
-5.134887799866692
0.9011708051986609
-3.1868292057796204
2.269820445159281
1.998359321304458
2.4598742452197486
1.4473550853729344
1.420005687963101
-4.589437470934161
4.986737426104046
-1.4283356969912973
-3.19888418693618
-0.06751802144527436
5.549416238998365
6.640976214415431
7.581683768583898
-1.4461448233893728
7.052682005532072
6.557756425139586
4.432273653558832
-0.6862138329926282
