5.260195589819986
-0.03509434649785368
-0.8964017064178587
2.7537362851851905
-1.645191686834603
-2.9121960011046406
1.6395422804072002
0.5125010236415429
-1.5509496147971134
-2.6857128125200513
1.3518209633696197
1.873805856675442
0.41469874952031666
9.762236072985917
-1.1987820580097797
2.0908172912734324
-4.996894159962595
6.335890810212222
2.0391734471299583
-3.3159434068522726
-1.0740515614197659
0.1442002756463306
-0.7442127673587103
-0.7145173009207821
-0.48272087411094855
-0.4947720627476633
-4.805473059643348
7.4779151228739345
-7.9151165434508615
-1.4293661970959037
-0.200506175618417
1.0807140831038946
3.831384899290563
11.1040044938607
3.498835886935239
7.266199724373118
-0.07881683477224105
-0.4761444823076765
2.270373636828975
2.979884070931651
-3.5573223893356296
3.659504963097164
6.786192654477006
0.6540184280279585
0.17437354956328857
-0.5563921944731617
2.042223646980117
2.1683078966786296
0.01787863475448392
2.952698297340191
0.5191619887155791
2.1990116325042273
0.1978773910348099
-0.9102457824756292
4.491303732725353
12.604046780977196
2.5868660707798727
-5.189224574727328
1.2287076892756263
-3.182299619066339
-1.8534462880469111
1.1060001387977518
4.834339242789749
12.003095045547692
3.413159314336755
4.482331104224549
-0.6855894498193402
2.1037853101068675
-7.989163308727835
1.3895171175937664
1.039511671109693
2.384377406372457
-0.09853895287929497
-3.0603518690205247
11.970914294882594
2.253984676254148
-5.442784371411092
1.6965002337237585
1.5320095755060628
1.4942404620596288
-0.15131204217222916
-4.722086243800081
-5.7616294892757525
3.910440860903366
2.1154630539177846
-4.607962112342452
6.523646969142277
2.5946372328867926
2.1253791902916372
-0.5505515047631122
6.402980887511234
-1.6683291510518456
-4.889456539448608
-1.4121650143486653
0.9899868012388805
0.1524590380809301
4.611661761011633
-4.52170685111751
1.9024607614262068
2.1273146233163858
