2.6959727720187328
0.7576600827681428
7.516773503702727
9.117552889926493
-7.346278893377017
1.8491679802114978
-1.764956635405785
-2.69943423733392
1.6081530281066778
-0.5414356709071235
-2.9875964193402034
5.426994778428153
0.6553698283852666
-0.9960250808751774
4.0508358274660825
-1.6538926411402688
-4.356192461405711
4.440429238669472
0.5286167739437716
-2.444103069651164
9.098909290557506
-4.1464254763610535
4.0274508351724245
-3.2106045438698305
-2.674358907238062
-1.3635965337699683
10.467530379395104
2.0463181691416077
-1.151499496067209
0.7247866151113032
-2.277075523026021
2.698914171516161
-2.67160725457257
0.4987912147658995
5.578815696330965
0.2312038756334839
11.278514742790502
1.4442011902018668
-1.6443325466009517
11.410433135691747
3.174603314748154
1.5160481964960537
8.28158233402616
3.3583291925089287
-0.9984017792020886
2.5974240563915982
7.5234672313772215
2.980465013289725
1.8135063011941812
1.045211215322127
-3.5106009858935385
-4.638989663054136
-7.853180913775696
0.9582271529316464
-3.300227979015408
4.857787739289083
-0.6566469721478503
0.3893178840205743
6.5105871105481565
-0.33948807147989485
-1.3112764756279454
-2.2578156521685537
4.891382804858726
-7.129704252870658
4.282952741662398
7.877808303141039
0.2454534608035191
1.6599486955797715
2.457037885126165
-6.997898069911371
-0.42765170435882593
0.043334604015044936
2.414996267127399
2.592429567722781
-0.1754715191624146
-1.3221744900132533
1.8260112762002563
2.1807521310857374
2.5464262985184662
2.717313328839837
-3.5620175794006306
-1.7171060575371357
-7.5596746710576035
4.482762586757226
1.3995112151908982
0.8412197764778089
6.43455676265833
-4.909028102261382
2.5152255179897263
2.6991839919480647
13.067482949005795
-1.969912982056215
3.8161120081202236
-4.394354594343445
2.699100446018787
-3.694984596175866
0.5942419325446887
1.0407988012244862
-5.249071991560619
1.9317597583187864
