-3.2878596168108536
-3.753651732790499
1.1174237832070621
5.511441503877003
-2.1871508342792243
1.876054996747401
2.203579486023071
5.304394316503096
0.9124825365890326
1.1839782070550757
3.778049580797062
7.332074863710359
3.1873637540997377
-2.7304828330478594
0.8766433203961626
-2.254080121364674
1.316193976019983
6.784818106792389
3.4300540158085178
-3.2523756928598395
3.422058591920128
0.5668969340544256
4.0089102337136655
3.3189580991325625
0.9730765321989446
-7.470785141762985
5.006822895232266
4.253001712199077
-0.13570539138125506
8.759154553272705
-2.450426579095589
3.286755484691172
0.4491775735238492
-0.7643399837201936
1.2848074665835139
4.185764198097605
-0.5038755729696112
-0.9905512366260358
-4.041634118174319
2.2323465567192056
3.4755852057468637
0.7994250378824043
0.18543152989219627
-2.125070038698046
-4.212314437161176
-0.2985099087478915
3.9423131100883753
4.513454055345649
3.5690829154520705
7.994613476344623
-2.956211828349701
-0.08224123899971536
10.14852247745315
3.6385272600120766
-1.6188146563187342
0.2896127361509117
1.1905794705823332
-1.8781279415103866
-1.4643307874332758
6.228420132021363
1.8803035206979726
4.095376164953031
-1.7007762813195542
3.2652034546383355
7.711810319942551
4.4111757508043175
11.123424006138878
-2.782751757468087
-1.7448163529073226
5.626509740899395
-0.39539856024767955
0.6542556237151056
4.018705562259921
-0.1833104031315481
-4.294481773504073
3.306849458868211
5.065200651489343
2.4514218720407017
-2.860645438511123
3.712312706589356
-0.5750883756730487
5.22238818285126
1.122611846080611
-1.8978991464190114
5.596959929276764
1.5786516040838021
-2.5295577746529174
1.2165328540637679
2.131210424639348
0.8729524317858686
1.8298757301305388
11.341634869376705
-4.917360666459715
3.5270865616194547
-1.2761623227592152
2.0707883838491727
0.7937809644265973
2.644867709032416
2.844956570077385
5.057893885491206
