-1.8889221037128705
-0.23613801246275462
0.7268371340679547
-1.114595700492123
0.3519297306096779
10.155616217563582
1.408913319045075
3.2421503274947603
-0.6974900254707559
5.644885889703799
0.15540224020239896
-2.8983245211581696
5.679755645163957
2.741037062003384
0.07890551967500273
-4.450511930113715
-2.8721753857750754
0.36496301298568723
-1.1944833832377693
1.8190540850162868
2.0404933726951713
2.1917472745960485
-2.765487715137419
1.0351985955775038
1.0239891037556188
-4.842121344658007
1.5392739002898308
3.2651404382779563
-1.7667550047611487
0.3895355932376974
-1.2610497003548216
1.4015492304768387
2.685258318549378
-1.3046604043561867
-1.1320529797992613
-1.0567419558287465
-0.5365137025036286
-1.712061330531787
-3.7301878242880537
-0.03736948979351462
1.265483302363832
-0.40261580023281496
1.9760619961219987
-1.0158910262602643
8.463528009083038
-0.9083334732700092
1.6126020903817748
-0.7710242251978237
-1.7897662665127652
0.48600366080133983
2.44291187996421
4.109445939547074
9.659189735016403
-2.633589500634497
7.489706802049674
4.323683138153612
1.2101519018023248
5.849104136964831
-1.388544547222773
-6.168165548112713
-0.2452482758873822
0.8211966689173171
1.061467635300697
2.1557180312030635
-1.7717816243870703
-5.507350784735014
-2.4634714367814157
3.7026327678612696
-2.3057247162060066
-0.8438357143690947
12.850166652558974
4.715033015825451
4.319587194206909
4.478877800772782
-2.8604200802461475
10.277985344170343
1.2890574868817695
4.035215890762462
-1.8697694757873795
-1.0882223436064125
0.6097653169299477
-5.7379224367608845
4.160321293101277
-4.5398879193530695
7.293278106178987
1.7371680998423764
3.6672183154439133
1.421430831232371
3.640032197684297
-3.806047916417341
1.5912411427004778
2.778271132462543
0.6407355957238043
-0.4473458915024535
7.131326459481394
0.6779353448892501
1.2541309940718761
-0.3891469082031891
9.32271127991356
-0.6560928334844964
