-2.6346332497421248
-2.185858076167793
3.995703107569161
0.548397025413031
2.706553870131185
-7.625320318685418
-1.6380477974814522
-1.6066378528396144
-5.2499994975510615
12.759008228714187
-3.7714905342380707
0.5045492094846855
-1.6019244744533325
-0.26817625174746074
-3.333943944799424
1.2706413438072608
4.7346459527953595
-6.561936379122886
7.416334683769949
1.9787778722863223
3.9093743372620224
4.471885361850314
4.228150264348412
9.88168858942375
1.7657135710305767
3.188534115193688
-3.623197545988123
12.14055335701602
-3.247061882221396
2.6246039341542935
4.031821972878948
3.4806235419308695
2.418643961695972
-3.4608630973025494
-3.4793572956442342
-3.4570514614758894
-2.4296773195759336
1.6235288739521168
-0.8041103642374983
-2.4154467279680105
1.2128827594901515
-2.171411723981715
-1.5373339506298471
1.581427865206452
0.015061692932119702
-0.2865872186940531
1.0691202266809032
7.705189083491982
0.8805855371519846
1.960033999005502
0.41782979628438055
3.107561917988578
3.047393008366688
-2.556110000654527
0.794585461292814
0.9384940376411962
-3.3270936747187028
-0.7089699895713854
-0.2999771741589697
4.51756941924397
1.993251169124709
12.345611280060035
1.305547204347917
-1.3751281973074607
1.6660827072141564
11.197763252512841
6.145646120706196
-4.530233034873225
1.0679649876044774
-3.380521295956508
1.3872989160160176
-0.9211045267763506
-0.449609334836626
-1.869901242051597
0.26108882540924677
-1.010078816989621
11.10298967831234
1.2933908404765666
-3.899306104632228
-1.255712167584039
-0.9047472675942865
2.303758492527672
-1.829157460050526
0.47289366675870464
2.0725376447126056
-3.1449575910484224
3.4984609130690236
0.6155740711085874
13.783313680840118
0.2488357729609633
6.137752168071195
1.2208520775794052
3.523258473488145
13.388867452714763
11.291682087115063
-0.41927474613473736
0.23044495690788136
3.7194484119254225
-2.3260570058605685
-3.7424606709474277
