-4.639885696538252
2.4962140571446003
3.360507761159737
2.0778556198525973
0.6879894582927615
-1.2240157965246272
1.9020623218827333
-0.6155664167405204
-1.6816265765034846
-1.0716831082324214
11.213024515263214
1.938823177794208
0.09582313036693058
1.0422764608029218
6.90606282905885
-1.4969497321300296
-0.3455024515571784
-0.5139417484710087
0.6855519878621432
-6.515144166917924
-0.2570722332926658
6.039405042577675
-4.573366051533191
4.26091680659271
4.474533562408592
-3.3266932325350007
-2.7709352394942535
0.7367406788481424
-1.27328132429927
-6.217259708265844
2.0684928573125543
-2.561129515494488
-2.19144466687884
1.2971999350951986
4.094309117211728
7.750315243716089
-4.265096118563208
4.252790803631276
0.5740643286119063
7.262234568504644
0.5404938197268953
9.106614154738637
7.712593083407386
6.74331129194902
1.0655234828252458
3.92170504266408
-2.655535602576105
-0.8344857362891286
-3.327711130935619
8.296355211649367
1.8235438008435771
-4.841811288601623
-3.6697755017173765
6.126337497352502
2.495104878653833
0.15742814481747153
-5.820489597037099
2.534992449175065
-2.891980088705872
-2.306100209120366
3.745653039269043
-0.13806352240534261
-1.3523988043387747
-0.649858792890979
2.166126336536903
1.5543503421643017
-5.483254825746134
6.429166891386976
2.6324366348569415
5.986260768046652
-1.4087503782973627
-1.5578393607503918
0.6367974530690387
1.9487697742612267
0.9409420192053453
-2.43642855394058
0.28267514915364594
4.5739679280032295
3.2314995005033333
-2.9226488573769442
3.3493859677214064
-1.3941482112990773
3.829819571148855
1.0440323742729274
4.530998380787676
0.5171676873829498
-0.9627299264216844
-1.2022107095571617
-4.661495785439207
-2.0159557574629137
6.125207675351639
-0.14102443370309106
3.8106042640497764
9.564885214579341
4.291756813928542
7.161558254206211
7.933491869390011
2.0065039238436997
-1.7099450823934752
4.265090516744136
