6.864929032348391
1.5786464954555126
-3.107932553464979
3.8392210474515673
-2.0311305389279783
-0.5454526104082252
0.18297633707051653
11.803764983377118
-3.471046321069632
-1.6388316918229524
3.070390021019253
2.08094780886526
0.8516444003367191
1.425618243332283
0.23515942071168133
-0.7468859937520813
-0.44076252583903963
0.5615362755882329
-3.3581343089201754
1.9234979756155295
-5.2549949637672855
2.498638726248264
2.9316108188519876
3.114831922212284
1.3194416594762124
5.026492057856034
-1.819002416365083
-0.3975512786351854
-4.391603637500456
-4.358389949906073
-2.3166290919531485
-1.061425471915856
-2.422203321932061
8.263852704480092
8.832804486605733
-4.044021126882132
-1.1749125159326634
3.5980589028626024
-2.020985277141649
-2.749657006114721
5.391186857965838
0.20886530244017024
7.202307683937271
7.163250556525958
0.4952634696954569
-2.691032263029605
0.6804019586459025
-0.43418600877636293
2.5471844984054277
3.5826048853000616
3.0018141331905475
1.6583086016351185
-2.535058431605529
6.421138720356009
-5.099517586022068
-0.5306043059327223
-1.8018567298659829
2.099884522677207
2.797774902867209
-3.840810387201767
-0.5192211929439869
6.31928444863643
1.4804365987129988
-3.053942419181032
6.436707214239961
10.109060535097683
-1.7346743229214256
4.691862217132487
0.8205887929947695
-1.501577140158227
-3.440285897921151
4.5241109864470905
5.2798287276404
-4.3232741941011685
1.975390128943291
2.2375403901001194
-3.2927691296824877
0.29665892005026506
3.415610207622639
0.8780871148805407
-0.14895149164356464
-0.7349507326863591
-6.444203791703302
-0.10976317076496392
3.011669234697499
-3.451770689552843
10.006109692480033
-5.221680143424374
5.981222315151489
-3.0261671662442735
0.904010070615076
-5.8890271907576235
0.9713073059626278
6.593008503565525
-4.067251173650915
3.4635909776680522
-0.595230111156233
9.036880951052447
4.440980971175255
-1.1300822256372158
