-0.5331867565830517
0.10233266230331098
-1.7747297113135354
0.0291213931290809
-0.1553229183304372
3.17520836327911
-3.012949607097756
-1.5991853220340793
5.719767387729319
-3.3827177871107295
8.815230262469326
-0.32074476346272884
1.1172084070756356
-0.7149493391734691
-2.878699125561642
-3.77337967253641
10.601212622254096
1.7003845922234504
11.56748649799905
0.853857336444795
1.6271318315372993
7.554362177070519
4.661750450972242
1.3508541075964777
-3.319282976344836
3.681530362188677
3.477683872980059
-0.46213180141489585
3.570867973082997
-3.8857431204859423
0.45969089630862203
5.096732847117914
0.8748332468845866
-1.5021098503891794
-1.9628914463072844
9.986305714559315
-1.5761758177970582
1.342260626162412
9.144852931453343
3.592693925453776
1.761850270099484
9.564155506920326
0.8926886867708468
2.519987281472372
-1.9174110534676971
1.495990344647791
0.6072128707439749
2.372612191391002
-4.836807270577341
-2.798760681449661
-1.035274285004267
3.896395010752546
2.4840470311115244
-4.77049403302746
8.956475129903179
1.0914011055323825
0.5937421793395082
2.447049772326663
4.322486588546396
0.5261019764214487
1.9719256302839172
-4.890785912974461
0.5129245166590759
0.20345600638844827
2.863890827731517
14.172017873934074
10.849945195697043
-3.4696611206194783
2.5022055438312787
0.37223767557441
-3.1649600716451562
-1.0057493017826256
3.5174341905165036
0.05733067646837722
-2.2747758951551083
-0.4937105597131307
0.650783396556375
-3.3916815461301058
12.160512181299772
-3.269047042841886
-4.464042740618793
-2.659711814763206
0.8982436760541401
-1.4009507148127858
3.8893715683385857
-3.4395955317040947
0.2297733068003051
-2.569104965303351
-2.485936693749405
-1.1911855734881414
-6.424607052937796
-0.634530858378521
4.971440578827949
-0.3201032759769869
1.2139375833248527
-3.3280713405038216
-1.2496002679846678
2.4065040140951153
4.663673100812195
-6.069686525691236
