4.186213886206591
0.8160061831537715
2.2737111817538223
4.244564534096789
1.2817356958547217
3.9382019200549956
3.6658666623431033
3.1407264252451386
-3.425536769705044
-0.959419386210993
11.66493781824439
-0.4674448918614632
-5.30956826295722
-2.5634207893862415
-1.9997556801140859
2.5263691001249837
-1.4711679469176164
5.099312908194771
0.9558454380871775
1.2152704512551853
-6.745404276149412
3.427577481201782
-0.32765598451542344
4.932450773433326
1.982347283742096
1.269202557739884
0.7328778197408529
0.05747670672161337
-5.672676480500332
0.25977541154438905
0.2560251502872337
1.9530981777601457
2.3296874376101453
-2.4607811201883303
2.395884643013229
-3.367060487445583
3.427598430294197
1.862015487173017
-2.1778918823107216
-0.17175573559333107
-2.0695566913101446
-2.4428927790678028
0.8296116533983666
-1.7291001710950442
0.4991113187615177
1.123838917193014
0.025108541443985777
6.81960218202391
-1.9194512825998093
7.631166466489661
0.599336555953172
2.0772729154811875
7.479490874512628
6.9457425261259065
1.6964252609592245
2.3901215644320537
-4.275594053189989
1.8821076370014298
-1.2205388078609214
2.5576570598456425
7.13137923538958
3.756955743487893
-2.654484352192428
4.021641150097604
1.6434947953468078
-0.2873167007040678
12.095620884740221
3.900453399720144
-0.9020689749823771
7.068055826424091
0.8911294374038548
-4.020430882828926
-0.26886110320044965
-1.1738308682513694
-0.30850561142513666
-4.527768717736016
2.234608271524794
-1.3738870221110413
3.7774446447907977
-4.6019090309309885
-2.108883291190768
1.7597686126072118
-1.071877990909347
-3.33525195308101
-1.3179410663315838
1.9839285430542375
3.049816808586325
-4.239051851948311
2.5244128680903755
1.7962903420742622
6.919814894017476
1.9002217579922847
7.785816655296319
2.703710685573462
0.3328502907500954
-0.37122334057630535
2.8765327768395856
-0.12403916525244146
-0.29085089295509003
-3.271843621032617
