1.6027325715848577
2.425627502768235
3.8323032960036834
1.9588837713882166
-1.7362025819278935
-3.2887239512683486
1.9017776234646657
-1.3449620043869077
3.1481607699228773
10.248689239514944
-0.7596402775238638
5.876509997851611
1.3997855254553941
-4.142862704539792
-4.28684770951639
-3.700382632395682
-0.3240208315881653
-4.088732238425333
0.10380239927299548
2.659715581049017
2.245314893245098
-2.0924693452456036
1.3953251327022695
3.8872424266303733
6.528235170825526
3.2562841022881397
7.119386762380232
-0.37180638298813495
0.16860588413962627
-2.053010506985901
-4.117498673259534
-0.4169272857443418
0.055403478074117024
3.477337180670088
-0.29330701616115257
1.6334451238236247
6.718649471571339
7.025325379621259
-2.8882825883865375
0.9837944420610908
0.5204550971393619
-1.1056243746086634
2.0048894236671337
-0.8855344621939666
-2.091181024842688
1.415875181197127
2.5971330183698282
10.774652671146452
-2.996324036756773
8.617892366491716
-0.2944583426953512
6.428525950848809
-2.3470023107514004
0.3088795264947553
2.8242328232961027
0.25239947860131884
0.9425345611724177
-4.64771633236061
1.4751020353977544
0.8455459718613775
4.544285343246441
1.8830758316517557
0.6868055369144604
11.345165766151885
3.9002394092159447
-3.0788732615185443
2.1789158579046575
-1.0206899123325255
-1.1868857989420643
-2.097572913513048
-0.9637391699125288
0.7500599611926577
1.9597292544553169
3.9439966012188057
0.3182153874138728
-3.205963097945043
-0.32350181111522097
-2.6163310577975376
-0.36962579549864183
10.56037713435877
-4.613436798321049
-2.6711869260658445
2.8266764164676976
0.24962657830759455
-1.9136296361108758
-0.47344987599629695
6.95792211208117
3.0614355710119954
-1.5296829643522853
4.8632553263847775
1.8785012065608349
2.11108963826274
-3.8419173824936976
5.931492709666749
2.42810171349278
-6.8358305035882765
4.498225976129781
-2.111874258282267
7.958268776182388
2.077807664821343
