2.414517611195584
-3.907147110705075
-4.777648906193479
-2.7575500247336375
-4.732014309216886
1.7108091210255485
-3.867943600470797
8.793823401900275
-1.0858100582315786
0.739510595017343
3.093509369134397
2.0759632503553047
5.3272694591648815
-1.7681231519922567
-3.5332301299360713
1.5344996574326084
2.3329961596414446
-4.282467184379094
-1.3217161565503233
-1.0118236994244363
8.292750321175753
-1.451895569020769
-1.437080899317615
7.538624856594419
-0.9878088110872443
6.063498763813415
-1.999625399945566
-2.654076063244507
-1.9410684516761458
2.317553578742998
0.27235088124792384
-3.966746242596815
-1.520262648623321
-1.746032478937694
0.500527097826658
3.7484577055057358
0.2300116403134671
2.9109373414799182
-3.9976480864048645
-1.5034417573625347
-0.08807293924133137
1.399018698102722
0.6697231001441921
-1.1509311637993438
-0.8867156142230668
-3.9982860193112866
-0.9106947724226788
6.420034313325765
-2.272104034815409
-7.5224983008614394
8.941022863467655
-8.561922145798574
17.43136494748199
6.727665722247471
6.073059741067421
12.57340274095766
-0.12793736877915374
-1.7838324534521908
0.5871812539852617
-0.8360733678377763
2.565899314715103
3.2028174462731807
5.3825159337148545
0.5839648259992796
2.5021669864392715
1.7553962942283317
-3.0231082451481193
-4.038830172836735
-1.5432336382507268
-3.4614027416036066
-4.6428229482438645
1.724689508368919
9.227366070452199
1.5384645630377944
0.318272954979819
-2.6866744589072042
1.4620354026774267
8.686448260518775
1.008358027851352
-4.754572669354256
-1.956204838428747
-0.03518487115647091
-1.1260443024832016
-0.5294033807487243
1.4869598683023013
4.361834681222311
2.4508220502742333
-0.4352804973396528
-4.192112602182943
2.372871627111097
1.9540756608361618
-4.985903129415476
3.344675924570697
-3.0313237502189523
0.5761843829459762
-1.9633300734475534
1.9638709104703267
1.887074587476204
10.099302183710696
-3.2539331353217484
