4.2357796596055195
-3.314140213857635
-4.859957086735331
7.24905344565163
6.4696561293377
1.9343567733487634
-0.1997318613805018
-3.863316613844436
-2.9630930371058586
2.6262121125063596
0.5252713893635775
2.117474470943598
2.0637595640887194
3.4751448938345133
1.817125103974076
-0.9222020251908121
2.4229653263075623
-3.186785040852354
5.923445595935082
1.9610622100866189
-7.037563810398988
-1.7363749659720573
4.8968138752441694
11.708349060041336
-2.3069335318843276
-0.22907263975353692
2.4946482997445063
1.6469592962941944
-3.293061665251582
-2.6851794421751407
0.7055733842922414
0.7144907759375205
-3.4945822519077927
-0.6266445038058778
3.683995485367422
5.069263534637219
1.0018518650088895
-4.324307724066069
4.008567307312057
0.23436310691224693
-1.400852557430411
-4.134077400371882
5.557660136127264
-3.1432678249742523
1.007979135857473
-1.3461446964101547
0.24831193350893438
0.1993584997191601
-4.160884148662857
12.71217026554952
-3.2457151494626064
3.389554039427267
1.5412420808227374
-1.3059876721382575
3.680448139703554
0.9355713578969564
2.282610176351322
-2.311838904526902
-3.4207953836905736
6.027959689733693
3.903533294799247
-1.1052223390613163
-2.4627617120387444
0.40919296072483513
1.1013985908519262
-0.6013784372158762
-2.5175584400671767
-3.043699297511077
-3.315563557334564
2.4567220166008106
6.579558612781856
5.458378729861267
-0.6072297399134093
-0.8052414084384167
-4.95327729181947
0.18743176570012746
4.176001501242468
-0.1913428019488507
-0.3519315947715002
0.29828523703088183
3.371748585399378
0.23208554628537584
10.528497331928312
-1.1090026474635664
0.9031062204745772
6.126973753753977
2.63257190825808
-4.5807409829589885
1.4772342354408323
0.8168349555291056
7.16487082628076
-2.823911716173015
-1.5316889456185465
7.237735266591441
11.678198003076474
0.029564146670539665
-0.8345549749316081
2.7884878414349576
3.147575715202909
5.643783943235782
