5.184230459842562
0.3345693655060159
1.9762000009522893
1.2936690844020202
0.20514255938271683
-4.963636436128121
1.520088442543432
0.34024272288631574
1.1657597020377173
-0.2725447145881788
1.7946967874403306
1.5635214945196625
6.804380860157224
-3.788995387466903
8.070181059168934
3.443323297940532
4.448737067521067
5.770117653529456
-1.2297385162003625
1.5871684041611496
0.009078083783817739
0.02838434765074878
5.743105765517295
-0.41621149835904403
5.801573215733962
12.054526835683578
0.5695147937143867
-1.445713534011332
3.1712145901058406
-2.9697542691593473
2.3718315861365644
-1.1432848665516304
3.88115387230555
3.36724572244647
2.3390675401204013
10.506753542218501
6.2968637662401346
2.583971239247934
2.941515918274985
-2.176604047403357
-2.8662513943115013
-0.276739188926268
-3.7221249681072113
-4.272980949890037
-1.9252905061074004
9.185623829327708
-0.7797695357005081
9.39742488942243
1.9432219534858126
3.1971737665512774
4.0284126212931675
3.054346799498001
-2.622747030996672
1.3147640149887936
-2.296631425031115
-2.075571196434233
-1.5195926533016504
2.46681295313467
2.4249404767281986
-0.6195619285856161
0.7779418492601639
-2.028224183596869
8.766975832313033
2.9592266481728693
0.4063122417977155
-0.05673678467854153
7.444747937649293
3.672504200567867
4.799083316606966
0.7866548354487353
-2.8546122664471
2.2037750514690693
2.379452278186871
-2.6109754441498714
4.010775027304766
11.886025535933182
5.360352482172534
-2.3339971590909956
-3.6433342376733773
-2.9065768812408286
1.0381006180185324
-3.8443979124899634
4.511229239300365
0.061837946433015926
-2.8806670270567216
-0.13143449165014034
6.9641316717658714
1.1885111510757147
1.6122861264731374
-0.9851140469796258
10.40686346734541
4.807063189762479
0.44574639362740387
-2.3645761750671985
4.272585752203437
4.283358600978418
-2.692706813593146
2.8668219664215453
-1.61247013021512
5.150066262762795
