3.9734822669795182
16.38106933373644
0.09294850902138004
-0.020194149127797392
-1.7577282430428212
10.094358452472846
0.2946026639328948
0.6736129084592765
1.8471193468925762
2.1114363653679047
3.1906597597518562
0.06988590887698107
-4.567037611227197
-4.718711605512176
-1.455938193726122
5.258671838549489
0.42681170697776416
-4.0984332240695105
0.7396438766737583
4.300379468976677
-1.4783650840030678
0.3226896770781173
10.37446883030733
0.5257922164738921
0.4425178702676974
3.005006777648823
3.1677082054842147
-4.584587095750268
-1.5169472864716165
-1.0773755406535739
-0.6618942787941337
9.50267310024896
-6.320675636968508
-7.319418422121014
-1.9732028985453036
0.6469375771919929
2.444206982273168
3.6580228640844448
-5.340151728513444
-3.673938302993298
-1.9614052134172226
3.935312191648001
9.118544449655003
4.729188047037752
-4.089717848421394
4.588562255335962
-3.155420128861076
2.599128933960136
1.0975982058844311
7.812758779184425
-1.1920139638352096
0.5204843901044023
2.1244683614454414
8.39121141489976
2.26510917217704
-3.4344400679426705
8.002350525959326
-2.5650904979257043
-4.396770276729187
0.23797290388924822
2.61362286038388
-0.44581637362684834
2.4334102113648792
3.449977703705395
-4.487559613142193
12.309426203476596
-3.546805549017914
0.2766393320492703
-0.43792938728932673
0.38242291826013786
-0.18150202322388595
3.4966192136282843
7.436851779419498
3.7561607017868517
3.3805861812155378
-4.901608357948165
1.110123274231778
1.9736659123906164
3.419812225416303
-1.1002565159193742
1.6604443350886426
-7.676021863314598
-3.808130728662821
-4.451841412753859
5.372567518039585
-0.44844816996664283
2.392580622646422
1.2580002451644465
-4.76616620844314
6.149184943131221
-1.4692715431577437
-5.416235510447029
10.308035178028337
0.6429922758165306
7.957458774433644
0.190931028621517
-6.547502329853819
2.1439286173592675
-0.2379087091382151
-0.34700478301836524
