2.201409941170742
2.148872806400304
2.4268771909035767
-7.152841371172132
-3.555010096846218
10.804751267388788
2.5934423104565143
5.029051526899013
13.975752863185614
1.090509567220511
3.248851092087449
-1.3442013790343414
1.0894479739620873
3.753054696836252
-0.8067718288515273
-0.6705668396335622
1.9383279948262997
5.2906515996412615
10.303437318091452
-1.921242851715244
-2.386423026722017
-2.185079479301363
2.741932112190023
-0.500665030319614
-4.276116663676145
2.4421524946013973
-3.5666785636743223
2.8722985989396905
0.1923824287924506
0.028494215795869922
2.3763380508462233
1.3124104987209009
-5.577768484000043
2.417608866396569
-1.5542494512032716
-1.6156017446149598
2.6188001245459116
-1.6021270583594562
1.6028243591640632
3.9087202790857525
3.69087049525097
-2.9658607830658
0.523076725384345
-0.10177780253691032
-2.5687513584714914
1.4617026248269818
11.476603246778822
1.30644575004673
-3.321920712649071
-0.6827435074887307
-0.6230590632564914
4.454942126309181
-0.778709228380259
8.106200128152173
-0.6919129656328733
8.969985629046118
-0.6670525160463182
-2.28232715591486
9.370547396744016
5.47162232555849
0.9244792317482308
2.648936938217471
-2.5713336043089603
9.193258297303494
-2.255591601321468
0.5231145250384849
-2.338391604125788
-1.8488113443599432
-1.338488601375248
-4.681984003978235
-0.10537378619420376
7.762987268131282
10.986349156535043
-1.1732349129063104
3.3914037315734653
2.703255746160318
3.6681760591963704
-1.033338130839411
-0.36790912517870206
1.374087028046194
-1.7191910376008908
-0.5463295371431545
1.3810646618239772
-1.1861171514883697
-3.592926259603714
-0.4522031165164454
-0.1280884105131104
-2.7494111489499544
2.2365689268296216
0.5911311327886078
-1.0263615296824828
1.3873844377514382
0.6770329943978675
-1.6754582408504053
2.200668491984691
7.7480591495050675
2.677565593956431
-0.0019455069784665234
1.6366968371460864
7.224931136509799
