3.9513242482502244
2.6773646340225876
-5.421922456423699
0.6813472517460077
3.443181530270703
1.0038809567454192
4.135722991622453
-1.2725397524262159
3.2889499033063956
3.2762266492151353
1.6328555002932992
2.9624904384953616
-2.9198009872121933
-0.8547173906276634
-1.8540965725300116
-0.05969148341280464
-0.819541677898503
1.9874727202955307
6.383786639705319
6.445743934177562
-4.654528096697243
-3.7514272551471146
-2.781605052511421
-1.2984760880726973
-6.5109737716511855
-3.448041217382704
-1.6727386728520495
8.796681776993799
-2.893137573523446
2.261858173366238
11.466436853679667
-1.1151904474472714
10.022950293318033
2.4859138326123507
1.6097466146777393
1.1003127065364742
6.028023461200528
6.342597328616766
-0.6107033087171024
4.927983637148344
1.1826598728403221
7.209559118076864
-3.383760164196291
1.2985780029076543
6.230680499040159
0.17196247695823602
-4.151236989981923
-1.3567081644195953
-1.3915754271601042
0.3013193716444425
4.085529036596943
1.135589119240736
1.8485032558799466
1.2087146938370166
-4.691939583893273
2.4362094507941214
-2.4577921553584963
3.8078286675255417
1.9385267224548226
9.208675420704614
-5.475821545323317
5.5658576313538735
4.6767486530967695
-3.628062869321297
-4.231867271207127
0.8678029094811557
3.3489242563892048
2.4620691234582743
1.1666236045874916
-1.1891409249403286
-0.5641375848933314
1.3891563078953113
6.316503328648589
3.706037302187366
4.392562944256995
-2.461328323089905
1.9204272231778237
-1.2883614636842713
3.271756326915516
-3.0830993656594488
-1.5298089271292534
-3.6112808880776974
-0.5703098235302649
-2.586537258168038
4.027582226630683
0.20285769561866518
-0.7295020890374407
4.28793824410382
5.738765029118312
2.958821040774616
-4.077103010202915
1.1286626873665004
0.6784508849842287
1.2969212555644096
-3.4568218462567195
-3.4079334603394655
-1.9481637711235338
4.352102985950919
5.46245485088847
3.7150264311997354
