4.5648209698384985
6.142718182172404
0.8551068627224196
1.1708817278734671
3.0662758590428387
-8.089723007472134
4.090646806482095
3.094159009928962
-0.26245532490524276
2.3013264695248727
-1.5787748114223188
4.258532957164635
0.20622189780119443
1.872413749421793
-3.9327482635320608
-0.9554261163391153
-0.1795509980327849
1.3881255482218504
3.1570103869214177
0.16198978326854732
-0.06408501884545188
1.475640081896015
-1.3907170504738797
7.827388027218833
1.5721817367791275
-0.42054019982465995
-0.2757425558506622
2.578470051493222
0.7956757033525261
-0.07492480833536273
8.279718703750893
-0.11648927741741912
1.996084217748817
9.481098895292627
-0.9469738122704661
-3.353901766468117
1.1757928891470262
4.04349856203018
-0.21232001732116562
4.8848895873346905
-4.858126659363254
5.999338385925976
4.342509509288199
1.985580264325593
1.1464377873737341
3.2417558773696893
3.6274590273462564
6.453402641459638
-1.0153043240002262
0.8059306387389882
2.6735581068824414
2.1938222316877773
0.4228660863411804
3.3439656731283196
3.2796249195989757
7.901107517935521
4.528160136873043
0.3387903217297912
-1.6453478911345298
0.18983320145741273
6.796565332267685
2.2726268109027035
-2.3220388956615587
-0.5442174832240738
-3.940728607540977
-1.8949339183105525
-2.374171282376742
2.4610323856451117
2.76949200167963
3.2829137730143803
2.0483457864816774
-1.7695467138728762
1.068534604502231
0.348911792588511
6.175569309121418
-0.6479823289114102
12.242345785336525
1.2929652621368857
2.7372619024725746
4.693400528083924
-3.900700011763939
-3.2451070862130784
4.016173248079922
1.2356327791153652
-2.7734938641902627
9.397582831688263
2.3477958514020827
6.349528875799526
-2.8440784247615127
-1.536983447514902
0.6188147674941726
-1.774887319792442
3.018815917733294
0.08266684518836227
-0.1092825172833109
6.123117896475468
18.426767765899385
3.7237604089511267
7.305961192394664
-2.604237350564186
