3.905049198188406
9.410476817297553
-2.754678424596559
4.468041264951474
-7.326168460608724
-0.1310299918594131
-1.1047373784763943
-2.06279498646772
-11.467627075047373
-1.1330243277429761
6.816377540410716
3.4798036475737315
1.7858630946064034
-6.13386732103403
3.2463492284212836
2.0680954007465147
3.143799469020236
-1.8083661267750708
2.1458165824280853
-1.590002362696741
-3.906104044043821
5.779268768446845
6.785884144610853
2.2600398364664267
2.6568490902629405
-3.2726406164269464
8.972401412177542
2.4560212826269563
-0.31020215067167095
-0.9796354236931665
3.151397778033392
2.630053796002054
1.862117842498676
-1.4557342655443604
3.0624993808665195
-2.8638886195296878
-1.6290928466885317
-1.0967004511255503
-1.076947357322358
4.071518187829367
-9.49206970132178
3.8601749540864523
-3.0900422480937513
4.2423642683243425
-4.5787572835509405
-1.7906544968683251
6.932792320204631
3.3179810705511867
-2.0979758003099755
2.4178067115037596
-1.7122836138896962
-3.4104949975086836
3.568473009113147
1.8158456528576372
-5.833691543228001
-0.18898346145611872
1.2638154640780994
-4.654428739471022
0.6905418700214123
-0.6847420100115746
3.661557411187715
5.8998598333931564
3.45923866693436
0.43791271331533743
-2.8124414012905943
4.6214511901398865
-1.0161674164244827
4.464951144628856
0.6595105751085116
-2.1343536457379386
-1.3946775723087632
5.200342939295318
-2.6617928040503367
1.1028451251401694
4.190875322285958
-3.491283993996716
0.5368186137984663
0.5966697456889553
-2.9823713186151912
-0.7792125834464929
3.9002093180791
-0.22155751112768124
-0.4314446419829196
3.316240896765959
-1.6039437099179872
-1.24586330036013
3.8744320343929566
-5.2304151357687285
1.295219135966155
1.1044003997250598
-2.3909533147053827
5.515138492796957
-2.9526893747916096
-5.500283918151312
7.65541232329421
-2.3494855704842506
-3.0494542032029583
0.8125205821065086
4.3584965230978305
-1.154899617285001
