1.3389589786891651
-1.6584974677216633
4.027012610842994
0.6984237120258716
1.9773453441682731
7.3277630149744475
2.1468727741876164
0.9958727434433308
-2.875053225510136
1.3809108743367202
-0.8586702025435526
2.5543839148731626
11.52501176661811
-5.7810785929987585
2.3467129638359423
3.495787507229466
0.7170458140135024
-2.5037786410321696
10.681931277022574
4.87942940551277
0.7890167184187971
-0.273118520705105
0.7187968553504229
3.634258077807856
-1.0211908910144258
2.182939179260498
13.77195689835902
0.17547059380651614
-2.3649092113829355
-0.7008479111313302
-0.8107561040612559
-2.552112519094945
7.167689263798971
0.2589155986512032
1.6309454917425503
4.040531447942074
4.254258808794629
0.30711873149074853
0.081950663155364
-5.822978028864503
1.706130198416668
-1.763799172022862
0.7063738273030253
-2.1622156884194617
-0.954390894535061
8.834717077893595
-0.0830625270698567
5.4512170795288775
-2.010703382450891
-2.481181923947112
-1.7630723086992466
3.945862521656599
-1.0071043955957664
1.134553537713419
-1.017860920050647
4.849625076300024
-0.6953373549096141
-0.886949427321443
3.5498154201357077
7.338831258538852
2.7994407267484727
12.541739056065532
4.216407613242525
1.8046190899678667
1.9678296583462347
2.350869199479299
5.396313793677055
0.7256848375569765
-3.9887441026182247
-0.1418950501359968
0.5274169205410336
2.032504534291593
-2.0661774198451575
-1.7580834095183588
-3.8429442148145236
1.215967649468773
-1.673241602386636
-4.7461591897199344
-1.9326429632477722
7.1179823447320665
-1.4696271083616996
2.455590290058277
7.125679073869314
-2.0260089779051755
-2.3132158955552233
1.344730126336513
-4.272371735302036
8.632465191696392
0.819214623636596
-1.0979502767673321
3.243477534784822
0.06698272654702488
2.083097380113707
2.9606876980177086
3.255783933639104
3.3308234136875168
8.645710629589416
1.2576435359011087
3.015539804687009
3.475972613537377
