2.2223690377293885
-0.21838663465556474
10.21651879697753
6.249358707814862
-4.644021195674887
2.7647689352509808
4.728791457528049
-1.1833955845899964
2.838246037361472
-0.7972256333956362
-5.139623177023829
0.1836450228465552
2.8773930582379146
5.2128029944128835
-0.30328103064544276
-0.7577202078026981
0.4165299171993355
3.5088474649029386
-1.0380299030242681
3.0258729908384323
5.730067069934141
1.7503711668782191
-1.897418665403559
-2.218890263248969
-5.492416344114165
3.652580241390063
-2.4993031614808934
1.0467483849788528
2.001264253508168
-1.6081743549780358
3.019227284686387
5.4089627899869
-1.080466049859797
2.3101522500058307
3.0941589742035953
-7.372124185151488
2.7736292203027895
3.3052594518878804
-1.9575673018341102
-2.6401380390861955
-2.1109022166490043
16.20855299414739
-2.1332689550307977
-1.477300779992225
12.932237018424132
3.4424149052048945
0.6234466332929689
0.3482210990069643
-2.364344064385677
-0.660587082292664
4.359954058705125
-3.637689971901544
-6.251638531751639
-2.303123171887691
2.5814906423413273
-1.245721612058683
-2.4497353427881743
6.8781611197955055
1.1501279043630226
3.698178313423785
3.189814461799409
-5.614477864340307
-3.582119233888309
10.15413189870533
1.5050683640604927
-5.920367369250029
-1.6562368571844588
5.481896389333095
-0.846893850584735
-1.449011185396664
3.56863938846386
-1.54055208928883
-2.1150533285378295
-2.4152709047635934
1.5759535225883852
1.7671855347444225
-4.3842337235225886
8.029885322563908
-0.24183717994849924
3.0515496364595642
-4.769062924617085
-2.1845800944341085
-4.373527250296959
3.832569604563573
5.300861070124494
-0.8535569046981029
-1.2118824602835396
1.567409649359016
1.3753894124211905
3.942957523392823
2.993292221586086
3.3438431441380883
0.9698196267063013
-1.0333428707580774
1.7601251442333878
0.28862131195214613
-5.095515650681115
-1.3558186074104988
-2.2014357398372466
1.6590660734745977
