3.7109687594651435
0.21226559326849578
8.244663160008747
-3.2455645822771135
4.615709046306529
-2.0805030381974294
9.105378979612011
-0.39494867484553964
11.017489723506653
-1.3792855125437686
-0.40635904604077866
10.428986033409979
0.39814865365061364
-0.8592892665928202
-2.0760813801510176
2.4423014563845316
0.15993382643525436
-2.703685241481902
-1.071158595551925
-1.636678808207105
-1.19674066406068
1.0035714969667184
2.9488795311074028
-5.106325133196316
-6.059939207702736
-1.2947889648463702
0.40253302314985445
0.30403002745253455
-2.9814852225968975
4.427461929989208
-1.8510027619702611
-4.472588286326966
-0.8243746331335449
-3.5294821709215527
3.2156963615558958
13.464089026285231
-1.846154520590809
-0.5211668260693363
2.4600276149196496
-3.747306173989271
3.7268061216799357
3.7942420586936594
1.9332758256045457
-0.8938348951392572
-3.021597233211592
0.7309996241392052
-4.301477898400779
1.8514093038202204
-3.8648385326511763
0.5916199964839006
-3.403539223128762
-0.17431964149403248
4.30110820009725
0.6659812270453793
-0.17306033732262363
-4.26298559656999
2.731029015732302
4.038607825485144
1.9786663965686953
0.6244231912546967
-0.6337520582912829
-1.0334914612513049
10.357021444992002
-2.9961166296202553
7.221578627628553
1.424152549790523
12.258979225633057
0.8114282620959105
3.4849713069758805
1.1024449257510207
0.04245805845675812
2.0674664839428987
2.570148565230858
-0.8594250478454033
12.267932860693673
6.305113749628044
0.9541149314512161
0.3414086573723405
-2.37159204752384
-2.028876364623168
7.308294969764308
-5.848444866937284
-1.7207644120687864
1.0969167952955186
1.3890275055843624
-1.362015772538397
-1.8169456038112588
-3.9795777086112505
0.3486267390740215
7.70629339828286
0.38973498634368653
-0.5636545857141249
0.0011686117860545942
-3.129432520010848
-0.9551287149494081
-0.22748694763394062
0.638741978810762
-4.893888098004384
0.07602736592139256
4.788729802359607
