13.356885581275126
-1.1566741796421853
-2.163758459347817
2.145506924222222
-5.795395317909513
-1.0426816910719237
-0.4138909493295575
0.6173174401607747
-0.33196349652320156
-2.1851694704004885
-3.1030707444187646
-4.001479846096492
-0.8983422583262552
-1.451534274027441
-4.822061520615147
3.848444769350495
4.35803901670682
-2.629783591171474
0.7244254255783994
-0.8523613429256242
-4.370378578956965
-2.2028163351216534
1.052962492134307
-5.308675456934398
0.739945945356676
4.864764762967933
5.626846899251094
1.5757304672584387
0.8630296953272767
-2.0288864113766936
4.258576628937612
2.307807998727629
15.08675537660493
1.8086882041654304
-1.265333684856846
-3.8709917704653716
-1.7362250559102566
-3.244388135542137
3.197395765161758
0.27426538205938694
-6.649490160756498
1.1897835208697622
-1.8961430945432172
0.2627945428409455
-0.6672005700393646
-0.9713585786532188
1.6623701707385485
0.0024268681622321778
1.059093058565697
3.5412089717976887
5.543822061820809
7.788770613176199
7.508852601248971
-2.9191011616313434
-5.894514467588376
-2.851483954314981
8.437902876119045
-5.416800360863229
0.7694085911314099
0.5328460988055032
0.1260587129681413
2.3937224723497588
9.691979586749607
-0.6849454917017574
-4.288522980320596
3.278775827845456
-2.9379427358213865
-4.023807567322182
5.852073527401527
-1.0157315675149912
-6.758541563568016
0.7624765739166217
0.9907803783134472
16.91441631342054
-0.5568009223156034
1.3940561861132341
8.293569587014016
1.1027492486503578
5.062532259965136
2.8083123439307878
0.5333708256224672
7.480615204942662
-5.676719597440486
-0.02286602317689324
-0.2652158672951009
2.9521358090497114
4.290238014238465
3.9610489983203943
0.45342119834425587
-2.6295975756791665
5.028315716692841
8.706341217764423
0.9338973269075397
-1.7657558057018075
6.612996036496115
-1.0576634818288548
9.869090868563463
5.948527784054812
0.6496821105725219
1.8610465055888064
