1.741104800836266
-3.1074376047147965
-6.2517184477766845
0.9384559397367271
5.3718444467909094
5.538080140596477
8.104361302931135
0.9666900905322161
-0.21568143902442097
3.435725496263854
-0.504287231631406
3.5804763330478613
1.7191318153075374
0.024219194739025885
1.586637293441155
0.6093429773033432
0.8698675075140992
4.388961011098689
1.5797613900763463
-0.3528935634461821
-2.1071967715949884
5.461551565552612
-0.4436536550636845
3.0502808566497626
-3.5474438727299598
10.174508083599314
1.7959914504115977
-2.40819001983063
-0.7573142366668004
-3.3979909694252273
3.246171862885892
2.0070179487820337
1.1311030847653027
0.5820636460449392
-4.900028149245221
12.973099852978628
-1.8090002971047974
5.335943762230522
0.6421585131946497
2.29950815993534
2.0267192878776994
-4.176001933539579
0.5129760283885122
1.7170028141098699
-1.8762632665614851
1.1082794952000214
0.48646042709808635
-1.913156563617119
-0.2665553486637706
-1.2674994487480484
-1.2367514688823475
1.2210170391126731
-4.0396904274974625
-6.288714717914593
-0.5738262885892202
-1.3191258035218603
2.498905038913762
9.174569587430609
-0.588417350258979
9.938264142178012
-2.888787279734759
7.422319865319002
4.602494420485698
-0.7045282174401633
1.5942442843254399
2.2412071051393876
1.6403418007752908
2.3777971832725453
-0.4807897452451323
-1.69663287784546
-0.18670308680192255
-0.42923433367369257
-1.623476209801399
8.606399963872025
-3.2994690171771266
2.5743029828728354
0.5031766974950057
1.7474078345724289
0.15281566068762034
-4.42980494139099
-3.5380425548219305
5.21707530794905
-1.033966753375734
4.667317759816504
-2.1544175232056295
-3.2662381205686186
1.7867691934404801
0.11016386325013627
12.58457296267029
4.932842194186227
-1.2994618577310448
-2.685022815040137
4.8861209465820705
-0.2680772070246682
-2.5733132535723957
2.468799481851681
-1.9982452546572813
-0.8239833499027505
3.5934793166822034
-1.7771512778979717
