2.497759819822053
3.551908714817682
-1.2348859757890243
-1.6504340750152249
-3.8255360467866493
-0.8606699956264836
-2.7992730305303217
4.6770931082112766
-0.5928258610395216
7.530757580297746
-4.947429483819071
0.96554501626933
7.287497504088281
0.08867626899969834
4.034443861940551
0.9841106445429556
3.5838373776033157
-1.4419069109170717
-2.9244907685217147
5.810609565670173
2.96583583626445
1.8766788429294117
5.508602537054685
0.2911634795466723
-1.774393408181842
-4.586447240989067
-2.1375303780001307
3.0752339279643532
3.639370590236217
3.4534851758681007
5.036130522829726
8.454794190283204
0.06725048562540635
-1.730315026553147
1.3334911778307765
1.3045685796804798
-0.2918854410706403
2.3989990763907443
-2.9803081203698016
2.6189826594234216
0.5208228113382712
2.716162680296464
1.4684550427561087
-0.1839588541340422
-0.42071668125444606
2.7238983121469706
1.34922625074818
-3.2033416679591236
2.2873387627643447
-1.0741309663615384
1.6225525919731525
2.8123166479924238
4.445630576763259
-0.926478854463757
-4.029745811305808
1.9900018463887457
8.781416785356765
3.994769123547497
0.001007635790060286
2.7911332945727176
5.980021931062873
-0.48227689800884566
-3.9433187305747133
-0.9491921900035081
-0.2820137201443904
-3.81978516221482
0.5801583543949482
-0.6477425339719823
-0.1746341300713245
0.41805481321308613
-1.3914854398132899
1.1935601035445678
0.1403479246296322
5.877319818709177
10.029834882845183
12.187106948118377
2.716038928256379
-1.0908323120608938
7.9743795424302375
-5.349882137998326
-1.1726359330812954
0.8959498250854188
-1.5018047134185948
10.196201950868303
-1.221092918075277
4.456393347330852
11.267759255172638
0.2184415252411569
2.344386007618625
2.6848614885590187
5.734317308696037
2.7141030326482634
-3.76472057754465
5.385253873520334
-0.04458767786548282
5.295473845980888
5.383449372175726
-0.12123485509454957
5.768326675172903
6.973978482801876
