-2.010390691360404
-0.904787893083863
-3.567218359290869
2.477008607182043
5.063352132930311
1.1113039477278641
-4.416975548255502
-5.9362292656196365
7.692184783129571
-1.490767061583922
-2.4174928492913055
-3.627969385990775
0.8452567777450267
-2.4952328302870375
-0.9614656431811764
-5.391417123769445
0.04887366686023231
9.313059007732793
-4.033817100663601
4.5697376498180375
3.83029866263382
8.667062413213706
-0.7898902507946794
9.557420478718385
1.8541910084755
3.5095335931087672
0.9642025527498186
-0.26219143091969693
5.784104216314081
2.572312074682629
-1.8000552440882092
3.507730901902772
1.1276466880698928
0.41833053282655674
-1.2934384842492634
-4.186380254716505
6.122142170142468
-0.8631293913671698
-1.9962272845652238
3.2734346101073184
2.2425766620328935
-2.15481270240326
-3.358108645935558
6.955191603220046
-2.5992111879179944
3.986802526392613
4.112669418599853
6.853158941835198
-1.0531874771885998
2.5816773524661865
1.05729144706613
-1.7224113820657214
2.1347201205216195
0.023768885343112042
-1.5500098913155131
0.8898843326990956
2.171392995532824
0.7906136521071361
-2.1556443266288667
0.7140179192033038
3.0674875009450835
-1.4411185130008983
-3.0468413084528088
-1.9559450846532753
7.253892590230221
3.8160390246606752
7.196548208475271
4.7786704365984205
-1.2593521376646886
-4.753419111908476
-5.506812235387046
3.6250304107604334
-3.0018771542591733
-2.4866278216641935
2.7951753823167778
-2.974828454810812
6.424408872898876
11.6511090228437
4.296248601072932
1.1693883586506915
5.871257182708872
5.428856927811732
2.7713046005369635
-2.2218202458948384
2.7841667653321878
-2.11924130120901
-4.576333126604083
8.547528731236794
-4.2724107193267
-0.15548019441712194
0.3098907508398971
2.6062749919123522
5.962155719208953
0.2850405359224871
-2.0211952443131445
-0.6515258939786297
0.4133057376416557
-5.236489220764328
-2.1669539000992755
2.140344308157278
