3.1096052385276343
-1.3623163764304533
5.615255466158345
-0.8454678415544143
7.943396742400423
1.5441411218900507
3.3047203733191663
4.7090735231514
-1.2325134594218339
1.7471550692837723
9.22187851268831
7.645595088717239
5.306082896475645
-3.8547011526367765
3.460902823855136
2.2975508692620785
8.083680743274293
1.2704648536988734
5.604701653617415
-0.48874610900071946
-1.5005452021185175
3.825183167164912
3.5809685646078755
-2.1618280473433886
-0.4757330688654615
-3.134266562321008
1.7697365666918214
0.9641780960017126
-0.15908599328174683
-0.24800774151974153
-4.632979808455303
-1.3482994392424015
0.4694465338619725
-2.787904058345251
3.7169956998569855
6.74847637593623
0.6434280575986363
-0.4303067896316523
5.33523383547354
-0.88407228535172
-0.17808926396601482
12.531821223329876
0.33680209275678497
7.839909552705394
5.761978437122312
3.9671051124835266
1.6905040750591795
-0.4534731389077674
-3.559138022448912
1.2323460059290983
1.0289752560950078
-1.4027493563430389
-0.19430962032323817
-0.2877424269195967
0.4276266253675281
2.4263576568399188
-2.207013760708692
3.529704292470189
3.1276923869324404
-1.920992625067255
-1.101376115151323
-3.1022929311980842
2.0048275773237645
-0.35576655960197895
-2.271668666671621
-3.790512478818664
0.3388815544046812
-1.2233435077178125
-9.102544445387228
2.3499774966218863
4.528582540063451
2.1448327451666005
-0.4210610815109471
-5.436219055109451
-0.7185189502979527
2.8735352148034803
2.947364784795824
-4.809417518658389
12.805338991690835
-6.040917914624103
2.0684240017926543
6.464107258878988
-0.02559718925359775
-3.5247181854630596
-3.70731131483603
0.7493968591738641
-0.4564912553188137
2.1367363323918482
11.003971993030236
-2.62000366562371
7.922980801167146
0.5323983224441458
0.43823587128191205
10.389288342490891
3.8773156473706436
0.4620972216537591
0.7969751610503102
-1.509889463419241
2.3616997154766506
-5.086295990442556
