-4.240100279331563
-2.8059422195258867
2.957976070260191
-2.5684265760423166
-1.1957224299072648
3.8746545607540956
8.341694122165134
-1.5775543007327264
3.714400271646239
3.1248180936184284
9.415545268702651
8.926833076909654
1.519028970296893
2.7174841754645085
1.8897760388975042
2.0702446647742554
-1.4576931746013275
5.023184974180205
2.246442475280377
-1.9042719572089832
-4.945099476331067
-3.646423509845632
-5.221669995743857
13.11648096532027
6.522066095553273
0.9443069703715595
-0.5904020976163931
9.794486972087487
-0.12873821252677004
2.309864975873562
0.17967543949383702
-1.0929999216560027
5.637409605197249
-5.580445513098722
1.2496874455726474
7.003237535720466
4.039524371317183
9.501996074193755
-3.4813296302474352
4.696440320077871
6.069816569208308
3.7838263020584
11.145138128556393
-0.8346301693268603
-5.6920032893232255
-1.3502959086811783
-5.218420355021643
-1.377477338439771
4.4686704266598865
2.155755237133131
0.2793227043819626
-0.9398046159918741
9.867609314657484
1.6891323612988702
-0.7930043849795827
4.010756544718781
0.4589904671493723
-0.9481359641169017
-0.5925737911725386
3.881591037187608
-5.2655956371271815
4.239531798620763
2.337270503954874
-2.101960997943854
7.16475753683147
-0.8734868636697084
0.43640658057960924
-4.768297668361468
3.377746798283775
-3.253322197544782
7.753117245448243
2.1988295313793484
0.8211572874600763
-3.562821224888093
6.040935099731454
2.4571827116911455
10.911097659943758
3.0775094140527264
5.094865192899311
-1.1817574274983036
2.5060358536910443
-0.6415331006110625
1.8779368825088802
1.855948134162987
0.5558344157005217
-3.8842919740465747
2.3917570652221354
1.4351799110863999
-3.4541739396100732
-0.05067853397471073
-1.957032838197594
8.491377605286248
-0.4050719945815263
0.6242557488292968
-0.6080390275755174
-2.3200704818492275
-1.0882693272246946
12.514895072521405
-1.1453103023697986
1.3769092526457216
