-4.747231407794266
-4.820124518656509
-0.09289481899905297
-0.5463810549600101
2.199475238881293
4.172458412496603
5.516651925806349
0.4615593853452166
-4.322029406730811
7.402240131149738
-1.1341589717188316
0.06325989461332784
2.2008869856924558
5.613427272530004
5.834151854634593
-2.4786344718031463
5.8562550593842335
-2.449614166493728
1.0165120280346116
-1.6744286505886903
-0.7447690016394932
-3.154227863345033
-2.9681973564956143
4.256888638842595
1.5544374729034083
5.0596040606534265
-3.4271998124847887
2.033693753348828
1.6304669938579368
3.075257999916312
-1.2499678704166965
5.629238228714593
1.8145952822154017
-3.8201540786050243
-5.66168394250249
0.291677635977021
-0.5553361262458955
2.8566488907087235
4.441678829417359
0.7076632037794494
2.190249805987869
7.816096073371407
-0.32092155007336065
3.920546376541896
0.8276098006883992
2.6147431164158497
0.5322142250203106
-0.5997463455102823
-1.2916198133520214
3.3727912130381883
-0.7483633918654877
-3.3375012152298726
0.9042144924519945
-6.4105874971638315
4.786006574137719
-1.8531753012772638
-1.2161623065959792
5.966024893434023
0.8243448725730674
1.3783649919960712
2.9530636800810814
-0.9470417745988067
-1.7789965010382436
-4.0104325356200325
3.53545581054793
-2.7255953208454304
-0.5031541001218227
-5.629042618729561
-7.2923304623627265
-2.0127260284288226
3.673704422469222
4.318044361034994
2.0265053987335784
-1.4364859416680358
-2.2389501501859383
0.3819008083157308
0.4621611349433509
-2.87273786901051
-1.3271159760383953
4.417924798760495
1.8240153252952056
-0.44859726268385036
-0.5824298877370847
4.847503872836009
-2.958365401309491
16.60275862368419
1.246967077051422
-0.3817674811140607
2.5631812418630724
9.305862585863121
0.9634819323040169
-5.581103132331775
1.6782432340730133
-2.484990123156364
10.903426921341387
-1.4385970939820312
-4.426704842423306
0.5420834167532844
2.2554320234168155
-7.332543073989357
