-2.1384631191120933
3.8350385543235967
-3.690334441149636
-0.40217473360425815
-3.503922235345041
-3.3544527885854514
10.277301833696168
-2.764659436650894
6.889459841930269
1.0445726486042488
4.398864855419778
6.870239534936862
-2.7665301652894154
3.9324752971419814
3.2851594636242814
0.46873850433228204
-4.756018091018214
-2.005347725336249
6.128789735841691
4.237696878631842
-2.453556938529762
-5.361406282691554
-0.4182754299537822
7.33599511519821
3.160024755511139
-3.441682571825367
8.232997310990116
-0.12550728643691422
7.579792444788225
0.5675489323312071
-1.9703868768858785
-4.127565190415535
9.068776370027463
-0.6129967259489287
-3.808042861673235
-0.19081710538513388
-0.2426082728408672
-1.9983687694766186
4.851487384300605
1.894069542654503
3.0874455717068754
6.035468781937035
-0.8231157409477122
-0.24074721389439815
2.9672638913791003
4.890030476216841
-0.03691027349189516
-0.5238327783538084
0.6209644740106434
8.033764825151245
0.4359738516049819
-1.8293539462731843
4.675606500484614
-3.8244878665084103
-2.42030255159061
-2.5649654593791853
4.199001065952535
-1.7358662054664142
-0.40256117399257574
3.060414365871298
1.7700657771250512
0.7812493227407327
-0.5937579361049086
-5.5426244513555645
-4.947693292565106
-1.8289170390806526
5.222033583541801
3.4815630657465038
-1.8518170915272045
0.2106441295329799
-2.987737408063053
-3.2282056041911846
2.8603342559704785
0.510629273083522
1.0666377080871194
-0.8285063960331045
3.8848731749929035
-3.7824103788976053
-5.093352030091729
-1.9389239931180224
-1.5931539471478704
1.120141814943352
0.6258909668235437
-7.629065413674669
4.868008915345603
-1.236621570763167
-0.43715113077906137
7.7441214767489095
3.022533758107615
2.7766575017753734
0.807981045375302
-0.3487012955878648
2.0697449579127167
1.1209764955487516
7.29167471638339
-2.3253365880055705
1.5008388027856245
-0.38814268194167173
4.47648247005783
-4.764904548519978
