3.7028624579963036
3.806280029344761
4.0071066976791725
-8.259304253477435
-1.4063857510466387
2.850516461063107
0.0755720305194173
2.879418045883172
-0.2795383095827928
-2.542889590012174
1.0136866710705945
1.7542364287741699
2.3527867334971995
3.0974196386458903
-0.9155397241719466
2.4482045949444213
2.7717373064988844
-2.7514523274410485
-1.7220285129400792
2.4433331803111895
3.1156999559272354
6.937515560482561
4.143133427796569
-0.989082767852534
-3.5701880952107468
5.8779213668078985
1.8534727603638115
-2.353407832448963
6.423264364780188
-3.1977363413167605
4.065862611656642
-4.468257112516578
4.801963767482924
-0.72631856643888
0.6256539697550032
2.45139148492433
-0.031081669792408367
8.526637246434223
7.793514974351135
-1.241637036127545
-3.3368562307817733
1.6001179364844
-1.1602856981425598
1.1066102635031716
3.3509359529758567
-1.5549622513728583
-2.1901975321480522
3.5638476714736784
-3.047762363570209
0.36410779718487674
-4.693931942931236
-0.4990128165030979
-2.8090783592143853
3.5480544355570807
2.515144444839021
3.1128942792900105
8.968390632092362
-4.02634619790374
-1.6591702316529164
-2.175422102349352
1.326189757658956
-6.0013681953831295
5.048956847792538
4.7715265753466625
2.1520651279388634
-9.038638432288549
-0.3000666437988859
6.529164552576908
-3.0118506343281295
-3.885598484420819
10.270117232819654
4.442415050636241
6.490059150846848
10.081319297004693
-3.2012721575038148
-6.085338357299964
1.6303963400610515
0.21411792126438806
-0.7619669810015519
-2.144488249808659
-0.308258756906226
2.322060324182862
0.5729386732823395
7.1365940432497155
0.0671461557851725
9.892299038037695
-0.2503310799160631
-2.9255191828044813
4.412625845416186
5.69686961329227
2.757413183630955
5.36838802470271
0.014222426247772813
-1.2219302150558475
-2.040547921490339
5.7936673641915615
4.466056523926826
4.444236387580673
4.767547953274328
-2.4196438132144187
