3.4988138799402715
-3.8700240701094484
-1.394338547461822
-1.1319884082044398
-4.283571138300273
-7.51101443911658
2.5396972825708612
2.4059308509559747
3.770461580137487
4.244979205040929
0.2528539563587907
-4.73475834713814
-7.884864086160909
-1.1579177357182664
-0.9625746504006006
-4.0038798399308195
-3.447289048392392
1.5453030546432527
-3.3658717557876043
-1.588040100479121
11.248014771877504
12.367118321972352
9.557305444184353
-0.2584681217579414
5.524261677090675
-0.05138706722643037
7.643629803933096
3.940000275229709
-0.8823584724180182
-3.0803838600298965
0.6051080471020829
1.468836953226687
-0.8860573261541563
-2.295984618132996
8.906994783176467
-1.7306927389198337
-3.0776190176132197
8.085387681480348
-5.876746050540208
-0.8431934624631117
-0.7270832385957864
8.031582376317958
-4.9577896143548505
0.3094626266992639
-1.8318846078887432
-0.7306454008353744
-6.111707202764636
2.3283822136962287
0.9216256676496497
2.8653976786686317
-3.2625000141200164
3.702440093295984
2.71669574120388
0.02450176308631107
2.651782853611248
-0.053042578450756994
4.554834130155329
-1.283323831022797
0.6143631923928272
-7.60841314965281
2.1810546551199916
2.244492103252782
1.3605564207907552
-0.8828306238715
3.4409424466413343
12.683320217024036
-4.991857870569884
2.9640896812471302
-4.058936455463334
0.5253052766176854
-3.334621991464029
-0.6970694517681512
10.436459771292604
-0.44163819059249976
-0.20933062186521761
2.2769309740111066
1.256939984589087
-2.721635479294478
8.864372276592025
-4.954083866941105
-1.2709983016883817
-0.21430169264882448
-4.784347799135671
-1.197834464180172
13.14391177309084
6.673876769836897
-4.003598431821154
-0.22904127540640334
-3.449523569648263
-2.317605352342423
0.9746948282795963
-2.5165549625397245
2.661332117375225
-4.8118691351278065
3.8743361919145776
-6.696234182226521
2.1369917107798204
0.7259048057045074
7.85913873281013
-8.367412652265951
