-0.7841796768270961
-3.2283680009863245
-7.238775688620415
1.6416181761288486
-3.426235076656996
-0.9568826204143321
1.6404044999353768
-1.4111366319891794
2.26167017231068
1.1371201249101828
-1.8194756829660248
-1.4661561715834068
1.8683631637279245
3.2898230736214407
8.880979694129516
-2.6470329377151893
1.582185482098355
-2.684784125175562
5.24871222048136
2.7459140235929427
9.770592282194187
0.9090584471096737
11.160825447519985
-1.6967179842736932
1.3228241763154953
6.384138839481114
2.29977974784738
-0.7042884341725129
3.7076879981598916
-0.1166936886103204
10.474494479071037
-1.5311395129921967
0.9206878062165611
9.480359775559162
1.0630749090595146
1.2555312272091474
1.1933066465221247
1.6583866527433513
0.37375523049270887
1.5639707078292127
7.465874535422764
3.9457486326331948
-2.8501295665029303
3.2201905209214736
-2.665742524926196
-0.25235829184325675
4.1090012727433916
4.7747634425420955
-0.18612772401413635
1.538143060625119
-0.7928370877554773
11.17624326315573
0.4619504057685624
-2.2148308978635773
-4.169492813871628
0.16365522611104377
-3.1300605877881837
-3.9078176354555323
-0.9813956886665672
-4.507482548349927
5.0974603612479985
1.7728800055930667
-3.252562576129832
2.1119163645056096
-0.621846205321908
-0.34841387261748874
-2.7514941665338077
2.011986932583817
3.7176012385980717
0.4962357542535435
9.087867093375614
0.5991870440436557
1.3745635860820498
-1.2440201501610062
7.5609072183402555
1.0410154261547189
-1.667970745194928
6.390169362839298
1.1474075281900205
4.558165426160413
-2.5485492617423198
1.9956486675423375
-2.3009539423474896
-0.9237852010879142
-0.26368505674331233
4.810033303771796
-5.724705226108834
1.318953215755691
0.1517035982409879
-3.4811420770435735
-2.024547239630229
2.150531350827219
-7.5954724695884615
2.393665409419994
-1.292688127946768
9.270144218832897
0.09932647974123959
-6.823540431228649
-0.10111447030512627
-2.7300383532926453
