-1.0841293640574206
0.20338797600761183
-0.20696399953824626
2.8867347546335838
-1.6532775090352136
6.3852177569264805
4.393826485123059
-0.08269608976188111
7.217089957280848
-3.619766413625219
-0.5235343736176277
-3.8549791438069065
2.441878204537022
3.988624763981013
-0.9754222886534378
-6.994215717050151
-2.1920600036011724
-1.7426826157753208
5.265551028709027
-1.783959500953109
7.983475833281133
2.6109485818822726
0.6384913020744625
8.253911736052453
5.500893398496892
-3.2374051420575585
-0.7413923283979427
0.9210135571292746
14.80963226705094
6.82165850657791
-4.225757323954208
10.219205408641903
2.3137233214832964
-0.9039212593667412
0.43817493060508317
0.8085833186123783
-2.397860733912139
4.487425926071698
2.166679007241435
7.933543092632563
8.32159525848458
1.7689784156299357
3.7098415668754594
-1.2978431297004036
1.5976965001130154
0.31847270273203343
0.47426291904227885
-4.871086707500446
7.193492810836027
2.107330978201243
3.7415566543275505
5.595820578273987
2.2914645527429753
0.5638884513661063
1.103626408627395
-2.0034288083985143
-1.0600543480526883
2.9966396246512508
4.469992452475367
2.4767089799826656
4.054282073193615
-0.6199948726326087
1.6025317843545024
2.082462480657663
1.8353606330693664
3.9992856078240244
0.43448672747161243
1.426197128978781
1.201135957982018
-2.299310278553989
-0.6263376928867044
3.425827160883637
2.7862258190339144
1.5258402563972218
-0.11451555039243423
3.897208546085559
-0.19521838666600566
13.542285015784342
11.093218743509023
-3.1025392278482267
1.1882780324404085
-0.3199045598187223
-1.607377253571514
1.8030540524548113
-2.1696441698071247
1.962341777804994
0.5498195304389758
4.115607878629363
-0.1878366664072455
3.968788478056741
1.6394240780695222
0.1324814274792773
-0.8857380384377644
-1.3802747654984102
1.769545120185199
4.290110640980999
3.309841851837804
2.478941037196224
-1.0347553758231038
2.334469272084413
