0.1573478361400809
-3.1810995731117147
-0.7515512632372958
-4.671257907301254
0.8800013241644301
3.3207785734355904
0.6075177430314639
-0.748006536669573
-2.282608419142428
4.0037212033851866
-7.220644307008239
6.668298145625115
5.227156161814634
6.114146606562275
-4.5516973467208945
2.5419073437704425
-1.8712828548655098
4.874998014143676
-4.808841064822982
-0.7718931609141846
3.501192227091115
-3.276918352917474
7.281114356338956
-3.276807336414612
2.919369837252338
-2.363960452438408
-4.632769436266778
0.14953437523271046
-3.067765438690852
-1.815324754478303
-1.2711743881390294
-1.173322279143813
3.6150903557747878
-0.6613164949697014
1.281741939887458
1.1595532278287837
3.280741301101591
1.0152412956510324
-0.9479184208865681
-2.292896417025031
-2.2481078508205714
-3.5026547780393402
0.6706115526123371
-2.2743771152955876
-2.728739189327204
-0.8072987839480563
-8.216308847705129
-5.79208177080513
1.6813540136413416
0.5435111950960378
-2.9153127868452198
3.7777745578341415
18.16798290097453
3.1160964788462286
2.365592960524617
2.8119885773279902
-0.6391102222284016
-0.3805998067229572
-0.25508344064855343
7.130130506160622
-3.406643631633809
2.360437686077599
8.595836140249133
3.3305700944040897
-3.2891528079555776
6.220534193373038
1.9935709093036462
9.286734359904544
5.525284804276495
7.078720892636448
5.28061652508341
2.3492283833161545
8.207690183396288
2.5955642399628025
6.389716970949694
1.841234003309931
12.07135952124836
-0.05454066863337964
-2.384481921441106
-0.8807409383310967
1.0493151636636502
-2.053614318113036
2.1771422457066016
1.3292921278500156
7.030191850091798
-2.47196590355623
2.0366200551891596
2.482215130860308
2.718492567428679
-0.05316297292308952
-0.9871612245564481
-2.591053876766272
0.9438167796032202
9.581764967148018
-3.133683566995963
5.83061109562013
-5.729521385141163
-1.3904206184490813
1.9180039855623083
2.340103286891918
