-4.6332525347654
-4.22933452333812
-1.0375646377531198
-3.235333484478663
9.275482353662666
13.187034563108545
2.4857291473288616
-5.8955468133061375
-0.1573679069996352
4.425457643631376
0.8050641261199349
-3.5794601422775765
0.5938685582906694
-0.252940995176342
0.5898021123795764
-0.16402063540928705
-1.4300132265381116
-2.111859649671903
4.885901382966991
7.594970229080498
0.9851787165577798
10.127051483402111
3.997202995126915
1.2533422803224192
-0.16539234397724795
-0.22001401070152093
6.359970902860364
-4.753667411086363
-0.9269479980640611
-6.49118602916783
3.660512298321934
-0.082625969901418
0.3384246940822884
0.04172175808444674
-2.901665237158743
-0.36070323813666766
-3.5614794807318786
2.912728861254977
-4.660488344195358
4.257845176947547
2.4308179061534148
1.5500312636041094
-2.7216830376868266
-3.451992178096633
-2.868355376913141
-3.32830813584269
0.16084000973820828
-3.3757510123984398
2.422253946833978
-1.7384808735390642
-1.7190038236916734
-1.5450907509702436
1.3894645472142169
-6.025169393870373
1.1535515175764606
2.385407317468235
-0.3050659383800225
-3.4296861858982046
0.13332287558902328
10.372080453092199
2.672202767552923
0.7158942723373825
-3.010193590177249
-2.1932830493442967
-0.830503542075673
0.028343933294631717
-1.8521061736586923
4.019021432402578
-1.2317839072799746
-0.9182963340672305
2.567657144420555
16.182497627035605
12.023479367491097
3.2834569083278655
9.028534500742694
2.883968949161839
1.362234867928396
3.1958181318637138
8.187321071885798
-3.399203258228319
1.3182214888363786
2.1052298374737766
4.875122126212067
0.6221410539019953
2.6976959788973023
-2.76875374657601
3.355635080671484
3.0594863024728323
4.454522878475029
2.0161450798537865
2.079144042420022
-1.208537520281375
5.599829230592621
2.214837343973674
-0.6356029415768711
4.520880842311464
-0.03983843738479782
4.58354816032117
-2.611810775857311
4.868042868947715
