-0.7493012754385046
-1.9547353448335367
-1.362484228280005
9.794492164917607
-3.5930205128423807
-4.18894832905173
7.108129948330638
2.4146890362728346
-0.5040643353229889
7.121207035358752
-5.671505416507452
5.9871870363083435
-3.382161034542386
1.3428987519891724
6.703350053089496
1.5168712547649141
2.8131073693539275
1.614723367580818
11.489804361009076
3.0414384606529534
-1.7154527549052452
4.409831332853964
2.192208579167518
0.9942839517894726
-0.867284037487368
4.104834083233033
5.586439595342992
10.215460555979332
2.023999453735076
0.38163778295106693
-5.094518945653517
5.404394047074683
-2.2604013798929827
4.483338103142028
2.0007347098638437
-0.6823500462295735
2.156958185558182
4.236919824300744
-1.9362727168440048
-0.25500785294951117
3.6728644954160803
0.8290771805539195
5.590303173698698
3.392009311970507
-1.8859240759641125
4.34616797478295
6.801088002935702
1.6876567509664235
-2.8968425992018036
-0.9988015202911973
5.114635942411064
-7.405299429661092
-5.6206496240810795
-2.474973502682515
-0.03978911402182221
-3.4440606282765094
4.053720367814689
0.41971341533449724
-2.6737434293182427
-4.090155537728272
2.238442842990624
8.26813850020236
-4.0826655023785445
-4.974932213394264
-9.472314826515806
-5.576507117174508
-2.3269458064243453
1.0395514317282908
1.211002292548673
-3.759257339943975
-5.28569296451422
-5.790216255095088
0.4650958018942468
-3.1506754871788645
2.6518433423189736
-2.93146009452175
-6.127698097161884
0.09285388474048624
-0.6998955437624274
-3.468353851504085
4.931649703037452
-3.6179191320596744
6.554668286384442
0.3069598267032181
-2.4777004739318005
3.2074787629460952
3.0501019261338014
4.88212586975265
4.787435604033483
-3.3970541428644747
-1.287470586590005
9.888816912323298
1.270541879511211
6.416791246733889
-2.4725174628623288
4.570052599345743
3.8166798986031427
9.927946923061462
-0.5692989669119749
1.2773753287466743
