-0.796599439655211
6.546290642476772
-0.896894086121364
2.9983226398573244
-0.7711259221270228
3.3724599190547337
4.43010099265179
0.4133504167292168
2.1768118427114453
-2.240627787748506
-1.1626557021874167
10.013393886503163
-6.267446349002213
-2.072521004459449
16.001953573724375
-1.2656043431750916
-4.748886964432638
0.08765268562566551
-2.8405674439550985
7.623126645597022
-0.14848906145731544
-1.9646001055067157
8.899469703173965
1.2635450467512144
-2.136692346157289
0.6827919138938114
7.878590674436937
-1.1399029864244214
-0.3160314286332319
1.2335289156135096
1.652847543275565
8.193742325652247
1.6094784516863105
2.975119939578345
3.169346407713327
-0.36753546156458683
-5.20236479221137
0.8036037378062149
0.8830206080512671
-2.2133377014557682
-1.7588288954809923
-4.0615208450223435
5.110229904799614
0.16769060131222702
-5.94578160941256
4.811243039623188
5.126178147104661
-4.0685164902183875
-9.706234916735898
0.7715442738234637
-0.762020712671178
3.852641468630638
-2.4606344750515965
-6.093894588396154
12.65470447934342
-4.744146794717813
-0.9318474727940793
-2.6595674352453016
-0.8709351479121721
-1.7157388108872536
-0.007827276992820964
6.117489792485318
7.424222056735338
9.791286690958087
-0.791033948221533
1.3931619810569187
0.39627939152297986
6.498191361290841
8.527177770957437
-2.843980157185762
5.548748599256536
-0.3671812834370592
1.4668626106977256
9.860458862173182
8.697829223258719
11.881517489002649
2.004649717802266
-0.11518568470983465
-0.8399131774772279
2.9790503383760623
-2.0371510504129127
-1.7968652120581643
0.6060039969717647
-0.8039987104049329
-0.4725933139479258
1.1760324120086465
-5.465656132917458
2.840188848714602
-4.566852624083101
-2.385719860222449
-2.0067696991757376
2.991224447996729
0.5010276472020473
-3.425259403385513
4.443165043369928
-1.3206538645558685
-2.9614327111420193
6.449502183169182
-1.9346352707938343
-4.285731945651438
