-0.4027514555891061
-3.148082299127002
-1.7906932187078555
-1.4447775380912493
-2.6053053165737023
-2.2616904495870154
3.391000302996065
11.486237153551222
-2.7920572218978306
-1.4254879678475167
-6.233147939295656
-0.17511093383525853
11.274035418262198
2.6790601238557477
2.547567105924718
4.224685256994508
-4.436431833884555
-0.2851488492676428
2.9382219507373106
1.2871985534288548
-3.0006711195597386
-1.9465994852787016
-3.6758341034575226
-1.1228465833133647
-0.7656310424446071
2.7040596589697383
-0.8017974870592401
-0.8381408299385853
4.666437982829648
8.294177099065335
-5.838134642457769
-0.18307960146978508
-0.9378542457478245
2.623586196149801
-2.2090348924950702
3.5881767429868
1.1485015577391282
-9.730450039969977
7.165563695723462
1.0911685565798614
3.814357466156994
2.5762157421850223
0.3066851589914992
0.24089326841905886
6.511614087465154
-1.4308891423267338
1.298894267149912
1.3192650316377992
-6.367403940889998
0.09520251761848333
-1.1809741142424968
5.512351541580777
-5.141469880432908
-1.9979585934716022
12.244474159536079
-0.8893234615500527
6.323857980760942
0.7999453546723512
0.8803603269407019
0.40644859061928706
-0.7929674410164582
-5.766887963916677
9.550621289589179
3.3409175632209624
2.658777385776219
-4.739604558826933
2.771522955397558
-4.3906930780204405
-3.1133527401236964
-4.671453114160984
6.615094055425692
-0.049373300176668064
2.1121250373076874
-0.5300778775396144
3.0028529491874343
-3.0459984735052394
1.5543693569257875
6.95464506824792
-5.316912686351043
0.24874496332775226
1.5238861970347135
3.837086950879948
-2.5138268878428964
4.855466046945242
-0.8294528269736681
-3.3100075816867296
-0.8290583773078006
-3.1492988715408696
-2.555353519749786
-0.658584230263854
0.1451574154842683
2.252651410471813
-1.3560764853876544
-2.2685200487775092
3.3017634973349463
5.694180492703766
1.9412628105158738
0.7684321640142457
-3.4312151214056508
-1.7075147727359345
