-1.0867891530202134
3.4354852751411618
-0.923612625605455
-1.600154069494648
3.9048762491429603
-2.648634614991755
-3.9762072778365667
1.506954324521996
1.3981538712139008
1.0404453788549772
-4.226384626436836
-2.6755617975435055
-4.842931559193675
-1.326140801357619
-0.9328934583905594
1.2547468986321233
0.5760663003316804
-1.2739838501137917
18.642162337123317
-0.6546598271050263
4.204549962466123
-1.5661275722334422
2.020816419071536
2.804514894290792
10.011186821707629
-2.4659706307916927
-1.130192608624058
0.6895288341350674
7.878714889112015
3.3879700707713605
4.565311563774373
2.3238922568044647
-3.759179695346136
2.564654662878879
2.6154163423186128
-2.7947196142241255
6.163209806425286
4.371098990372932
1.1763675792642132
9.348790556180294
0.12376661797264332
2.2170092596036413
-2.086826923668572
8.20658966554003
12.983050008079214
2.2909081944218506
1.3807252644610628
5.3998969849529
-1.0209321116228802
1.8725400493162185
-0.2620971567826953
1.9849679259054376
9.403579334412875
3.0485999618410853
0.4512084620945335
7.049776451256413
2.104751122215239
-0.8035389703258201
0.0965035897253401
0.6959351409081191
4.776512998893847
-3.2061452773023027
1.7865424283154052
5.651004675247499
-5.919669156168318
-3.7751313563851037
2.3948634656009995
-1.0779858723467777
-4.708603582015359
-1.1892419026682235
1.0728721285751277
-1.7793098975019332
-1.954027954628905
-5.559253497112797
-0.6121651953950863
-0.8742630286261264
-6.680432144935601
0.8621490484159633
5.452806504905075
0.8262862944630656
7.87306894347107
10.646003909012753
-3.423526441838586
1.3559722350653065
-1.6305564395557761
3.8171007680824043
11.206153975855514
-3.478361560191311
4.92439589376313
-1.4295774916034514
4.416387844361616
1.7408895280678385
-3.077119767181932
3.2314885108633744
-0.7221589678143873
-0.06373417388887047
10.914997489132283
-5.306049134464634
0.08237147781013696
1.446013268553263
