-3.0936636204216286
-3.8497858829631935
3.8412665366546306
0.2733880716205807
2.8333343840015943
1.877128819733561
-4.836727564237372
-2.469997712779407
2.2784051520700617
6.307778161989308
3.3727500418147955
6.113426567345682
1.3974338798844979
1.5712223570272676
1.2412963400684824
3.8580018500608766
-0.6385956657313518
11.067476028501034
-3.470494344301734
-1.3079806906633173
-3.5332571557075863
0.8970452780098972
-2.0193170558861144
3.308335868322211
-2.3032704746779236
-1.0143629292653258
3.035068698613572
4.272738509313206
5.840740027020136
-1.9791039076690544
2.3278989731461777
1.5145581116479794
-0.41589094571576996
-0.40056928451540963
3.0086557618583125
-5.1335454989811415
10.550203796839083
-2.8250926350886463
-3.9944437551724725
-2.5003694667508882
2.3865488589073824
-6.253228258259181
3.3579034638572876
-1.7191672400042908
-4.685712721742592
3.417025145913609
-1.0869146039394544
6.341036032977279
-2.4204050514894497
2.489695497042636
1.9516438205922375
1.2609958312172238
0.31141214699201314
11.586952661581119
3.814391716493111
1.1548614623943458
1.0393227557276676
5.660081216610834
5.287240538770084
3.795891264384253
-3.7721230670613086
-3.5424096194293524
0.128010848198491
5.442866577963719
-0.21722408558573247
6.217159276754359
9.53627699622253
2.2088913051282595
-0.2426111152724328
-7.397102569463261
6.867768613773537
1.678700537824332
4.912429577373622
0.3459491726469096
-2.6190636515841472
-1.078233788522161
4.649877343021695
1.6021750099263343
6.143497748927894
6.751858344613845
-1.0004530965645575
1.4659822894172694
4.644194467334892
-1.1367303878796353
-0.9711611406193352
7.370566754117221
5.908299091672925
9.276257421918643
-1.4117871817079348
2.4885844518155813
-0.630580235155578
4.248708553300474
-3.489796209202339
-1.9192244811161647
4.816810338069979
-2.500018141738605
-0.2390767326412532
4.770949180219231
-1.335432346169338
9.10407563902653
