-2.313856941392735
6.278912911172912
4.741990882425172
7.628910511011305
-0.8150072276250682
-4.781762482573612
-1.6680916835517765
1.0177375125146075
-6.369835773492946
3.3583725523782557
-2.8504287084176387
-2.000637021915784
-0.4144059654191654
4.544038651081455
-1.1334979454991712
1.3178314058995382
0.2134646003606845
4.666652897928604
7.961483444363408
-0.7055883726559411
9.179770357401717
6.793450386156843
-0.5776541300395681
4.1605878943608054
4.045073411824153
-0.06954854719852677
0.4803197240163535
-9.415165606348788
-2.0765867545790506
-5.331058561180095
-0.14366393932383775
7.297167439493856
4.633804286705555
-7.788773896481976
1.543389724029232
3.7369181374873737
-0.5089098642308246
-3.6082927420122033
5.4231378486972375
-5.800466025794908
0.01651014851314948
0.2547993791780042
-3.5995791353707673
0.3939557905120696
6.727299032082926
3.3760187699184963
-3.60770545764756
-0.45885468085956693
5.976793084602622
3.240295230560603
1.3220130647460284
-5.359176506867532
-0.44336824099172356
-1.9038255922210312
0.8531836334274243
4.736689799639361
-1.2912383468533675
-1.47344640457416
7.998539396182211
0.8708731910176697
-6.136720489754187
0.6318316318896526
3.0655783948451134
-2.9897756866820298
-4.139867317738741
-3.3297307490623425
7.369144035386665
3.7699122044783273
7.066057363171359
1.7391029840605956
-0.6243975721046189
1.9090248637065073
-0.07000335801330357
6.708264850115301
-5.909867982877751
0.7483044688062691
5.646261483321323
10.985567132323872
2.6626643319228203
4.418926417755276
0.9610009587623785
4.352427977458489
-3.5966586994550447
-0.8423995571997485
6.398294775425359
11.143267404011192
-7.656077885687711
1.361244428221402
5.644098387355207
-3.1902728330510106
6.996859474382791
4.748876100919778
-1.2653543365711553
3.4092815711966757
3.50352301171438
0.15221406293171957
0.9647039016913787
0.4363828715618083
-1.3378504374834121
0.3298095510833874
