-2.8673816215124033
0.8183826774849785
1.645628860918585
0.8233717106767391
0.6100061552337044
1.0018752104688988
7.200240388473113
5.5165255842766845
-0.08792485027399777
2.664813674950997
-4.260376665684577
1.428326518997261
0.7127598830685892
6.0860251231809075
7.471045349698514
-2.5497213544681214
0.9168747764307124
-0.9978732764639996
-1.6207935381241336
-2.877826281644027
4.5578759988197515
-2.657473832993758
-4.251449212080091
-2.9989013574892587
1.0423228216034364
0.658908050667756
1.675008008074842
1.3368257554735887
-2.230983234691628
-3.315545014972673
-0.10475247963447558
2.641854476241642
-0.32720523570212195
6.207503856987213
6.202980813434472
-3.666699802361232
4.4344813725703345
2.241241961548803
-0.536618684791907
-1.3249574589967916
0.05911387826750847
15.97878414974872
7.502622045708931
-2.0152388478708683
2.998867795887964
2.1365003412530195
1.6151326824105694
2.004723617142513
5.36153259342211
-0.15195653712721174
-2.8521918213632866
15.585562964541577
-2.863390320457844
-4.383254549965622
-2.2104268581411106
4.124303134323092
-4.159691067071943
-1.9490927710450374
1.8419558620454077
-0.15409006219476895
1.3494968408734813
-1.0238231401652922
-0.6831625986410274
1.5293554311463218
1.5460430913554366
-2.9485798842858943
-1.9781045770952574
3.0068531014894484
5.786378027805644
1.4663161863775485
5.753774499397377
9.20159916652078
1.2694242830807132
3.0657712587808454
-1.7183408643621219
-2.046487323932352
-2.018865410846778
3.735329530995477
1.3615845151394677
12.94272865348993
7.629338163162259
4.567412811833868
-0.5814478605122896
-0.9663990204015891
3.834783748946662
-3.2597386382588938
-1.4398976555231071
-2.3313353175252662
5.711728695668356
0.917354816033777
-0.15673009533206367
5.340898508147401
4.119273827258281
-0.28530454285854556
3.386676040148081
5.148328514793142
-1.2928896210688503
1.95049161430581
1.471409976379921
0.8320577452896314
