-5.561893829752345
8.875242991592508
-1.9314361094961023
-4.132871633430471
-0.8360022674549853
-1.7739076373219245
0.6381486376924791
-1.9262691331774922
0.29226084241321426
2.7266653562641667
-0.8184928923044477
-1.983447976640677
-2.018272777679152
4.287625631222564
3.8187219297499317
0.35321709568731763
1.949332118979977
2.690519518556641
-0.6667873966821851
-2.6742633192804055
10.370602354295826
0.5124484937991437
7.1628410208158915
4.611676917393131
8.049253989689962
3.895377065902842
-5.718658378619147
-2.493518472943074
3.002606284048146
4.9828703125528175
4.616670307094224
-4.21619230444864
0.4134646230418032
2.046958078411378
4.409840390860405
9.244360196072531
-0.5416500273659672
-3.619330109768124
-0.5848876733155951
4.461848490888052
3.3135705273389053
-0.022086104824264572
2.2388124561314204
1.394416657805451
-0.7386079322026009
3.410259588820554
6.290645195655769
2.960544233881844
-0.39955462283684895
1.6550044809511029
-0.42715934026892033
0.8274483284147003
-0.43444156564461384
3.0191921844788805
0.037348182896372914
2.6965495258886087
7.940392353088894
-2.8425292454074578
2.6404738897194022
6.3046621145908395
-1.6870037762890084
-6.050706114148122
0.4754338690537172
2.2575926663927603
1.939110631618251
6.339916992782627
1.3806373273579269
1.8551317006046009
-0.9891906575028873
-2.507587769251343
1.1673213825600302
1.1942178938776231
-0.2829112000848854
6.2538980471640055
2.6664791007801822
-2.3335563514978652
-1.8481521568478403
2.1365115632072786
-4.589322514087014
1.6573576967283752
3.5609644012287998
1.3067357913646451
-0.8534530981193496
-3.7401912978813385
4.536587458711694
8.19991743717999
1.0565087494704093
2.0921451623222866
5.576607149667064
3.0077860964710688
1.0564500454763748
-1.194749660899146
-2.0586343229927535
0.7176014076597674
-0.2842950241514802
3.440212784186141
2.23741439204523
1.389157963344071
-1.1672049809806209
0.49468231785993017
