2.703444067549584
0.08555244905336065
-3.3558540758438813
0.008905675738068077
0.6187545686819784
0.9922565164030694
-3.301857919012793
3.7862661666545305
1.8347699682326772
1.0706205484818412
0.3508523409128361
2.8162035967609524
3.3120325759259126
-3.0127984858339065
4.923308084493346
3.6450448659397994
-0.292707108499895
-2.0524010482385733
9.70949867571366
-5.209862515938157
-8.077785322346958
-1.4852182295981
8.430850620923874
-2.2601862379137336
1.3957182889305468
3.420621585283882
0.507791028061608
0.8965558913620527
1.637782675589194
-1.5224802574354221
12.18045359513746
6.403693193530912
-3.144726131258399
6.535587209710338
0.17647295699902155
-1.4250006268726356
0.48985018243106615
-0.7929020264853002
4.859574013004439
4.367138260161964
-4.979977134587145
-4.27392762755435
-4.365625423275789
-3.7833063083462513
-3.684340404021545
0.8097780040809057
4.5267638804469374
4.431880217928212
-2.9180077616767273
6.686365298281095
6.696638167201021
1.6100657034652877
7.108037159011618
-1.316875927469133
-2.1849239355214403
1.7214425338731747
-0.4825849353608429
-0.9837380232027679
3.1992637551074448
3.210988953881917
1.4338321301712704
0.4270105443831587
-3.861254441503501
-0.9109118400013453
9.238814098041912
-0.29636316787906386
8.151525499054875
-0.42390126879043216
-2.73534253442744
9.101118865725219
-5.346214417096071
3.1532987946298654
-0.5127258886124204
0.8102292421341162
0.035145684945146194
-0.9744211708154848
9.91246677960964
2.1773451713740917
1.6270572019898553
4.936822837098501
-0.02360076122316079
4.725067412429431
-0.5143356096340335
6.218182015331588
-1.6267211480734118
2.3685839553014025
0.005612609539807383
13.810451991274181
-0.29546468155480454
4.477419065897074
-2.5071790637958693
-1.7986726742315007
-0.7432451481045556
0.19439631836723067
2.925762370736704
2.3793271104652782
1.7513939839790735
-1.0833303767097002
0.9156394227817084
1.2625796409884407
