-3.2945833511072844
2.2867525532908277
-2.5642738046663047
2.4918157622134363
1.3327033320169157
-3.548385656133892
2.1511179594124172
9.907618130289364
3.5839462511047673
0.8785604574189667
2.061825260322963
-0.05218750751936349
-3.3504420625733733
-6.839237883568794
1.0667110838653708
-1.9083645241952671
3.224998837551034
-1.7938501398434639
0.7875415847523681
1.7162362999241927
7.913471031016988
1.7273128748872555
13.234237114375256
6.050744769723961
-4.09980491453255
2.5825997233143574
2.8240763187878266
-1.0979117783783856
1.754976560860384
-1.4971187244314366
-0.3568958798088409
13.509552828988774
1.2649733609507505
-2.6712575729322667
-2.2095788808016166
5.430821120932952
0.5418670308989019
-0.7118698324478401
5.567138295285476
2.3238550646497558
-7.926251933058619
-3.968989190641243
-1.1396688725991964
-2.8739184934560282
3.5939513361801385
6.620400016383709
9.637551436053878
-3.868942290250142
-0.2638308850212987
2.3816783107349586
-3.37656051817092
1.1904616725131838
-1.936458618757945
6.005952976896262
7.9201379546650195
-2.041517458715578
2.011712136324588
0.5216484559210028
-1.4090111481513343
-0.955856336048773
-1.2777294360303855
0.7816392962545322
2.0373427957654675
-1.194871019705384
-2.336338311569703
1.499323863795634
1.688633735742345
3.937824929549808
-4.374522950894283
0.7377676996264708
-0.809793791650755
2.7832879256132093
5.375125835003805
-1.1911234057803581
-3.7321287043677733
-5.475765283612506
-1.219645440717499
0.35151598040680415
-0.41688384091499214
9.237428431705464
2.8795782912636874
2.350622650892462
-1.2630817889674832
5.741383293190158
8.46097320886457
-1.4259710397317669
0.3338405605998278
-4.314634092087397
5.643037161402815
-3.1825834055244737
1.6838571438990937
-0.4267857691847544
-1.043127651495303
13.222067766707397
4.431428746731039
1.8632989908416273
3.0071214333806675
-0.13405955644685544
1.4644036385715458
-0.08023189103640171
