2.331757884099482
8.347178445131952
2.514252091689962
-1.3240832867633108
3.444898265204489
0.9624267724516256
8.941939214094477
-6.264944531889412
1.6802718230206544
1.7911049749189107
0.9829846680600458
-2.2255693275281008
1.305735908043268
3.446339405379131
10.912388700069805
-0.7085884596928262
3.2592936466773934
0.3234008776374436
2.4828727739305316
-5.036140250212503
3.720821937431862
-0.9249049722318947
0.5725839784094154
-7.530610185754307
-3.077384681160419
0.35706550485927735
-2.5012657644245295
-1.6082641731060585
-0.4734265096801124
2.9215852123969093
1.8039835180015658
2.6691269135694506
-0.916412363719159
-5.261971269110324
2.9744283943839687
2.345571223432847
0.4826747645224426
-1.945982110043865
-1.516691815895616
-4.299310316410003
-2.7082670328823375
0.4687795170942117
-3.9044580007167364
-3.334552763834584
-0.2288713242644436
2.134477209715494
1.77227338423074
11.27516657060701
1.7011283336898142
-1.5515413701765282
-2.4383156189267865
3.9249456128343336
2.250583054460981
3.1171379088494398
5.248113663973818
-2.7343264545285155
-2.6046561687557546
-4.6779039776417495
2.120438478439231
-0.3447642325440561
-3.1149328919128387
-0.15783646215327315
4.6740112940100715
-2.2249230034263427
8.876315670974225
-7.338133902836908
7.238800417409535
2.0228745470932976
0.6352559149428518
-2.210674103401985
3.2560567887980745
1.8825978550880265
-0.7215405840910212
0.34458720536609483
-0.7067314567702372
3.823163030417877
-2.2540256643177976
6.8368485785224795
-3.6826588875718915
14.96436693254451
9.380551492066674
-3.3194784111934226
0.4347290318631621
-0.008800636709574677
3.3011383716084275
4.689567289164961
-3.18873621117831
7.547096576879289
-3.72113965324993
-2.2297913507167944
-3.5987620815886445
-3.6713633374159387
-0.5702843772393165
-0.1844006621085421
-2.494752748597821
-6.318687236859093
-0.03608847385641821
-2.0823457772432805
-4.051992194649399
-1.0399086911639062
