-3.9598061030612497
0.4171391871388531
8.498497801636125
-0.6892291560991354
1.2755767185136526
3.757755416458888
7.2035599615488
-0.13881333337442306
-1.3276577403726555
-1.3046163104214623
8.40457307933902
-3.7792675976619314
1.3923994894369214
-6.458178817228539
4.009001556484887
0.306662980551189
0.6197655723831379
12.329930318610508
-6.98455292602296
0.4082676539487414
0.8683741768021549
-2.0858763670175144
-0.5170930100855823
8.640118853751698
0.5314623894293679
1.933604126228328
9.24342298508709
-1.0532919859272396
1.7135285771066093
-3.926191307899045
-4.15799759414934
0.39709543752401877
-1.1778226943435013
1.020761826885919
2.1043087933894435
3.2547055881967877
0.8423872306292539
-3.160253249527522
0.7505406904774128
-1.6573739191016763
0.5441393732822911
1.7648169551000321
-6.705753777187052
-4.240935412512984
-0.6580362149501996
-6.745917461994372
-0.7155348522746452
0.7328618080228918
10.786597304909083
3.0852670495497065
-0.8018290817122702
2.046003188702895
-2.7271529698962786
2.543628471574479
-2.944124654049075
0.5499942800578025
1.4314974188293053
1.1534255176856274
-3.1823471825414837
2.8520126340123633
1.692535302011013
2.2643146088081587
8.255677140431182
-0.2892744284991066
2.1778160366079065
6.393549296948649
-1.3737773939264843
0.2593096991587464
7.297870085227484
-2.2196707004160867
9.34005317928853
-0.9959085416586846
-1.4462218551395236
1.330793958400844
1.0083106082268642
4.964731185967525
-0.928383637413462
-1.7855204877980348
-1.4197478969760606
-3.1642431734990915
-0.5318391561510217
-0.5385438904119226
6.778352048827234
0.3373015519797661
3.3322093018569876
-2.049755110466375
-7.632577256328609
-2.9807643702713986
6.268399986119906
4.92464463593648
1.493088935003231
2.4552984083522844
-1.036663590305924
2.140185637628469
-0.8482004944317857
0.4538268511644996
3.80555798384703
10.110109286051728
-0.37423284255157785
5.839312635893313
