-1.8689137427824023
-1.5043884882048841
6.2443445803912585
3.826012502994692
-1.1884582605352758
-1.236948310417206
-1.9801621934199787
-1.187033455584941
8.339849422356739
-2.3065755863250708
7.025178050031499
1.4070744274625777
-2.2850478172328836
2.3544462901137844
-3.242391933115277
3.1376886097027668
2.872839704325887
1.9919898254579382
-0.7130043060389749
-1.3358089510678384
0.43080132258504156
0.17546147960162023
1.1645742163364097
5.139766067211827
1.9880399180728567
6.6673549785775315
2.5772984231249043
4.659297156139963
-1.368215387882736
-1.071951761643477
1.4134668305637983
-0.17986285214289596
-0.1602501219926468
-3.573895039241843
1.132811148093835
-3.4632420732462057
-1.627949019661969
2.285610879635775
0.11036154002646256
10.242368766824736
0.5490596572807658
3.3921121056813575
-4.608148028322224
-0.5502858861415156
1.7728319864217523
-2.062217172943606
-0.040941714972989554
0.4656324179654585
0.8444377586943943
-1.9703613968367892
-0.7469086898584424
0.8223338907009039
-4.872758921429889
2.044472266612082
-2.809188160929963
-0.07408574313560251
3.965390004588863
-0.9801465842527239
3.847688201488615
-0.11457322326003293
1.8442636526728204
-0.8644682735593687
0.3618805533086758
6.441793192652934
1.0148056960635712
5.145974029293486
1.8896196495328748
3.681064829551846
-0.09527109409797373
1.2449573824413283
-0.5907404882142022
3.0909774253188003
0.30920689054260764
-4.309121389703353
-0.7253652724902866
2.3617796901873738
-0.24579963987542985
-0.6158919912572887
3.7497160460809247
2.6028727973035246
1.8567981205205772
3.676362979615405
-4.147431864032582
-6.118051256223941
7.073327620899216
6.323437634098143
7.050266436113335
-0.9991099201471925
-0.9356324829494878
-1.5099405710603935
-1.667569476080169
17.34927919439892
4.663800330839171
-3.268232253796608
9.275140569845195
0.07963603291886366
4.417125464229345
0.6778376525430819
0.4655015583092405
-5.615213300338063
