10.050270675507722
-0.4400765486708371
7.2687530191339995
0.9440834368358573
3.8437657912195626
-3.746787403669896
0.8572619800950725
-1.2846465607018158
-5.92776426341254
0.7454924704970771
2.402939003426014
10.934081240319424
1.6428186179030175
-1.2659579198508846
5.528199675199985
1.866435842970921
-3.2127096956691594
2.2136285485719815
-3.401841451077022
-3.3523106938663916
-0.021093665738253643
-3.6518015644035646
1.5590836202706564
5.723853580943545
-3.3711076469055445
0.3472278094649084
-3.18779608803431
0.8862847625362928
-3.1695845740834625
0.5480777871598445
1.678783428615271
3.3978753754184896
-0.18391072550771065
-1.1210400040521984
-1.190770785481478
-1.7966602110078709
0.7607480006791627
-4.607832691294745
1.9387029059574103
2.063566745716326
2.006344187765471
5.294216094421682
-0.16976779345413784
-3.1859397868747825
-2.021065243599325
6.556633953804159
0.2923079998361581
0.2046357825154622
7.793537783590528
-0.49171172778752437
0.17763499883806266
10.580501659827101
0.4507150956016224
1.882139741752015
0.8846960471049421
7.971209019981297
2.625659118870465
2.907307774587105
-3.41220185469386
-2.3439202147376212
5.273962777396178
0.06598013844171605
-1.5857291877090895
-0.4769941471830127
2.1076767968365506
4.89198900695527
8.682547085898346
-4.569831189930122
0.2631281442931151
8.209828782471225
-0.527959682595031
-2.648944260678845
1.650034470823328
-2.222653715407454
12.674933104969478
-3.5862898266906775
-1.994675438796175
-0.45422926272782904
-3.103125021877503
-1.8986512550563441
2.8768043767207203
0.9627778143488487
-5.3838327919273645
2.825592306447466
-5.282309882277301
-4.195853760615423
1.5736685492330038
-3.1350117254459686
-2.727020141773258
0.4248341852308188
1.9315221676647003
-1.2957903901513075
0.30598138180239526
-1.8479053750301468
3.1794604773737083
1.9185688303853725
4.61500276469606
2.862568767005439
11.637163693104322
-0.7453305001252268
