4.372854885454035
8.855785889241503
1.8499703809626769
1.3390216357147613
4.493446192397282
1.378284073411677
-1.4222582693346286
-2.8335088780708126
2.695872853254323
2.0575369868299145
5.882430780363206
2.084312374881962
4.579561667618328
0.9422019637473762
-0.870986659671252
5.1365763046691315
7.620888006431652
1.286653099849725
2.017042990491854
-3.0837412117022995
-1.0508259956433468
-2.26391116094127
3.4861386899042395
1.5163022629350444
1.0908091603382166
1.3690533641454723
7.160469917247661
-1.6036868617129265
0.6027484384899688
7.493861798427611
3.3855078552911118
-0.5198914486352246
1.8826081768320913
4.992267628306847
5.630972658257219
4.207257932316098
6.848020954538768
1.8545998055738644
1.0155216911342448
-0.48512709007999866
-2.1904153972761846
-3.257046181050425
5.1278003853780385
-4.2026870885569085
0.9351793790861647
-0.42989865033183056
2.7684845285366895
1.4911510633057619
12.25362617811252
1.2251860978747504
-0.44235600660350866
-5.4440533276361265
2.1067752398079898
0.9511798781957255
-0.23094858223295
6.465465782590197
-2.4724193749007224
4.102400856043148
-0.6906872899816275
3.284694222433589
-6.85440886433299
0.17113242915836316
2.5789413522403812
-1.7677822115309305
1.2430285741924516
-2.3421149258994607
3.8131556537182094
0.4075182501606597
2.418805476261584
11.118067135932359
-0.7037229869834212
4.943476045217046
4.443435944584489
10.691655499002795
-2.3871136713793337
2.080617222840492
-2.52034688789693
6.313798541514569
-2.6639050987203547
-5.947174042771431
3.5866383544261113
3.8178966875012326
-3.0324618622861896
2.3830456858535416
-4.341930599825596
-0.25013099667218386
1.585195375122464
8.092116425917093
3.9506601097395064
-4.004519274107965
0.8452502623988328
-2.8696022613483754
5.493485473223624
-0.6026136733745351
11.969953900572413
6.933744881511269
3.9218965673410193
-0.8101844426186844
2.773446610741431
1.8621186654683084
