-0.7850156241953772
-1.4695724080846566
1.998887537239482
-1.1305363723222177
1.296106308369674
4.7557716399986125
7.891080513286635
-0.8933652464016288
-1.8088381305859755
-0.970129813221964
-2.1211887678722405
1.9904443258198685
1.5391890363349363
-0.14460381259557645
-8.26175928445553
4.615900289429181
6.7884318417992535
-0.10239621369444407
-3.664046745748627
-1.5486199098854798
-4.02337962180701
0.9917833417233475
3.5171461735954654
-0.003544788114194739
4.672597506262797
3.0030486020187506
-3.0255488178632213
-0.729532290444941
3.2237921321180085
8.471547872126445
1.6253337822217016
0.8986393691510051
-5.004764943317535
10.944502063083462
-1.3879975961091766
0.09108997998868269
2.7132987063553977
1.147506222890754
-0.6995177127968341
2.1378879094388807
-0.18425804480879027
-3.438906918251067
4.47339142197228
5.157545771864656
2.629556694816221
-3.4948822979847245
-3.3284130608758815
2.369686264550576
2.3582993906284195
0.7425928128853725
-0.6027020818589479
4.063443098657338
-0.713317197349006
2.070686413819533
-5.152958025976468
5.9108858664464385
-7.863157896130353
2.6720778911016727
-2.096766242366682
0.4820083609344866
1.261354699543123
9.059071794103223
-2.6874361734126406
-0.9058470782881898
1.0204451692442504
0.6656937634773135
1.0264918009832797
-1.5448236197593626
9.185279326269015
15.226382719999236
4.25298732228333
-2.377929677078824
1.4380760018628256
11.54569092952318
3.434165301948725
-7.475272759337461
-6.4785686232714035
2.3194283884791274
0.8632534257675388
5.400740004365808
-7.09658657351282
-3.018099221649291
-2.224721985104557
3.0189018019073
-3.252064302260817
-1.3747117298291713
3.9919694073465894
5.580390408133408
4.951909480955554
2.6191163729493554
-0.7901094314563618
2.9504460327541917
-1.134495306095261
2.571225251541848
-1.6945601670026054
1.3933251600830014
13.935045968196231
-1.3835263455623115
2.4542396927916306
3.6442732652172114
