1.6819269750939119
3.818258500103286
-3.058652229580134
6.5087956065956
4.997337339004176
-1.3978176760451082
3.618839363616817
1.20966690178836
0.12427520031413346
4.5990755491881075
3.7134417757972553
1.0545971393346807
2.9183718904890936
-3.2431849188258797
-1.3206022436479252
0.7335911145748615
-11.790860690890575
3.5635941236958457
4.071399884901848
-3.5486628848635355
-0.8753564709377644
1.2739022722633133
4.213213337442671
-0.2912945380966493
3.1817778129489227
-2.4788612946739894
-0.8202849245730504
3.6163624580432208
-4.416818018296291
-0.09150858578506557
-0.5882867807403012
-0.9512475613906535
1.0475045956772806
-4.2865072257416195
1.1601053419230756
-1.2836075377728728
-1.6343387735007222
-0.8217992133718117
4.707534126716727
-5.1063098087509715
7.38550005744586
-0.22833575982722848
-2.07534625898135
4.421531596013685
3.7324855915854864
8.55713276882259
-0.5875731347347499
-1.0495404004891817
2.383244540333898
0.37528775440609463
-3.318134903321453
4.473045591842318
2.0565044363460494
-1.1910387070965212
0.819833929231365
-4.346167325338396
0.989080789611446
1.7315371933675032
4.853074519954054
2.145769965545111
3.483015632143765
9.461407056580489
0.840258778585413
0.16041172621284863
2.020961119199649
9.219730593567146
1.8683244260753518
-1.7007260167071878
-0.2522498208822094
-3.495358507235318
-2.871026807543147
1.0034020626260358
-2.0246055613494134
-0.7791075749049692
-2.089287483129338
5.956148347129686
-0.9173355151056295
9.831715001354617
7.130315188223692
7.758822963718265
3.330653910296042
-3.9787313105819573
-0.6633430164205096
-2.6478970347737647
5.392936926814872
-0.4755771212241083
-4.1179000686612754
0.04393733972069653
-1.3395985315715009
-3.520121760448885
-0.8913407163860195
2.694645560258773
4.2448923191979535
2.2328987510424434
-1.352742971711471
2.843101749038894
2.0655157861984326
1.0262243279903338
8.028720983410592
4.001695322928317
