1.9385661893457256
4.748143421048864
1.8340314922628427
-3.8502476668798176
4.872303652193201
1.8545983085924278
-0.5566779641564652
8.966072126490173
-0.3834164077997596
-1.811639421582145
-1.3346774900061626
-0.25850176075943765
-0.9935839924341923
-5.061227180460339
-0.9498597607289496
3.483740861000604
-0.7423232690193022
-0.5115985254760743
0.8775415395131971
-6.066378936313025
3.6006082791894762
1.8972532903581198
1.003890731753191
6.934711704469953
6.286575153644797
-2.0570324413429435
-2.142570022939993
2.4139391392021077
11.908770006495764
-2.540471152886345
2.147488103875649
1.044480251123217
-0.3223083466982132
2.187799979907277
-0.1562999527116773
-0.08693428666001778
1.6812949095632868
0.9141134114974865
-1.94089546081943
3.991590609249374
-0.18717438396655353
0.6780464933697825
5.012173241553688
-1.0744546674064888
-0.8023384653671055
0.4061683333248863
0.1028327276572441
-1.1897507643269756
-1.7204375621280006
-2.062396163939603
15.45474715727269
0.7351596611885827
-4.460066357322935
7.30074585417694
3.5975078711856288
1.3080145435882131
-5.729992995464274
-0.07865876913166459
3.8642772258165223
-0.7691058667565649
-0.5130585414576952
5.190533014839012
4.292578194500625
-1.2737865816301492
1.425674690772862
2.15166391677221
3.4889296207232876
1.0628786028048989
-2.617718813504778
7.466213768228051
11.874523728922213
4.914524202718706
1.6775577841286986
2.726269749492948
-1.2684140827885078
1.3264006424841992
1.924889531470503
9.077939369779742
-3.1067139496406235
3.642380557925051
-0.8667303022169035
-4.473598516646106
-1.0074193612902311
-7.029148082849755
-1.1628603447493076
5.567355086865654
8.628704911509288
1.593179513107111
6.03196194873239
-1.0372842979629853
-3.113106567069466
1.7681086959726184
2.102545055991853
-1.7429171081070323
5.138749278816082
1.682946002221538
10.717915047571063
-4.619187421597179
-3.995170226011557
-1.8117905628125803
