0.6441118443204952
4.701704834467344
-1.0153507755024673
2.778904589538903
0.5333559902281699
-1.9477980999960571
-0.22526939648274455
1.455465320821307
5.413560440933243
9.028190596193289
0.7925782264592021
0.4922018481386983
2.7612656173671803
-0.9886174158931003
-4.925893737870533
-1.5272934316877356
-4.848688212805012
-4.035233347956999
2.225987232290384
4.79538361716166
0.01294169036983742
9.758661600780478
14.860272699194226
-3.8498397833276234
0.22849014398597217
2.401324934250212
-3.9846655397392605
-3.2194568311318674
-2.6655627586294264
-2.9356028711210063
-5.170029902269513
-2.796863562957676
-10.113953325440852
-5.351213712140814
2.7030736008021607
12.455955186387053
-2.085884191963213
12.01621321693871
-2.034164939946571
1.4267293813324842
-3.1555229422797186
0.001183949571222893
-4.954579541399446
2.5363818654538575
8.98527575710288
4.486149013513238
-4.282771971612053
2.008744095732618
-2.4908675599878913
2.3762183926552574
-0.5399634756373296
-2.055527401631754
3.9646853802693673
-4.562351429995111
6.68286765304652
0.15216580902022497
-3.8999692901036536
-1.52401564771471
17.032489938160076
7.365270518358132
-0.8238948385701014
-3.4708624395424437
0.5501984871270156
-2.0795844832707715
1.6257013619395329
-1.170341528740067
-1.9133388166850698
-1.0234262759742567
1.494935796134043
0.591063488572986
0.6498389579679374
0.42575890382699144
4.220286165766281
-1.2213137083950716
0.13753705544914965
-3.453558336584197
-2.6555572362247073
8.462340734036108
4.833365158612583
0.03891366182029753
0.6548065598064448
-0.5424779601329197
2.629050339948537
9.683570932554375
6.9419170809680235
5.284673981037586
4.729907001398045
2.938838793250344
0.30184079135185243
1.5287914880902669
1.8526155900426224
-6.164339096302591
0.0222458399680933
1.8710164835902605
1.2213381682473186
-0.42307215457143776
0.07033412948044271
11.13711661049668
-2.598899818385006
2.0394951389779323
