-4.493350715985981
2.9313208321288444
8.49353148649052
3.892717069040547
-6.227151906431796
-2.5767810781193203
-2.231536934699189
-3.550818788275275
9.537085476127121
1.5625097763958207
2.9104570982384557
-2.0468690544189845
0.13377348800517738
-2.934838336131063
1.4276264843929125
0.3324858020367883
10.140045741794747
5.10312123239596
5.677988695248035
1.3873805941757054
1.286873751618284
3.776757362317121
1.383622463248504
-9.17660276705711
0.9914834042315286
-4.718077203513927
-1.747166195429047
0.5237920635965267
4.717905307124455
9.710943450035614
-3.219982492302211
12.85165615775296
-0.5188757443122078
-3.921340809864615
-0.5743178917239975
-1.1527038270835999
2.7569032850859196
-1.1047054367266473
-3.1036254433266253
6.261324280853097
-7.489370064817041
-1.9515816592277955
8.22394561575139
-3.127857300262212
-0.32105190508965337
2.472611210477274
0.4043350233990435
0.37063563505862285
0.5536746053968262
4.0532684216704995
1.7453594086999897
8.919329006525349
-6.630039670084306
3.336949494360916
-7.008785879332692
-1.6627923309599502
14.018980967550325
0.7441182308576153
-0.9534545791890638
1.805289650475875
4.528047040747735
4.0837162877533
-2.2375253204281376
5.476950637753633
-2.350121825737048
7.2853267401774575
-2.0066791941685906
1.1544104030378395
0.3058186982134306
0.6034822337206748
5.429693592265102
8.793141499956166
-1.7369227048608775
-2.146516950182819
2.005728525636416
-1.1991168714684342
7.656720895698067
3.2048491393529455
0.21861559251482646
4.370210198352361
0.7160791229244404
1.073151947651448
7.823635348069031
-5.865517741510694
8.667772391201419
2.4034670311327013
0.6894070243142516
8.218281146145872
1.1197321798357696
1.7484486066869467
-0.3772603071853638
1.222677260006754
-3.240543424646835
-3.4373783716299395
-0.9054638717009521
-2.836828520257879
3.6151559337653874
2.2291465699696174
9.081627705886277
6.226202534670972
