1.2316805265652195
0.3592983506412805
4.081182126456864
7.4161029193329835
-1.9745272763362824
-2.7761829467585635
-1.1891797966219828
0.0485421026083457
-7.120320519505821
0.462504919376531
-9.555345962498453
-2.830564047154615
-2.0592542718503104
9.664018776740392
1.7081152062237839
10.926092830377193
7.394600082009264
3.0429923371133203
3.6083578973942156
-6.222256299424326
8.283863976191043
3.2075886919644887
10.00700078730453
-0.826767828525856
5.250661326357511
6.166219875504126
1.6826449737066693
1.4251050965687644
9.14622181910621
-4.556021486373356
-2.2219319879380146
-1.5571455696448289
3.377787456540558
0.5884887679322754
6.63153600998216
0.9263766016102943
0.6882383795118235
-5.34796599161563
0.11530407653754994
5.251471331692368
6.767111293293373
1.856580971786097
5.0423698351983335
-1.9712756559758382
4.518225952875301
-1.785702330897978
1.93447839239716
-0.8091165004419465
5.191962746987503
4.428865798462376
4.850243309773184
-6.006220230254433
-1.371524101566033
0.7203996555728844
-2.9037187110409732
0.8550333823223302
-0.8448072428339768
-3.7800078330941336
-1.0617732057789713
1.5140989310922337
-2.201930068091181
1.3853323864500666
-3.0941450124582297
2.64795479492204
0.7632758587503945
-0.2185268829392671
11.3050832846112
5.360530722632836
13.391443933919229
-3.453446338274783
-5.8115598888298
-2.7514390720025306
0.7654325682623749
-0.014435915025956241
-0.3114238406386679
2.2943878859471267
3.41041365161787
9.547418387619288
0.2253645464795343
-1.2569102348864847
0.08380108735103059
-0.9385242713856135
-3.4072021418356653
-1.5969264823045992
0.5299130885375606
2.4364156282337435
0.7092298727152166
-0.17153116773777652
3.309485121782341
0.2210346457421999
1.6004820814853709
-2.159741109559071
6.004288954476333
0.6562819197049983
6.880164722482634
-0.8463897661295541
3.5002994758304964
1.1560895063763317
0.18332313201330627
-4.408469093568094
