1.3137815968741735
4.444684511045692
12.166097987548499
4.202051624357178
2.606376545559902
4.732400128201451
0.36939034378848495
5.645318011221409
-2.3697766110667797
-1.2937767555671955
-0.7308570682054889
1.7417733788528547
-1.1415564370828308
4.883388472817204
1.4123367493406855
4.973955444571463
0.559356341418848
-1.3178606425046704
0.010668572866878659
0.061009830526897686
10.351854531166484
-5.9158870562124735
-2.636865975693355
-2.701786700075274
-2.832919288255067
1.4572064443647057
0.6415044040659035
-6.408871921597579
-1.0294395662907512
4.284063555021328
-3.9714004889757897
-4.251942311408874
0.508484584914504
-2.424621651756837
-0.2592433671331259
-0.19305123288358328
-3.284265944580099
0.3517034100788204
0.22271337876070182
-1.2361806417174723
-1.9183282335234757
-0.5644020798102309
-0.8270634771954478
1.6234521935603472
-3.250969904578975
5.071595739182999
-1.7794346774769214
8.62544396990701
-4.363553137088564
-2.598507110698078
-0.8761883874251799
0.6781520130340515
7.206564660040115
2.5565489201479097
-1.6317137567101403
0.9950810381921334
5.903877733673452
2.0630203252551285
-2.672218399796911
4.38808156749104
1.7283715840250915
0.22172240780096805
-1.17390856635468
-8.22349263151874
-1.133694128026919
2.274319126606548
-1.8141068125356234
6.355103422585478
0.5162930764029903
-2.023565019599011
5.189729204999508
2.4511981911564913
-1.564028979206601
-4.353830831198323
3.2860096238194965
-0.7049313678475319
2.813053969961211
0.8732173973929698
1.9711463791303259
-3.6781099421228474
0.29987845814684994
3.1859453742514456
1.3576626821144784
6.409694268441456
3.961244607523514
-0.16937384430953215
3.185782594131758
-3.752488885267718
5.1376905704567015
5.715267342498489
-1.48125474968805
-0.5297110685225583
1.855158962389714
6.373755959536259
8.456170259813513
2.368745452586067
-1.7631807393228134
2.8700627218544796
-2.4006131413180354
3.3361765317494227
