10.811463363808642
1.449715167194565
-3.7623378668605056
-4.922443287680176
6.685615969836557
-5.461910763594215
-1.8718364158463192
0.626668085308031
2.051076112962851
8.862916365212147
6.606553115637571
-1.7375784840344197
1.6632804622984612
0.41021786393927284
3.6759601004515012
-0.7760917833609648
-1.369418992382567
-2.2558736855994663
-0.10077685491973351
4.983049388168969
-2.377741728224697
13.72566454102656
-1.817960154097268
3.766091308052786
-4.219989217375666
-1.1208205290117867
-7.533772879926909
2.875060413106925
4.794772434692186
-0.03626141649608253
5.666231253805923
4.62727805566875
-4.295029436989591
6.846935319947709
8.40747065710263
0.5763293176630647
1.8642841985857488
6.0546203949514155
-1.9819153814732489
3.5284191092501223
8.518821913185608
5.230268464383559
-2.629810568016027
0.6653040523543345
-0.1362160579581383
1.014267427651027
-0.9025979186435296
-2.975788713805347
-3.213674534625752
11.956079751449666
1.776340015712897
-0.686330135050504
-0.1132914334474832
2.3920530934364965
1.5198583925095632
1.8684969575312347
6.178840954279474
-2.377356161907433
7.57513155935468
-0.8994231660121261
2.2360132828049872
-4.025940790039053
-4.335056908050526
-5.15872654207522
0.5308316595476359
0.13968841502433413
-0.2915660914151266
-0.42793626509547045
0.08262895192244264
0.5224306929917443
-4.243462540011686
4.0518021545617655
2.5503864898525928
6.313957317956053
-3.9182349839036723
1.8593614037645185
4.746357020053964
-0.5896784049979861
2.345362677605861
12.950080958964445
3.7852412525098105
-2.1142891217054585
-4.363081960534145
-0.17853658383179252
14.484733677501413
-0.833894566681616
5.6922987754175844
1.6076268406186633
0.08737048571590443
2.7979177958118453
3.6419020921413345
-3.1505396112255815
-2.481549823979802
13.704398570931932
7.46387336916324
1.7563777397533311
-1.3309981043598431
0.21906107968109584
-1.1209607001663109
-1.4710218878254624
