-3.3845935383673478
-1.1088459816624616
0.8572284025166488
5.829236185501653
6.481091291221433
-1.5533435933615491
-0.9604024623932741
3.2833182024957566
-0.6006084101030189
-0.40615369862751566
0.03185735949617685
-1.913950378108689
3.9845348769662188
-1.0017450233642116
1.322662087911883
4.326033342185486
3.7245762365579793
-3.510470875465243
-3.675943115195559
-1.134897509168432
1.7082151203157467
4.76563739470822
-4.266448123464996
-0.7001203818847896
0.9896265115045063
-3.865000533654966
-0.10968338029329801
7.496360186706792
3.3127667704792048
1.3631312392214436
11.657310027641994
4.05689387258982
-1.2663002293863406
0.2784823285412874
-1.0623814620294225
6.9380470281002395
4.930392650534872
0.7474303605375343
1.2098626251189284
-3.404234862237532
1.1555444182079444
-1.5041442187993364
0.015371664822951048
1.530542383531198
-1.7141497834102526
-0.9870904336539026
9.51045940070585
-6.448291483630237
-2.9161673496658325
2.4220694599317003
1.6951912611832647
-0.5888684037077179
1.7162785435000427
-3.716018144907616
0.29208101737036546
2.3191286987364426
0.29529297298519636
1.0020581720999864
-3.64733915600295
4.231754693244636
-3.2908012040206973
11.395189386490395
-1.8377223336613637
1.6743211491515981
0.8156885144511075
1.793412953746565
1.5933112983123112
-0.09904801541038048
9.936520649838423
5.033047653118458
-3.3459658362794205
-3.4115379247448505
2.8848693417102975
3.4145691628376964
-7.90180351219345
0.9606191564742527
7.995527341298619
2.444640164252961
-2.6364867152093256
2.324978467862908
0.36992210575011747
0.5917854134918705
-2.424408039424062
5.046981806836621
2.312203557371654
-1.3557886944370299
-0.004624437283117718
-8.64385994903022
2.5711968789884696
-2.6357929182231734
1.9886872131193818
8.874174117496123
-5.393625572828141
-1.8727587672160757
0.9408365008833885
-0.22946633394526933
1.779287163915443
8.981690443426807
-1.3994357531392108
1.6350608894865521
