-2.596490686580842
3.35569261545888
1.8379462833649147
1.5147095460219284
4.205704760478147
2.813986905025561
8.616248153346518
-4.333797816649532
0.30139596215203474
-1.2744930735155666
5.499013477691234
3.4147807969779427
-0.9093085523542728
-1.236473162688643
-5.576236377908416
10.299747053652595
2.4444818615372816
2.159019175166417
-1.2143668679984068
0.9401444962902437
1.7600798277721714
-1.8780112619919835
2.7114258527386106
5.229641408595449
-2.7887873691079403
1.6029665021295967
3.8465272664181
-3.3985335042300497
-2.628778022923204
-0.9705953318319485
-0.7316548434589584
3.8468820430028376
-5.430027734183853
-2.4403640010890113
0.5462280477483534
0.02344903545745894
-3.1742622969560728
0.15161648500773112
-7.517351868898189
6.662186204420977
-6.426416407807475
-1.0990245404803816
0.5949566578030099
0.3300495784970056
-0.49916816688113375
1.52716456842253
0.4291581811190541
12.821236545612631
2.0362186037202217
-2.584160268174589
-0.42186871822524274
5.694149152241108
-1.3717569165120702
1.5552442926158867
-6.8177991299429515
-0.9736642219392959
0.09557899490409447
3.1871276218187377
-1.9638256882527731
1.8162662361982402
2.0819481882304256
1.9415258042841448
-1.4134057096171986
7.411138662464445
6.381758634914737
-1.2867899119859756
-1.066153897353828
-6.743365646519179
-2.9065456170021635
4.817621364141592
-2.5535652350436213
-0.06601549512277177
0.7052831816956229
-1.8937152868201452
-0.5119824199542093
-0.5426796287443493
-1.846170582782705
-3.2809138113075234
-3.287839511533929
2.6297785134535334
-1.8544078706234626
-4.08180726602906
1.3840429336132507
3.1137977903971423
1.0986601405495828
0.9804875294836055
-2.919908406600757
3.369360138266133
-0.9209622648266861
-1.5834426704840725
7.041911622355073
10.970553786663892
4.104804428696445
1.4230912210925835
-1.524469785940644
0.8549317650796855
7.475179003954276
12.391106861336642
-4.666990150833413
-5.7322478596196245
