4.161230504919875
2.207990727267387
5.660226982166452
-1.7981982191587986
0.3541269598175457
4.200608827516005
-4.238387727798713
6.2974215703174465
0.45725489038289435
1.0177958070475035
-1.4451268005890712
6.783165600363404
1.5124388624218343
-4.142792811356086
7.631379256776773
-2.640800847786135
-0.2786499814672638
3.10889758428692
-3.6903145116319047
4.461820207217917
0.3175626523260563
-3.483794176272572
3.7379094517750433
-2.992536035924531
4.262139204327389
2.4688808914895666
-2.140474055348771
7.398911878934115
-1.8307697152747782
-4.020709733942207
0.7623087493643936
0.6137372422543935
7.364932977986308
-0.4839801377171567
3.5562635335697124
5.3129833408328
-5.106481265072795
9.949581460590444
0.8794566536831576
1.6950065610605474
4.92033255891166
4.105492374201166
9.80717330252124
-1.0685841017312834
2.3341954320278826
-1.590710087447789
3.8716895825265207
-2.2519399995394043
10.067853474064409
-0.843132052172328
-1.0790373434280713
-5.025974518427798
-3.1475808366683413
-3.3487865293241272
-2.653916883766761
-0.19279225007661221
-0.7633795644786937
-0.44486038112987736
-2.5185566755920585
-1.7597979557573087
5.885513090394806
4.952134016441657
7.6282980668316105
-5.359442128096888
1.3306746769293074
-3.566238643469899
3.8175948815726954
-2.6587906734216475
-0.4167487140049015
-0.6310216376813241
2.30986732150885
-6.323695139012475
-2.4340117549365536
-1.4673600557964286
-1.1884745596502855
-2.6064469985738055
-6.543178941351254
2.4794252958108784
0.7220052850263405
5.852816930408659
2.100374048572045
2.5689244747396094
3.7126637866465977
-1.5510989523716767
-0.5554438444377869
-1.281154014599128
4.535922402712407
0.8465377441298653
-3.340751605783948
0.13323547849824754
1.4025473088602838
1.180122869791376
-2.049460572324666
5.3745571934978384
-2.7498372876362946
-1.363656710444134
11.765127781563338
7.18342212086454
2.663955404845211
4.797253820202997
