0.8516910851845083
-1.526483835792872
-5.084414644156972
-0.8118361594367078
1.3765976271952292
-2.952203830906644
3.2246323184753756
3.6782201561148784
-2.971308512745296
8.040956457615902
-0.9138841425430415
2.41702489185707
5.604769577122535
-4.490424325783578
1.0932336140606496
-2.7363475827041857
2.0641950109786675
-1.40158454702303
-5.532746150313807
-1.7808846610257394
6.893816056484671
-2.155694443248003
3.691764392425025
2.2730126134567117
-0.9719341015552875
1.7453126031536716
2.9104361931229104
-0.6966915515132641
-3.170188125641289
-4.007435439871361
0.78272841773035
-3.4873186279875568
1.8439666602015499
1.6471322276948936
-1.2329246594451408
9.439842995730617
-3.3734584176739135
0.41946784010689003
-0.423661744308359
-1.6350280926322789
2.6252096781044063
2.588982038157367
-4.730749223850724
-4.369462741231899
-1.3715918272876229
-0.41514749739100054
-4.324782571661603
-2.432424162511171
3.8015862681498
-2.920685573532552
1.87732955677999
2.504335483126047
0.7884101838921289
-3.856592764892819
4.804701678256933
8.204779763991267
-2.5974326055285886
-0.4939252551704514
0.6592941244118373
9.065577332468475
-1.6972210739076496
-3.644115935950907
-3.114264226018278
5.663431125341534
8.766736451436833
-0.17082669941016462
-2.2327593907747927
0.436795300803821
2.6541338499185403
6.861803765481417
-2.0489736554322886
-3.35399643364166
3.9582321754533663
13.914581417994267
-0.22218246044346363
-5.249028616501097
2.086374827843022
3.3842374555979102
4.578349867685863
10.818214637431675
0.0700088758299563
0.6785021984737277
-1.455342493891973
-0.30706321075643406
4.910206141283803
-5.505167082556536
-1.9193254990943367
0.9309329402649688
4.61041758485053
2.8702495093259097
-1.0699598128608894
2.9537914347300522
-0.991974110437724
-4.157811601922799
4.810613985139652
4.478713128307003
10.607041897948305
5.617555345830147
4.598711141106844
17.952401553634935
