4.287944467654944
-1.4155611730000746
-3.2094913166587062
-3.4387739646655326
3.5647287232447264
-3.286536617471719
1.4518110181367927
8.684641663510265
1.2614204693916233
-3.459658934794785
-2.9889494793784195
5.227214240245702
-0.7280755840771305
-7.609870561728329
-5.0365604772270345
-3.4765820362214934
-2.564508347676371
0.01204834805123051
1.2547855547327136
-2.4143362023328283
3.410672505783497
-0.5014447016732435
3.4955713168402407
-0.6216758278211995
1.51894412784383
5.819336947033177
6.596409683791961
-1.0514857942557663
-2.3059247467569643
0.9234426549559474
0.8033869343581783
1.9059129148294944
-4.411478789343209
1.1147686071151848
-1.6068457235107758
3.0827376725888955
3.5978345082492442
0.8604990410359938
3.8542007265723415
9.977750425972369
-1.559694122007596
2.1115800637395967
2.2677993863704984
-5.671550731713996
7.196506576677027
3.2651610852203
0.4172052462593198
0.38897470736442585
-3.8895335447136405
-2.0284376733528977
-4.246080628421626
-2.188239828706302
2.215659057126474
8.76477102974788
1.4097179192068454
-1.0409915772415783
-1.8783451228404333
6.454529665437339
4.551819673366113
5.399442118037714
-3.4045297179572387
-0.28646465150951234
-2.2318088914202976
2.672161445172907
-5.602809463319394
0.280039138113125
10.417158644373695
-2.3761226897188736
-0.9616036716432178
-0.7434648635251004
-0.5575811418679391
5.5048884251587715
1.5486433386242062
-1.6452047008241002
-0.6022655857331405
1.2931679462033825
6.278180267426745
1.5595833200544067
0.573654721653926
-0.9103257674848279
3.7325227160397376
7.207643923535605
-1.9614706197786274
-4.057544056737804
-0.9296542470064852
4.3069888166225985
2.4594623683478503
7.247761088680344
-5.495130433720208
2.4576222392805787
4.53571317598319
1.4197936066316563
1.2503090464627253
-1.8716381839131109
1.0545325341131178
-1.259703815549032
3.046422199032651
3.579456318418649
-5.156212873586805
3.17970697070139
