6.329066925421078
3.194239395177833
3.014013107087158
0.34285555121624944
-1.0131432657806543
1.1371890128264805
-2.6056563517092606
1.0429176280231833
0.25034932706668034
-0.13034448716381486
3.309287842930667
1.1859052227303013
-1.182067655209204
-2.9876984816498102
1.7629726250795654
5.110356976581008
13.138598157367316
1.2615375049722783
6.859380613155867
0.4014185817648823
-0.09008413217780921
0.6765246119304856
3.7874463844016315
1.4794664089520215
1.5863685360293824
1.540062846680606
-3.2858112493112284
-3.138217929545342
2.3786703065146906
1.381030369641636
4.117966216414096
-0.6879938120334665
2.706759813728726
10.007994192811022
8.890462552783967
7.854995995817354
-0.2114293508062744
0.3479850531986127
-3.652967245608873
11.18083234652025
2.081576649543402
2.0858016530315986
2.6119963227078107
2.1766057713790232
-4.389378017583795
0.32534963903311065
1.9777533896674062
8.090929287925803
3.6595584114404893
-1.4919522438243429
1.3071288951061695
8.199583532778774
0.5993464706084728
1.2195035122052271
-0.265519117690783
-0.4496188066609821
-2.0839045025657894
-0.7750461128020943
0.02093738569990447
0.9887486725763379
-3.9159287144431496
0.20345137353848153
2.331508545073785
0.12413538719544981
-0.6668416696784776
3.72871911292773
2.9658505711225986
1.3322487571005894
11.853557999165552
1.6333368772010488
-2.001945203459398
-2.0225788445338617
-0.13681602769967965
3.5747716358659725
5.384371303965844
-0.42833978713483745
0.5594472615865579
3.301656220330906
0.809530454744921
-0.6088393482536354
-0.05452388977049516
-1.4075322014872538
2.106912387900387
-0.4167072000365768
-1.9327427444594818
1.7752250002921346
-3.4034925035943053
2.935628706928237
7.670976857495274
5.585455199196713
-1.923265187218107
1.7272616341539249
7.814141373872631
0.09599822477926745
3.58536993229785
-2.218752956321992
0.6123570224795558
1.6304273107094973
-1.2836283673218205
1.8000657296510783
