6.283904613972453
-1.3240282997904633
6.647851363404195
-0.9159177150516243
9.128410400829031
-3.960978323079865
4.584021250809879
-0.229324058108193
1.2527952614861184
6.327974477389969
-0.5362231362700248
-2.5981390199910264
3.8523565866620575
-4.621057096810661
3.1020599495104326
9.400852778767407
4.177622151216711
-2.3515715119608407
1.806716610001088
2.1307246968298226
11.014974009689816
-0.1247622021958179
3.686029466008463
-0.9435142342214182
3.1723192513075817
3.3268220948194323
-2.749848765176835
-2.210051845608906
1.661642446387324
1.4557275530055849
-0.3583360871477708
10.892824646362499
0.5397311289399612
-2.5774347696973776
0.69022966898853
0.48553401878775176
-0.7268322115290754
1.7774801797957531
-4.841624056352778
-5.728105192912296
-1.39927521146469
-6.350758869747462
-0.43869718059775964
1.008744991673535
-0.5430677401903534
-3.040908827464383
2.623238631363445
1.9622793322660341
4.724302962601042
-3.7163581265880232
-1.8701661178236328
-2.662345692871248
7.156906190410021
4.479177854420817
0.6458826860530889
0.7284907734523224
-1.1517495820599635
1.4982839778357857
1.2526708366325645
4.000148537567838
4.442116509757982
1.6306206150223408
1.346573455697906
-1.4980771685933028
1.1130017267102112
2.847525915224405
0.8277130648632125
-3.279232329625795
8.207869901043829
-4.41090375340363
-2.849539030015113
-0.1942587499081836
2.6665714006620407
-1.825732179201842
3.5522709209550323
1.9081170400095755
5.829969671884384
3.9153890140919527
-0.20209044468735635
-1.0842301718358536
9.643917882774547
-0.30142205020725993
9.722191869663803
1.2856463855222184
-0.9699113506922922
2.932855371168985
-0.8526398058487883
-0.6262863613178067
-1.897682545362812
-2.6850482089128507
-10.557973315760934
7.353557059380682
4.071792567622399
0.4944374986801172
4.197965052881214
3.2092507146903024
0.25942674437826296
1.2179508449955443
1.2487572073730795
-1.4978781239232544
