-3.988502739478146
2.7353333164523397
-4.190795444958503
10.480792484562093
2.175523817650646
-4.987539580784202
-2.6758684460217026
6.092093389579942
1.536855935048668
-1.71908099235321
3.5065396311758343
3.89449378569406
-0.24200423988132597
6.1685801908966145
1.277101071587903
-0.5652261109789306
2.743338691950708
1.976204224904969
-5.006806287731436
-3.7272949424725903
-1.658706855253274
6.882969316863904
2.212235059771022
-1.6275688632359828
0.5605771422535772
3.9128066471178187
-1.5828159026767017
-1.908274488153994
3.1677018774394115
9.233936401596674
10.64431276529978
-5.438418791455149
7.279854577061508
6.106684073089507
-0.7470000476433682
8.516231435350907
-1.4077780260757717
-4.160304442311543
-1.8896429357698947
-0.3005038836641449
6.377817880541231
-4.075860285691842
-2.969881315854981
0.4468118798572167
11.462336756999028
-0.8719504219160192
0.8620446764925205
3.4065476405271475
-2.148559075928595
-0.41603099686881484
-2.418777935234954
1.5069307633454248
3.5541774462250912
-2.0600250106925206
-2.9604875912080426
-1.5469186978193439
-1.2115625213626613
-3.985733213394419
1.2803104639035072
0.6221864108743337
1.7628134613100097
1.3970883001139167
3.2063306403109277
-1.6778567965142708
1.9741043497607262
-0.4548837082396979
-2.388654640205215
-2.1236312028154907
0.3230292736097934
3.5069015291014525
0.8005224509553881
4.455288242582727
-0.6016452074158759
-2.1257484210569895
-3.8715313452509
-3.572254925099134
-0.5249908650970591
2.527637562117991
4.065886686262279
-1.3773103787958698
8.05101949565148
1.6256888008514876
-0.34705882452672204
-2.240510603350395
8.612218120414312
-5.008523967725387
2.634996403524892
-5.5925915518580025
0.5914967246068665
7.192249758598031
-2.169342878448285
-1.4067432494626309
2.51225438434178
-0.7058848244360215
3.677450290348446
0.11148296311324023
2.472324245890178
2.4535358900271413
-2.5251408580003765
1.2173872406807993
