-2.634077491700634
-1.3892786100830004
-0.06328245842152445
-2.7273600814730288
-1.2080741047545855
3.891878621861334
-0.6871359598716837
-4.474851616307307
-1.8995619133167283
1.609070478115881
0.7220506734083508
4.282160057492015
5.615479041295982
4.528291776473447
-1.9557137024765008
0.869370745307973
-1.349548372613206
6.809797946789614
0.1787829123488833
-0.48470891885741035
4.139537317719714
-0.8678130643929105
5.299448251435098
5.095113186411931
6.9584267167680505
-1.9098099824872936
-0.9126778275702658
4.342028317244679
0.9268040290078262
-3.1760146170876076
0.9389523436912544
-2.863814634719963
7.470601954383104
11.59057845310404
4.867786888086827
-2.4296014694805215
0.8554601484335183
-2.713522639002679
-2.465443452106638
10.737273249724698
1.1523375698371598
5.043467056472339
8.069236568423653
-3.082923045639853
1.897174374506291
1.8439296243952672
-0.48913810031804816
-0.0170351132354774
-0.18967773657076833
-1.7924829037776566
-4.215596538801914
-1.4173956706352313
-0.4994590346358958
4.847338239978074
1.4035632553228787
-7.615975731987484
-0.1580198820620633
-0.033497660663581716
-3.392735331623638
1.2137088721591414
0.8046143107037573
0.9222312213679265
-0.8612154823210385
0.5708873326242478
2.140996419538165
0.13507003496763278
-1.8259296267969907
5.026671764843202
-5.648729590221276
4.074222834654359
0.669364824731731
-0.7374692849261699
2.4017710509867696
3.121578494704526
11.222885880974637
10.517335660076903
9.458133492205942
3.9783874874335075
1.272741194336509
1.5478981871230157
6.088107420763157
-3.482571247225832
-0.8240025248766273
1.7865187431890812
-0.9732201410081354
6.651214653418223
-2.0635085062741814
2.8482406764826536
-1.5262032610024578
-1.9312365188714173
1.3008824539951083
6.794012093988679
1.6803505451247154
1.2551207595549099
1.5805724241761414
-2.2173689112940016
-2.082961051093948
2.5750770336815467
-1.8331693551215649
3.456551444441452
