0.13014115968743717
3.735791779985405
-2.81314709092674
4.132636987419643
2.261690159189355
-6.9365205178080895
13.432015593809515
-3.585270769044884
3.0644936076304496
-0.006086530131285375
3.0187417202961084
-2.005395921528333
-0.7294805753250775
-1.425156237162887
2.3156705488612936
-0.9260199244453444
0.10661047988905853
2.645438010528778
7.220242238994389
1.294670508970961
5.552924934374129
-3.9832065615588688
-0.31394538759567747
-0.005730134331866886
1.091397215208644
-0.06634252215561087
5.17481246644838
6.433740150634574
0.42410081244401887
3.2044522161122897
-1.4504565640146159
3.7806342009583953
-0.38193441016264074
2.1491743285242415
-6.372297614009536
-0.8313962434251488
0.09001930375205543
1.1763156335551612
-2.2192875377137034
3.6267198545465007
-2.540955418994583
3.1328854470195804
-0.20729269841153689
10.446514353813939
2.8003385179083025
1.3576405337329793
0.2070218629443093
0.6959758861821752
7.849256833038814
0.2544584891147327
-0.044851758959871306
2.065747140986892
3.4456776863438647
0.7753797669730896
10.154461516651441
-3.006626233995061
-2.743167647236384
5.655141358349847
7.831933046980273
-1.5678834319440664
6.477152957609368
-2.8294832156673397
-1.8496032178329904
-0.2864912942021096
-2.7938598033914213
4.818282275669894
0.2200428232037624
1.6956791605325816
1.7592777433198803
-1.564803676228948
10.991596376453003
-2.0036264567145783
8.074422191760027
5.633007234207099
4.8339104189425015
-0.5538414902268316
0.6266885176581743
-9.656324648493886
8.978709409298451
1.3976061755933633
-2.25554663400907
2.517302672836804
7.221442977751719
-1.6546807309856295
8.297512006872829
1.4757640602076725
1.2055010635172299
3.5355093440864884
-3.153838949505012
-3.38386933505145
-2.5148302163024203
-0.45460652841747684
3.0863223953930845
3.0974536682212745
5.029184812949033
1.9515037110121276
-1.3198909752185155
-3.5499411245918613
2.1362703022421643
0.07054241868874798
