1.360095498445787
-0.6889605439326698
-3.4489518941952504
-2.853464357659039
-0.588456260585977
-2.509035645691245
9.864789837494515
-0.9675256153822125
5.5002374688718465
5.919686115510746
1.606524714163196
-2.653656930677871
-0.5315669136302162
-1.8533405738238793
0.1322390836094542
0.6422780701514872
-5.488172872057337
-7.067409069337935
9.108692035628371
-0.8521183620415518
8.725630651390782
-1.7848357721960753
1.2596731266567536
-2.4644319466056688
-0.9445600517549604
4.938124964555921
-0.29267305004107935
-0.9734824724990514
-2.1659264830859644
3.1578945115743915
-3.2564067294830146
3.0620172997819273
1.1481574531577368
-2.652590001632725
0.145943865776652
0.19148047283285907
3.8895301588549076
-4.315282644617302
0.7260031508732142
-1.2850707983083698
-0.22225564514541488
5.963981268769324
-1.29881814581149
2.3314930223619195
4.335339849121733
-0.2907535707315376
-1.827463308854842
1.0475141110666386
10.96254451229055
9.09404676809776
1.4399090778563484
-3.243382155357315
0.7198691027268328
9.258799518697904
-6.817146544845688
-2.9702879434946174
1.1197186168912725
-1.870114519909611
-2.4644244221274745
1.8083563216937222
1.08334815173064
-0.6594922614696896
4.91755066418786
0.406874278146941
-0.9848521290735822
-3.8169656899620086
4.053594181098639
2.3683459759705494
-0.8681875976124683
1.4017051902748396
-1.5211244509511284
1.1982502270117175
7.95647009132365
4.144925139932143
-6.672135112003147
1.817851599774185
4.437281410506707
-0.8480248708915008
0.8388485169997961
-6.07054098966057
-0.8970830697002565
8.069228950036225
6.186462219407604
2.9607377005412387
0.2538337605051836
5.329393559528062
3.7965529839467242
-0.25275461184633224
-0.43385700656652815
-1.5753156017216963
6.818739140567784
-0.42937212840719385
-1.3106293893271845
-0.7423621512621894
0.3637041780354983
-4.651303503061338
-1.2954284102726268
-2.562881394589555
0.14398788606844531
3.784087847407868
