9.233236846585669
2.2392460616416923
1.997042457012757
-0.2561050553739814
-1.2489205854312224
-0.8210342588048429
-4.006421812372972
-2.651352449715355
-1.625015907516131
1.499716976440165
-1.3954812524016955
4.957969166686011
-0.5928814898281298
7.746306439299032
-1.3303150431141508
2.808088092676377
4.064481356770602
0.14578202178784339
-2.250320291987017
3.5745610123487386
-0.3215233212080654
2.217075214446353
2.5456823344098796
-0.1364071880494819
4.702063691389856
-2.977862743987413
1.0418481246524198
3.9701091763504355
-0.9010435802457126
-6.077499149267737
2.849668620822203
-2.89478395896567
0.06316934844971
0.47367630279189066
6.897692439887459
3.8388007688140116
-0.5539341733089287
6.302383372364849
1.760226463810325
-1.4906352532994596
-3.1028178620161255
3.444125517082387
1.5865451094163818
1.5477215542774
0.9315869395757979
6.920504268660832
-0.49280057287015744
-0.6700125815390932
-1.8527782086701006
1.2529618651244714
-2.3878152785767606
-5.782317036518308
5.0437401746627435
14.405128902801906
-0.6036305708639463
4.106233376979469
3.715144171888037
4.251553589994898
-3.075634830706674
3.120292901669549
-5.333799778997959
-1.0963558240955293
-0.12878231490271091
0.1869483766564466
-1.1194411875680401
-3.718362752853531
-2.1590978379113253
-3.6449262214424465
3.107127467538139
3.1578652621490937
-2.1319109667305067
2.566898469325471
1.0652782551062367
2.7297861406616226
1.8040040662972487
1.049645922847696
6.8774883948884415
-0.6702790156348323
1.7139118664983537
-5.280861531897219
3.6268236791296493
1.149991988777944
-3.386433568035283
8.062876488251476
1.8229518871359955
-0.18060967920744808
5.328183098532715
1.4784065438127012
-1.4696466509762356
2.9019820791226376
0.8163483462434771
11.205099006190162
11.4105669306836
-2.1916081871297806
-1.141435357705321
-2.7471478438237718
-3.5042655089867796
3.5252419708264413
-1.4614091133528402
-3.648736772638175
