5.889307063540731
-2.4486763674562027
7.069376704587663
2.4377193958856234
-1.1390977634666024
-1.3218632753019248
-2.6057401926343173
3.414792855560173
2.942483231086216
7.000631904012437
3.58025048133676
7.0376840283387025
-2.0402263947105475
1.3119242564850835
2.1580878486021327
7.571542991071688
-3.4268449314740392
-1.0983526691133945
-1.3846057645424033
4.477289507045952
1.0836281111664157
-4.383129847447358
-0.13991265376464854
2.419570383720132
-4.940693951969387
-3.8373955724251205
-0.11464194779728384
-4.248714973776488
5.297547459428323
-1.48851532495998
-4.30023811652075
0.04981466131059702
4.086970870736815
5.216685566181998
-0.07647987496534425
6.653520691124447
-1.0689558949565043
-0.5053012198484745
-5.025267313898903
6.060941251927713
-0.9891498835321235
1.2111842185798776
2.7614585732769723
-1.0882920499860227
2.357558931739841
2.5128426415011718
-3.747029165054995
-2.012867972290242
3.5034309500701966
-2.9461062314306945
0.9153095805968385
-1.20739677342989
8.752173067341026
1.904376244152039
-1.9430861267904995
-1.2938188078875814
0.7533308080668543
0.5721852556316416
-1.1146140095869346
-5.357731741076897
0.4937424938252881
-3.2530772178559486
7.556984978870005
-2.9364385972338614
-2.8802578323996393
-0.20945266297734827
-0.01652112687557548
-2.95957576224987
-0.694148939410917
-3.2207892173418884
0.5379746403748127
-1.8926726447267668
2.9276591502694753
-3.5873812042312787
-0.3244184467508304
-5.142636983451755
4.917471877660574
-6.512048525615363
3.876780948314676
12.531981452910852
-1.1350876063004605
-4.791524782913013
6.918596262293492
1.6036748340505182
9.956637711935816
2.2469058918309637
7.939454485958283
-1.5905350969080807
-3.887272065897605
-0.5398115198304807
3.137691290952468
1.466765099703967
-2.840437092285092
3.9948474562060667
2.5654355862485487
6.458983209213614
3.2281082322104284
-0.5475922109154034
-1.538806403099876
3.0369747563110714
