-0.32211836776816266
1.7659202199042283
-0.19373929411340246
0.632855276629478
12.165061698594918
-0.797514720046042
-4.692416754842399
-4.230305692886132
3.152411160994096
1.5701818238812149
-0.02617788533538666
-0.4000948749069768
4.492141459971559
-3.709217966672473
6.3092546882868135
5.407281521561157
0.7443083147371299
4.137228840926414
4.961836865721813
-1.7087857888094666
7.14893739130562
10.03643413309398
-5.043361500440592
2.5421381443327378
1.7306389093127539
-2.3416465106457762
3.3091655665122937
0.1224755603747941
0.33947976854235784
-2.4124021750065383
3.304698561694104
0.7358841179589621
3.7073924018219593
-0.01890357506859215
4.342957189891874
1.248515118442598
-1.2810343328129785
4.340484518350116
-4.311024466597199
1.5031776679270994
5.118993773202163
5.40090445464669
-1.7199265622041047
0.16584547851004172
9.5294021290113
2.1807186302524553
4.016536756453196
-3.2791668170794583
9.107912758521966
-0.6654466685459564
2.4251473265483408
-0.6154620155552395
-0.6507243270084535
-0.7238113999396536
-2.2536266183486826
2.4298657974414324
0.1053366652922891
1.0435988933325624
1.7472050191928985
0.12110784505857254
4.599722557273715
3.3393640959616615
3.9037034335268608
2.893251105024265
-4.168849268560989
5.937803234618008
-0.8435786065136921
-0.07228357842319685
1.1865603219765395
-3.6912545884354975
2.798847061566302
-1.0852744573300268
-0.6346510255144362
1.8416729430176435
-0.6709362383041791
-2.6083159368290474
2.847744420646192
-1.41464805207228
0.8853377219023679
1.5994602716615047
-4.080565223113373
-4.87236889457782
0.00824261139166725
11.564066663351497
2.4892640863977036
-6.024178609378932
1.9155476740764072
-1.6112444607017107
-2.9530891140429767
-3.4646595368244553
2.168381494285672
-3.453451760208777
4.406614189433623
5.288470505712411
-2.7031323218134284
0.18267991778513934
-0.08104807080751517
9.124570735942676
0.9073398960873964
0.18558521233801173
