-6.289641103881805
-0.18587868151262657
-1.6282668661335133
9.6112027277135
-1.9081980054166974
0.5859251042282398
-1.2897608623286179
3.0508886480716866
1.8705449122155664
4.2980380344445415
-3.9603131694490603
-3.1281469836071407
-2.4192560801110377
-0.3461871134385607
-1.9264614709536056
-1.5236903640992914
-4.21140270266362
9.591037901554813
-4.912172718263179
-0.7830465676736553
-4.323167477266539
-2.0811071240180485
-0.04000255810669558
11.184830581007585
-0.8624206846479987
0.17431091309280347
-1.071429249555734
-7.81643767635477
11.71878097607743
-6.015701040554555
-1.857490308687678
-0.39443075899773494
1.9934853733155764
0.6991169803152211
0.9453857208870182
-1.5838587443897107
-0.8964546814849528
1.6992725192554516
-7.175514007321767
6.607613838185948
-0.10857807657305935
-0.5759291262283461
-2.4351559447751496
0.17370745442499197
-3.3848763506982853
-0.07084735568962754
4.503996716796983
11.713258576397068
-0.730959733598773
4.56146890831185
1.8345641253850338
0.10672381766030005
0.5456621509807317
1.5094271479549357
2.27661046639228
-0.4226015619600955
-0.6529744790710613
1.4328296437496681
0.004154102687061103
1.6551307149583956
-1.4016192980343167
-2.639691544090943
-0.5248578636835759
6.01413237856584
-3.480989207063395
-6.283250127069108
5.072056825829966
-0.565665803430296
-0.3269567369223101
13.983575635731263
-1.2079013065584627
11.44039407475373
7.231432505585378
4.193210338987351
-1.7806832822996213
9.334165352568203
6.162994871376987
5.863565360862923
2.3881612473625973
1.5758962556089893
15.752164832931983
2.1598963631916264
-4.234067215452031
2.1822736608189803
15.117063842311506
0.9995977744803184
-0.11407231110750338
-3.292625022095306
7.191609670754698
2.553707752431591
5.3920991766538275
0.480811451302687
-1.2501935398745068
-0.4895246391156203
1.078268542675543
3.009870832117932
-0.4165614682058356
2.199807706172303
-1.394037741623177
2.8662007738611823
