-0.006671210538864063
1.8369968983065668
6.161803541709637
1.7610485413000267
-3.8367987248653965
-0.23265351318073718
-5.164890608478717
-2.3127471794338184
3.6122434471370486
-4.59810660361003
-4.784888014797676
-1.1838187573732544
3.0164874483481166
2.7511680343291687
0.9819721240678658
3.6827251500936824
0.3812834037057461
-4.606443862579925
15.45027122780525
-1.2865063039839095
-1.8269841526298651
-2.0628994901276463
2.631037673967475
2.705949794048803
-1.7794026312194657
0.8069246195050284
2.4503674284610257
-1.8388670088741037
-0.7001249237958362
7.789819553032643
-5.501510928053116
2.1900286710387897
2.117577610857411
6.668764963932466
-1.0208067305420767
2.3310691426433916
-0.27736875996398425
1.952727566883075
4.129885651849562
2.3397981759813113
-0.7712382525277963
-6.755412414572273
-0.45921382905825725
-4.5853968882575025
0.3751134710373351
0.8247743779783516
-2.7764549698478973
3.347249941747701
-4.396963574109792
-0.20452370528788016
-1.0398706855176982
-1.0150668550527189
-4.365691014551072
-3.743999353545715
-1.3797448406179043
3.3455010140147228
-2.219786551725595
2.664234934934025
0.49121622154218103
11.236278752897311
6.907407563759086
-1.253452354736307
-2.353061680167968
0.16595250494268526
-0.22575462492380483
5.631300597886541
-1.4351219470015901
0.7726590078015436
0.44167916097527365
4.37553226761245
1.7161653838767157
2.518081611293092
-1.4187893268123057
-2.706191398841902
3.4369884849552683
7.977029797388116
11.214380423731114
3.2202372271527016
2.2771745894688564
-2.00105300300011
-4.056768977901604
-1.6036478485868586
-1.7610472545836338
-0.9718498578981762
-3.5262706644769533
0.5175290243833262
-1.8096264576670957
9.274713283731748
11.194679860605802
-2.978964576018777
5.195107561514891
0.9216144544744891
-0.8705079372904101
-0.30226783240594485
0.10067029599491506
-2.7649274525405008
0.805199543864163
10.039257081808525
4.9155002997695245
-1.12078814848025
