-0.23857068175635165
8.050538923743375
0.853571768256389
1.127910874677069
0.44439732457416514
7.340238354246083
-6.15848550815244
3.890668265725356
5.272860916699998
-6.760522862255831
9.13228784009057
-1.1287760640822602
-1.4361371408270118
2.857109729216599
2.3827702209718638
-1.4769376515456576
3.4056795652102805
4.540999718239822
-1.9679988671134319
-1.9767673738310942
-0.9595378469200107
-1.7409601980034823
-1.0545687608679182
-2.650766949268842
1.3348570819554053
-0.5873788708695987
0.827922599053136
2.250341215558549
-0.2557401909165722
-4.936892897980293
-1.6084141154501248
-2.2060084250596113
8.96702502526595
2.8640802009883015
2.2255991292273993
-1.7979174260562172
-1.0715519386207346
4.149008921769163
0.2183520751337605
2.2948168054966342
-0.16939783615974152
3.054814088765352
2.5154143014085437
0.22897690492245104
-3.2759669374813685
0.8322225773047397
2.386201226857768
3.4711177366521495
1.9914866213640963
10.283711602924374
0.5022729064958392
-2.5623143812598967
-1.4492162349055855
11.392059507929602
1.9236866348294217
5.138661303745311
5.299142912187459
0.9332527933367604
-1.1190007723493771
5.195972426630177
-2.0535030446871123
4.187769894152776
-5.990385251964863
2.186515630324762
3.6544695429882923
6.6293131509740695
3.4997371558925043
-1.9009348110488586
-0.7019897617283154
2.5578806153946294
1.544859677985115
0.11438445001015751
-3.112364998044276
-2.562472072423277
-2.042220704136004
-4.175577594612543
9.715895685608492
6.869603710999484
0.8409984311302495
-1.3592803136869411
1.7784764646202562
1.0154815720420978
5.343278649010106
1.1548152961506855
0.4845078651090858
2.521370541142214
-0.06353864038670447
2.5346468378800115
3.9693625276343956
-5.177074273865934
0.3312553649892092
8.337929236149888
-2.309618592155692
3.2191478742423647
2.355920123566126
-0.1491708617043586
0.46203640787507494
0.5234644717945637
2.7810834102518025
0.3999875180868723
