-2.271671111233845
2.2180221225225547
5.899949206370501
-2.8421943965724044
3.1362760305056603
12.648802590576603
5.903714897605859
-4.85846583491238
3.5482750483845686
0.28596546952019997
5.331317663649018
2.1656525739795858
-4.359778488282663
1.4302945636500697
-3.371414305584911
1.8032730406463866
2.5042949222130475
-1.4513693765259508
-2.3031498829073835
1.013473752887934
-2.1868442984105827
1.0749144749272836
7.4772570141750645
3.420665376251314
-0.035278045149046845
-4.983677299712573
1.1365803326863069
3.3292216254994176
0.17358072870198832
-5.705011652134482
-6.456896963139315
3.814050996159044
3.2394468008010455
0.9155002567269145
3.9462622454246823
-4.60070452897892
-8.051886075961995
2.456629425251208
-0.1385529728290616
4.907795853391621
-4.9544568417289545
3.0258104817921847
6.645704822093238
0.09446221228287943
-0.924212109256917
-6.60707913899907
1.178446668413967
5.246328298740687
-4.776080609628975
0.7345104774145479
-4.377245882667257
10.220035959110168
2.305153957944939
-2.114588643608759
2.034712778561246
1.2039943043180616
6.793330050400728
0.3220569387453765
1.414566491229147
1.1822255247649744
6.257955212168524
-1.2311067011764023
-3.9215968178516274
-6.01451319081826
-0.6272154174240869
1.6585685628468325
1.049326659449653
1.0857605824313596
-0.11852267716663983
0.433396722964008
8.229215403593397
1.2122612495211231
1.1225628634822586
-1.3322496954643697
11.782965742563444
3.334386913088329
-3.3628578837685956
2.593628759609236
1.98615767629272
-6.411577533341049
3.3197856160845953
-2.8675996731770104
13.533885897795669
4.771985799447243
-2.315805904904403
-1.008118211099961
-4.985944005282387
-8.13963806298397
3.5425717949599247
10.850064220953234
1.542852784548185
-1.663030604206
-0.1930893258586555
11.645197837244151
3.657198398142241
1.7986976892689532
-0.20312090994664656
-1.4295136371540247
2.1633366161625784
-3.2070986764542804
