-0.07523503072605721
2.6655422110995253
-3.027282879067358
0.4718278040454085
0.28104999146465015
4.374957206260509
-2.8713800875225424
-2.227405729795855
1.0819527695339128
3.9572486481913653
5.796053615531222
-1.5343002009431264
0.9639116420306603
4.875874299197262
4.079310012835273
0.6819841973108426
7.4870429477140625
0.6033950376689895
0.9605391091933969
3.4940289701420975
4.5667974813987895
5.772490939669909
-3.8201269815781016
-2.8876350467464174
-1.24497824891111
-1.1592905794908532
15.621588477031278
-1.93831057124129
0.9080083324783282
-1.8238358582860053
-1.541592854825748
-2.6236269808113706
-1.2171526967207447
-1.6077359889397878
14.328045190891284
-3.9542047652012053
-0.03940667488255918
2.0202440720869834
-0.35558085173580584
5.888291480968593
6.299414286054791
-3.8928739717237324
3.3998552419984454
-0.6554973559096657
-2.2303847173030795
10.34853012933689
-0.739134954573896
0.7465825908018513
3.800437464973031
1.7120492469066657
-4.23443478404572
1.9895806445007511
0.5762823385516674
1.4497830548705104
9.706756806439103
-2.7468617930915813
4.497007875282819
-2.413802614987632
-0.17187124833402279
-1.9338990341265614
-3.630251247982126
-1.639630108849571
0.19810386441428984
2.730693586388156
-2.6881838563357983
-2.5636310879698847
3.424178470920376
-4.498703120820608
-0.6611264574621498
1.880384154962337
2.589751571824313
6.275058761433419
-0.12724197384479333
0.3873674507416352
1.4112605575059025
1.979593787222174
2.9023628530648384
5.233743792216233
10.63767831057344
-2.8440805285393416
-3.701418186286654
0.7873273282418269
-3.496452984854611
7.230787942762435
-2.1518865475736444
6.026227134984743
0.32687924598204626
0.5522883040009002
-1.805809599330733
-0.35349291538793626
-3.9686919831677785
6.425211469431472
-2.536770364556962
0.886507939154208
2.1122838800813026
6.626893129415194
0.061572225318460745
1.697683348530389
-2.777248233524308
4.963668058565439
