2.636335392171483
-1.998034925968601
0.16095445139196413
5.000528798113866
0.22751569033135488
-4.798777499330495
12.75751230742111
0.960358728453856
-3.826578198243727
0.700453698575289
6.20301366645374
1.7051876279493128
-1.219704341392624
1.8728533621785861
-1.7479902514623684
1.8005756342222905
-0.10202725955959963
0.49536249089839934
0.3774609736224632
3.2484794927566405
-1.917227375849479
-2.154737606025683
-3.9685810339244503
-2.9273402038774594
2.083379096171356
0.31124738880358316
0.9182208708107548
0.3914213816347687
-2.327353976206439
10.58300970772001
-4.288331720651158
-2.2941479899806083
-3.231285046496224
-2.2231117286367086
4.71166936574878
0.2753083548746069
-0.7700611068435892
-1.6635764316211734
-0.6135406639070429
-2.4573579668093615
3.942215962515988
2.9883038389328673
-6.045510677360511
1.6706476347065564
0.8627921144711577
-0.2914214862368345
11.319015823462443
2.740064736952027
0.4694022916367868
-1.2104626794546482
3.719683685390206
-1.962426322214244
2.5342904519279954
0.740328919076517
-1.0863773795113425
2.017319745390985
0.35784700138129577
1.6960818501367982
-1.3537484841882579
0.8499077784512511
1.4084951343582601
1.7481449471808084
1.3869297927740987
0.8210495868557799
1.4611401850482653
-0.541897269901092
3.486931357395311
-6.005130226150596
8.357619934358809
8.232838581375582
4.390073084697652
-0.5490784522290313
0.6951126525728742
15.545228981994805
-0.883436082573104
2.407208968724809
-0.5054424395848375
1.8336610607205648
9.695311841933526
-1.5826954272979523
6.808510184128697
3.062691458409736
-0.6689134753893937
2.2678533789165423
-6.863214433220477
0.1546035795369739
5.736963356795657
-4.248789889192782
-5.640182554042001
4.364737787990699
-7.7111536033560295
6.32098449226722
-3.880875591106633
-3.5399872632402736
2.197335400041249
2.366745464529857
0.6506253597771622
-0.8495374686275546
4.890645524209613
6.939594245774369
