2.675746909754034
-3.9170882335458566
4.997468700146011
0.24017278553612117
-3.4443959635203782
5.145641608199268
-4.27022018787142
0.8985235122868576
-2.3050855616390824
10.480075275574983
2.3913630701589397
-0.5845111856789857
6.468227382255556
0.7695685296910664
1.7968741269499628
3.2446269768628486
3.3794495560188307
0.883217346038184
-6.31262785842443
-2.4444336484951164
-2.3205619006642544
1.652178746369533
7.95302476759254
3.03756200764043
-0.8103189181427604
0.1037006864499022
1.3577190428128156
-0.8332784806456688
-0.4029855465335884
0.5469772197998112
6.58143978041127
-1.1145533594487451
9.922840272794977
0.5485958764030273
-1.7171556389744351
-1.026071497093802
-0.3372396702710737
0.5676119255731421
-5.157394351997613
-7.313505887574703
8.796863204332087
1.0708301943752336
3.3769004227375627
9.439919229386044
1.5217781387601383
1.558653627815537
-5.553362291132233
2.023220248962715
-4.931831662571074
-3.1766761496001052
-0.8869400376129415
-2.835703647458687
2.1827726202276647
1.0068883664785957
-0.4562071070592024
1.5630585077850183
2.827658377865123
-2.0309675738953343
1.7478051614986674
-4.518071609013725
3.2424990384564185
2.7605998744213798
5.967424364607051
3.1239132281093864
-4.71111725131391
1.6250229124663962
1.660825243787357
0.6685377675800864
-1.5779764019485505
11.450588037429224
-6.779381589946379
9.926305735867395
4.161239278844979
5.946264844422905
-0.8870855997852858
-0.26874368799215803
-2.1679961013263056
-0.919435022687982
-4.330654355478065
-1.2707281475863008
-0.5304467315469934
13.30126271236149
1.4975152264747251
0.22229797130601592
-0.9915152931580118
6.953135683357784
1.3775585178019079
2.9620871042980474
0.4621767941787819
2.0905742979051203
-3.2349034164101527
0.46013595980074984
-1.6400203422451216
-4.7321679372755705
-2.9366082758509715
-1.7045184298466896
5.422662956435545
3.4201719305248757
1.1975843265367532
-7.235441431040908
