-1.0335540684021767
-1.3164689764543622
16.134767083284558
0.36804811247605573
3.77937952127217
-3.8499653956835247
4.206561023949318
-1.3855576142418453
0.08169852845172906
2.403908641485809
1.3565943629332144
0.8826513196091947
8.482307096357475
-1.2672824883658207
4.126248634100558
4.840844676040151
0.06121189801272378
-1.5750313411197319
0.29422874895132495
-4.032018913909134
1.9928204017607725
-0.520459828904315
2.8121297931561613
5.55726215937645
5.144937377506461
4.5366968201852265
-1.2660796808504193
-1.2273367206035584
-5.225289690797638
-2.3173444628607696
-2.1783943440794165
-0.20139336745326608
-1.3452770763735413
2.2696561147071863
1.6960044360870448
1.8055353440864819
3.111184834200646
-3.9200126547020906
-1.4239716010565346
-3.65634293582173
0.8959451278729471
-0.6574453777729443
0.17208720275454084
4.783836824123399
1.6826427638372117
5.048732129700632
0.9230741459540079
2.6429269257519854
-2.1355747776344147
9.108582422277381
3.610286157703964
-1.3833690196195993
3.108128449454947
2.1107892829971284
1.5237040528118566
7.644974271108667
1.0437814427142258
3.9802245563712844
-4.313814274354911
-1.4893032216550521
-2.72974644411367
1.4739552888890124
3.418908928298002
7.515087534410593
2.9327297718665943
0.6361471623493928
-1.3466352398274086
5.062252049849418
-4.749529392118015
2.687904787976997
3.7870125733006503
1.2704865263911285
4.952408471263949
8.53549951459701
1.0543128944083717
10.910834589509617
-1.790081250640517
-4.959037209718123
-7.032991523114674
0.86272475756598
3.4553128416452514
-3.644439752622063
-1.469345207280814
1.320191246618176
0.2952620913692634
-0.6067383947606965
-5.857167594895736
-0.5129529148551181
0.2941346428574504
7.272529029988579
-3.6658268409872905
-0.5306056561116295
0.6621083818375294
4.89592307659029
1.912636285047543
-2.4154112701561603
6.3701831835364695
2.19360880772044
-4.163136955995899
-1.565854392489904
