-4.1030247603015875
1.628104682849349
0.7635783416102491
4.709233413956002
-1.6680541735867567
-1.5878088805741917
0.2744153139155097
4.416171607132696
1.6085435544260096
-5.583404344533567
-2.1083007827830667
-3.8501085462019926
-4.115927019612291
2.369832107308582
5.627618530244239
2.9594702671100843
-2.346090795186389
3.2821318845050813
1.0092114731501112
2.741236949932609
2.197203802616198
-6.238524485964145
-4.15585122888436
4.163651432877575
-0.15625323926928616
1.3942674608747136
0.7123452208855535
2.016404037931536
2.789246298262853
0.8587652103156982
-5.1977935599521
0.17563094210184926
13.577667637527304
-5.307646510490163
5.112573574201541
12.25170687020016
0.8385347780100609
-0.9053066757323269
-4.180112072245006
5.754129204079112
-0.21128159802047863
-0.221760355589365
-3.1263634123783577
-0.9098463567122221
-1.8982432016200008
-1.4450512943783118
1.459896409017192
2.767734222532372
6.788939845988526
12.202833840754929
-5.024969189075168
-2.5761273038457455
8.157194745639815
-1.6125238210474382
5.609114259418309
0.8877290402745642
4.289039705781411
0.6957601763100851
4.4946126752938635
2.011802922581627
8.87544893080127
-1.589123301783438
-0.05015271983924386
-6.398696740413692
2.6582676259202254
3.37285336472711
-0.5807548384548842
-1.3958266401185355
4.0074670002997745
6.230130916656865
-2.5442828514973885
1.3773376738120433
-1.8508982300667682
4.823053225547055
-1.8990999870754348
-1.6916465131567098
-4.99155527460066
6.19817284902027
-2.0860801251832655
6.792616894860127
-1.8793443488962427
8.286488721356871
-1.5323661416763876
-2.5143891183659517
-0.677366528958097
-1.066307369075957
-0.10710455831894879
1.3679862774192904
-1.4201517231151743
4.871903934603045
2.771782825197766
-1.1110810789574057
-6.635800913173796
0.9575562292475466
-3.9120376805132375
1.026399174009652
-0.9616488561367266
0.5850479782723881
-0.6119240682001379
-0.8050588494824794
