4.429885983248768
-0.7588106172319355
12.783941701567992
-0.3828709926010172
0.4931743272272565
-3.291411744727668
-2.872061516717064
7.798919950290312
12.70669447318508
0.708187185010593
3.856159125778394
-2.589157129621773
-1.1954536675202418
-4.694959059791536
-1.7278535280951333
2.3101222095923184
-0.7996308356676916
-5.871774939647938
5.266079779712379
0.31324282667200626
7.7619299052423365
-1.2595038018270186
-0.5532605175787544
6.710311777890008
2.2354203092178233
6.807535114833041
2.3147759542511275
-4.025498759767045
0.020721452721494255
-2.871190222366235
2.5000208186580974
3.4388767191112857
5.8147713276009085
4.246996228151057
5.438797785044673
3.826908494791834
6.795552447319362
5.611261998839897
2.363997563683989
4.80520398773431
-0.9474971958214806
11.838896897081867
2.816661639288763
3.580378460850717
0.42330199103063526
5.401715493281403
-6.345805866104528
11.41333900954892
-2.5654004192724127
1.9132765029524055
11.858404414031597
-0.057882928046830956
9.801192303466163
-3.146243249973552
5.806288328685044
-1.3379817647074521
-2.919721489799384
-1.6003732638482804
0.4775489164713601
-4.789242722043449
-1.5342101880078356
2.711356913053385
1.807230291489221
0.16385306573909686
-1.8491371821211828
-0.8009760179455743
-2.7905388702698852
6.586402614915609
-3.396496276694835
-2.946611091165015
0.06757266798899987
0.0374231755034577
1.9821858470243614
0.6574554548855321
4.9914269337401524
5.216047855006298
4.165155208406787
3.093164114506587
2.1187304076890876
1.2135792376816839
-0.708514156880568
-6.846917226259204
-0.9884666662517638
-4.975461664126224
1.9757746281614996
-0.7847054580025804
-1.179780557936757
2.0066460445837353
-3.0966221989776184
3.49949808050002
-6.9054164118767645
-5.655706012967155
5.616931592914186
-1.6144865005720601
-0.9636612036102361
0.9549121363499171
4.540886622497309
11.87311970599852
1.1329028859554935
-0.22570015684803568
