1.8801404425604973
-3.9370860421942115
-0.4249358162449695
-2.3535758104936884
5.54142115986464
1.1256162377234435
5.616220795623166
-2.2256065384232744
-4.162256501095776
1.9053922984849017
0.8639487395000858
-2.5008536563628407
-0.546138268202948
-2.99131536754474
8.488846496255645
-0.22243567038110484
3.5204311055894
7.620461726429792
-1.7771565896844854
1.4298122812414937
10.223265166094045
-3.159852956323554
7.199812234457843
8.69772480999081
-2.2578727667544785
0.7760734310760566
-0.9454747652734334
-3.7958774783073355
-1.6934827164058361
-1.3745928069404254
0.6502459504587725
10.004895162783411
2.0868139537646875
-3.3815004395181028
3.1364657314721995
0.3055212096526951
6.914863726014959
5.4449520081087694
-5.18135233800432
-1.7030862433609366
8.74653526866625
1.2094718970117275
0.82866791624691
-3.596989705442914
-2.014694088066391
3.8507261684550325
-0.41691576998961366
7.42148967307536
2.151534583166564
2.0469031409622294
0.994885520199708
-3.833951589391001
-2.688676815028709
2.1420498106064594
-7.222355706075255
2.476476165093769
-4.964437546881392
4.304241497930189
3.6246926561630977
-1.227693923354746
11.538749906558998
-7.405393706847869
-0.3560661855469349
0.10099136904570855
-5.484135576322893
0.21938414639611403
5.0768293213333475
-2.127319301070256
2.057721468861895
-0.7204836099922286
1.8680076084658541
14.218945450064819
-0.0677081361243477
1.3382524687041557
-1.5224191193629484
0.4999226851150328
2.8225848506378295
-1.9979725294317912
-1.0803939612374904
1.437132506883637
-1.517124593714926
5.936955320791492
0.08372019545316361
-4.718082576055586
3.994406472740293
1.9915489033805347
-5.032149044592389
5.4525066858542255
8.713148268199697
-1.9025972853469444
-2.91941498891339
-3.0265925619472807
-1.627747583615632
5.239998551906228
-1.3111017953967556
-0.1284975839709758
-1.4307378582177654
8.559020326615805
-0.6939215760415316
-2.8186602004443513
