3.315433661060948
-1.747882041832361
-0.05068449225462475
0.4148057649547616
4.7103004479868575
0.03837665181655178
0.5017154284627802
-1.1521517721074708
2.9110086455264375
-5.659167563539502
3.411214803145228
-4.862959304480311
2.4062331894943734
1.5520622677977371
-1.2097424066979814
3.1274724157211464
-3.2093073803476186
2.410544462226424
-1.805117133061291
1.650711453457809
2.4468546002540554
-1.5594912001992933
4.677541912429307
0.36332188586385256
-0.8455804451172113
-3.5082846635492038
2.907655048477991
9.566154512305829
2.055644143155077
0.15727369348208836
1.4059249570913321
11.454293833568318
3.073076766689173
-5.239687066534971
-0.9098239873873178
2.181082478863
0.4486718042147282
-0.055406309092894235
2.7432969004851984
1.504903842791958
9.294468266599345
3.294772821873309
1.2423805813765334
11.956084342192579
-1.794756864123689
1.0523251168047791
1.9828001913765358
2.7789607379012597
0.8347590868062881
3.66026378567778
-8.572985656578599
2.6359893385853383
0.9666826192259326
-8.77184781329764
-1.7203308837007911
-0.5293165285981446
0.7508817802367691
4.839467230810859
6.934132561233368
-6.219870950612837
8.28844210052777
2.8133901281648455
-1.5751035137254288
7.208254882302312
7.459148287083995
-0.8922270623572858
1.5887131431991768
0.27147821426058455
-3.338923947099164
3.1854171740930104
4.9499689195414405
-2.11482988193434
1.9479463694338541
5.107883679895512
-0.928935412676268
1.5560882619408738
0.17774777294528615
-0.7842814188447638
-3.2283686837937218
1.2278123341363667
-0.14366895669274507
-2.8132135863162997
-3.4139729117033513
8.818715695795152
1.4918507285725562
9.2888599612336
-1.3849737659044572
-1.109283774545871
-4.163885442417686
0.8028960260990442
7.365587917793043
-1.2954414469332345
-3.3583850303647944
2.4737665335970145
0.9598090786367972
2.502504933666898
5.0486459552807705
1.926513704501569
2.347425711122976
-1.4015382924109518
