-3.60322857105394
2.838460303851593
0.637771415326453
-2.6867488389993985
-0.735171856980166
0.012709257604810774
3.1088986566478276
1.7562186985274537
3.3284437601694314
-2.5501107445182583
10.036828833051716
9.580523065882119
-1.367895745990795
-2.0499733469220214
9.622918551396914
0.03678506441039818
-0.3478591613530699
-4.518660563667972
1.9721380414114673
-0.4136318713939904
-1.218717501439806
3.8570915278711824
-4.311706748786177
-2.176798856034954
2.7456865427722477
-2.2389497981323006
3.347567020206264
1.6694963682576622
-1.2908999469810618
13.380653263639683
-0.686207449517254
-2.3104976978556713
0.9151522834632737
-3.3890018843159266
-0.9005539344135918
-0.6243006339375716
0.40666105380695583
0.9583696144897589
2.6761765192993643
5.59782042811339
0.17157592401617533
-4.316676282149989
1.2802834127120863
2.8588477376728463
6.290758636755647
-3.6544495660603564
8.272417171761626
4.475954360250683
0.25581529441524187
-1.0267918560052276
1.1091792485773688
-1.2560731099068017
0.6091606767920866
4.587343866402033
-0.1808049036078136
-4.140163443384592
-3.132248181028896
0.14215937631600764
2.3729621696995706
3.472534056297216
10.226728398603974
-3.672851765053619
-0.801045780647453
2.9775620516724577
-0.0678176320955323
-3.4214800010770006
4.568260260542046
5.252080369208904
-4.7728492902907815
0.3002277033351197
-3.935877599182297
8.479072501860614
5.234882674055548
10.5897421556533
0.18993610350068052
5.118930418747837
1.125030530878497
11.799618779786487
1.1082372224147092
1.57719478884776
3.4773799281651345
-2.8389651208065274
5.187360225420793
3.653985419587106
2.923750708939701
10.14741276672271
3.855777055175407
2.175440235531539
7.537244082546534
2.072070431456627
-7.007751169332742
2.801159978381044
-0.7634491147510556
-6.825189843879415
2.736842326195173
5.151003260282248
3.5456585009807053
7.4824754719904725
-0.7084771964452972
4.691296257320468
