-3.0055350663814497
-1.6233402224309672
-2.0173299712915194
1.2377652088277773
-1.0522045269980023
5.118490551928474
1.4067677417158215
-3.408501022555547
-3.1869595905977572
5.580412531535905
8.452337367415682
4.000562942860363
-2.6778093292400076
2.094699210655242
-0.4733145870887826
8.28715699488746
4.7791917978575285
-7.190755581585403
2.4991265883985503
-5.596345087510853
3.638834064696276
4.140181873108114
0.9104912568346732
-1.9440652009061363
7.067893392381327
3.1672992190561917
-0.837917304982416
1.053710824044154
-1.1104009163050883
1.8093106221222928
10.6883855684869
-4.165119004252389
-5.713144308982908
4.596200913550255
-2.813006307928941
6.0772118347375335
6.0658744712299395
-0.19177959923807464
1.8957755893814945
5.202459141434292
1.513076689269579
5.562999613894881
1.5746706003590054
2.4332367724117927
1.4162271663879076
-1.864047011312103
-4.613589791191262
-1.4756473458228925
0.972651020691528
-1.91363175689137
-1.7799829202075852
-1.7116274277325028
0.7061528194747807
-2.5432870304377144
4.082556465267695
8.008746557869628
-3.030136515896576
2.6746695749849234
5.366184892451846
-0.8990503635174067
6.01322117461467
1.574505431986878
-5.082932621685973
7.221639791035761
-0.20060366664477008
1.6855804088135233
4.229504881540365
-0.5178610124108844
-6.535745019621524
-2.713072819311205
-2.2356815680120206
-1.2398148138663312
-1.1073520818886826
2.692664057259975
2.9745691944349906
3.13228884218523
1.0916109924163058
3.198920221359608
-0.12897376270430091
-0.17486696730205115
-1.9005307008836299
1.673832478916565
-1.4033715005123022
11.464667954400944
2.278545258510185
-1.4861174655509886
2.697253768488517
4.993027467175159
-10.655150183451351
2.2378884350402712
3.0136754096159915
0.5774149076868841
-1.8097269443208095
-6.392226418925424
0.13898895181173615
-0.9970042297913102
-1.2120742585575608
4.7697779406619105
3.5925618611389405
1.1312605107105635
