5.4365598323211035
5.740154481427245
3.782846056526516
1.4699986175072297
2.143787706938123
-3.2038787024391806
5.075917899640986
-2.01487775246789
9.061088133358224
1.1739645205587625
-0.8450946188670067
-1.1329471708877825
3.581414872814027
5.97050294821873
2.5627270403762
0.6415666762196144
3.80880904735423
4.643675818685307
-6.652124470407911
-1.618448700545853
-0.7554749422556664
-2.3489637083364485
-0.9572477073312422
-0.8286552459457852
-3.3688512123964935
6.653024949827545
5.446396012178669
-1.142525756145927
0.9449391348697911
7.184391574256724
2.575536496470819
-3.6746709816724126
-0.3599154444279548
-2.4368415624149837
3.731697806474304
3.005194055522086
-5.855517339344016
4.36786440768841
-2.106023276166187
6.212956518855232
0.7769293423568217
3.0062728753128263
-3.959932046150742
0.8523372345966982
0.22128125343535626
1.2948220478625678
3.5202314537082886
1.2917551635092008
-2.8012916810779487
-1.9197425814313174
-1.6755291294347892
-2.368958682452312
3.502553727865875
0.8619334336305717
9.575626637276393
-4.889382288541808
-1.163902919332021
-0.06280156185931651
1.1738082632571154
0.005838257924554138
2.1854290434604495
1.510800305651812
3.8890314924316263
1.4955764403998648
2.55196176103525
0.3599955581648692
0.45723572829262354
-5.190291456272595
-5.430666785566297
5.249764043937972
1.3210082810581554
0.6064905880181648
-2.4433185755983464
-0.3517783163104675
-6.115920612585834
-3.7333571820136324
-2.251139457554502
1.0862224790674149
3.133671952412692
-4.676255086627554
-2.887770848395667
4.7913736974497425
5.33841703710347
-3.462162104542836
-0.7809218157971813
-1.8370544389707195
-1.7255062167972617
3.098509655557513
1.151516740315971
0.6285554453028668
2.158575592717358
-1.724306408211124
1.4667395016476554
3.698787743476856
-1.0916977021916427
2.5659840089023147
-5.192842363771307
1.5431746198667442
2.116856420344977
0.7760801786729863
