2.4435005040714426
-0.5410154367946067
7.880691039854597
6.377921737398
-1.434438364387524
0.40673266240300743
3.126563262224868
3.586761550515263
3.555030013845176
1.3679863083731867
-0.6593884676642101
0.40755721686371216
0.8443101824165512
0.6096114287182101
0.6834440053467611
-3.4975070202191088
0.16908885154321132
1.1593337226573197
-0.8146739038793388
-2.625620733845038
-0.6110674518580509
5.80539187292526
3.4714229205528375
0.1857579893489614
1.1758702219886579
-3.178327393115722
-1.7811525988694077
2.1087187982887707
-2.832356871246347
1.737668050341075
2.3486982150141684
2.2690173795243167
-2.123216449789686
-1.4023406375308103
0.6949071870264978
3.930401207343861
-3.878981688927991
1.3782606124524872
0.32823345836066176
-5.007287852890814
1.13462457197787
-2.963415434396674
-0.35492495363239107
3.1736767200389147
2.7306726728200474
13.093743580462235
4.926850122486989
-4.889292207655697
1.3553579958383637
-1.6626597372180907
12.173073268265547
7.484997480481325
-0.23756221950058443
1.2288432895618777
0.3408677422212054
-4.215838781534886
-4.830284898704999
1.1647183904163303
-2.752320374289162
2.218956429624643
-2.3887400334428017
4.3463579779844785
1.0543525229357922
-0.7047451910357226
0.22218179920642295
1.5434282613597077
6.3899752857537795
2.6467271147882405
2.53228068350996
-0.6362650584119243
10.098448829990764
-2.5947307486740065
3.1522011642844108
5.794871854941579
8.683152576764407
8.061159107051388
7.466078786354758
2.116396956052778
2.3283345339677957
-4.51471888322401
-2.2138703721156134
4.047168825820069
7.560406757726011
1.1139410390403954
3.3116515079807196
2.0422794120489725
0.28432123754076477
0.3260224515676592
-2.5651385706011514
0.6899344651882509
-4.36648697004102
-1.167108771462809
-4.672089100801889
2.7312816479453557
1.86257791995303
0.6828834269776116
-1.3161792019884637
-2.993603551120365
-1.1852759020772445
9.412292089425591
