1.0290834570548615
5.501942534204962
2.3809394442311596
-2.009665362764728
2.6195611979683115
4.088101793760909
2.5501479728305334
4.649407287217188
4.923510050250446
1.6129087808620433
-4.006174853557676
-0.1537698138167326
-0.24831824175158382
-0.35244708006417347
0.8445180996342416
-3.040595398248138
2.894472029602161
3.8215800148140824
-5.69194978850596
-1.8970373095684223
0.4796574753198874
-1.9552002489932567
3.142471652351845
-0.8008017855243459
-1.8214427516575054
3.482406757319165
-1.8441483337125582
3.317862574489323
0.5786884887451822
-3.3926698560318904
-0.2056001171467991
-0.49907136331247354
-2.547294759841715
0.27695668037628485
3.024255475142726
-0.1184190530061159
3.479097714396895
4.143892349777457
-3.163985245977774
-0.7015362578120345
2.610213347579063
0.06311174323797863
7.95309895041822
7.269998453050133
0.6062366532996264
-2.3411057704971827
2.6773948507230276
-0.3195730412347846
-6.096490975697151
-2.193587243718346
5.034897903650531
-0.5730419457487844
5.936088386432692
-2.41643299826724
10.131380784676288
10.243350915906765
0.5166062501470289
11.33601834847683
2.733581437896349
-0.2229726311855504
1.884633749598649
9.502735761140716
1.8550637339645397
0.20868507689941806
1.9591162510703328
3.9279303056450505
0.27084664602287334
2.1891808603167955
-3.9607629230425125
-0.25371952062117137
-4.118925467670786
3.042502261567626
2.592582025390215
0.7847412367624169
10.249311493459222
-7.354688807543395
3.4595645232353283
-1.0362145021316378
2.3382418247691765
-0.689950059898712
-0.19893846162880285
2.1518659524517587
-1.3484726796653965
3.829144295186209
-2.43242433553297
-6.422170891244635
3.4154525472838086
3.02756400133329
0.953868758646
-0.034541328897734196
3.2131048742711377
4.635389090552681
-0.4691235610233563
-0.9858728504921883
3.5976971682886782
-1.9305853487435332
0.4353567449321746
3.9995311902228687
-1.5444262320836903
4.344080123032352
