-1.8194582884014352
5.771906714515499
8.543559972331106
0.2223403568893801
-0.39342581500103296
-1.9903568561146
1.3996512333129791
2.739034244342362
-1.1137504327505523
-0.551596399624943
1.4272983140463875
0.5051340683586211
-3.0377431207477477
-4.748613218251665
-0.6066941082223866
2.116429319625428
-3.0078844664893287
1.0904493890882716
5.915688668841302
-0.7643523493683666
1.8299269815293147
1.378281582165204
0.8754608465065044
-1.6142062201153893
3.8093564000302047
-2.8688538760503084
-1.7351186258777256
0.8551989299296363
6.1451242980312255
4.474880772229345
2.271170166995489
0.613889848386024
-2.2209346445082137
2.7984990584382468
6.181200352931711
2.216568878128766
-1.2293609157743186
-4.23404393800801
1.8068144799798287
-4.783908307400139
5.007546872418307
-3.6158304451683136
8.649842663260493
-1.619486742195101
-2.6213551173073997
1.2284829055051678
3.4528048056829954
1.670671754827771
3.4815202178739146
7.523651521837831
0.23678995335043046
3.2096888369893435
5.240771286248045
3.969774141924455
1.8582338404796077
0.07276836616682027
-4.832503297837229
-2.0955480610979302
-0.7191677521506356
1.672550043194427
2.6243701561802553
-2.378158137163352
0.2759830169109303
-1.1140213389626414
-2.398398909112995
1.2164790247258639
-0.6139287372225419
8.071189006862003
-1.1181616403338976
5.2652860460531725
0.6003105244553133
4.114863301814489
1.898362182803456
1.3884673977628028
7.350521934140121
3.6520194143648133
3.2167101007007872
-0.21956420604840893
-0.3223878011016857
0.12666431267054418
-3.3654285540951614
3.95506299572665
-1.4479239747424693
1.4534623994835143
-0.22402337595507454
11.928989848101082
-1.8808706741257906
-6.396205368746466
0.0258715743957256
5.322648534870331
-10.292384024693968
-1.1014751575296418
-0.5136997224257042
2.036259110414898
0.17016004047857286
-3.4708919973438643
3.049656816263278
3.129782971242198
-0.9491155861647392
-5.221263565376386
