-2.258705307124737
-4.027569844784526
-0.2767152496480502
7.531447111614664
5.9013903565211265
-0.37521983488356003
-0.602103422844766
0.9581895975051262
7.84237672018579
-4.901322537530916
9.80844606970065
5.0450258223139395
-2.6509448418628425
-0.026312895594871762
-0.44224673880788146
7.34584031642968
1.0759391858712568
5.087529368392468
-1.4404222816983494
5.274411887324664
4.725047952539225
-2.178351363599254
1.986998382458377
3.546539203752146
8.5604881153874
2.187151955015687
7.074115198452763
7.266563836189888
6.749176041544735
2.4531418468592143
-1.8774834301203513
2.2044491388423193
0.2494789163889639
2.0774599971025705
-2.3291434566309466
-1.7529702693391163
0.04238721198710423
-2.8836191929847517
5.056930376883187
-2.5615187019381187
1.0470081230103851
-3.300815791801576
-5.408855414303671
-0.0675699586917714
2.5036755684949092
-0.14233251191058077
0.7348256911398914
5.609320439023948
1.573564592120145
2.819250811077066
1.1542105091350834
-1.6406249284915735
-1.3587260486309205
-1.2706916064170255
-4.561337501859532
4.229692964953559
-3.8892337604936484
-2.5948345946422585e-06
-1.6299964308674508
-0.46470187573407773
0.8168471031948352
0.17207665577608997
0.14358529506721215
-3.183259717937231
-3.44338883985959
-1.1763883313979886
9.82424575861957
3.4814458912216084
-2.2774686855697754
2.736396250133526
-2.0717600828240483
7.766350274489959
6.921193507471182
-5.403341972079262
5.220889053161847
1.7443043219795473
-3.869102718256112
-1.6970952136952377
2.8545259546883908
1.2553747545848015
-2.8766143182965025
2.3311119854426434
5.276904389176672
-2.5993942176702056
-3.4838479109622034
8.108255086724885
1.339275861382072
4.722535190467955
8.914428123777881
1.9771575925909173
1.3160779822573774
6.189753171588395
9.03542685144945
4.160907328689683
-0.7230598905645058
-3.8525230634888574
-1.499392820994923
2.1571139725612514
-2.1467658063874637
0.5125811549240166
