-9.58368309931441
-4.823028182083048
2.209450005249743
-1.985731924489064
-0.3892469518361719
5.23946268509004
4.765095738259209
-2.009353276557837
-1.3737463660188252
0.7224394041739832
3.077567860318049
5.256537366839853
0.2603319668808507
-2.817082772614408
7.415656986708941
7.543464436965442
0.6433882072270086
4.435576786429462
-0.6099014133119818
1.5356517527701508
-4.468684468778532
-0.16421852157578767
1.4581079604393188
-1.9970809941330678
10.814942461756257
1.2752617700228521
3.8506396572887747
-0.7695708801464429
-2.154364541990535
1.9511908720919786
8.455081387163444
7.313151327399247
9.416127827730008
7.009127259961933
1.0149120644258829
3.9737609867128425
-0.18501806805258358
0.3713302934637526
4.185912972548678
-0.3880799882781657
-2.8202627091370025
0.3925221908888529
-0.3507660699837849
2.751962462019252
-1.0047256595036962
-1.1452120470717004
0.3719219350687706
-1.0013297754194692
6.812508028254401
-2.6469179509211935
5.096014316904251
3.149193027966497
3.680070720016353
1.5418018132658928
-5.320427139587986
1.302412595794217
0.36307276059055704
-5.336752558125135
0.5264719362144268
5.723225563834257
-0.380944577350794
-0.10560710801366957
-4.8866401374898505
-1.3937453114773788
-0.7603171844787225
-1.696720707925185
0.806886529983561
2.700998441050929
3.7523174886665873
-0.9233378802724348
0.7979093073016383
-4.362248250371526
-2.0484682601830726
2.0148399396688808
2.179404813246872
-2.4620297758843366
-4.537702234308373
1.3062161026047419
-2.016145380865847
4.073034480781816
-3.418577279048561
-4.664696776496837
1.9477671966699672
2.961834712325996
3.7158183588357847
3.6510440834014064
12.729907713686812
-0.5802495463036386
3.9531140105490032
-3.0934991886990577
-0.9608006786614807
2.006410787531774
2.9951761531396204
8.397784313078732
2.3809369676952064
-0.30658544852188896
-0.29771860031113045
2.0349646893274054
-0.7045760877442165
1.9049127539648292
