-4.690933166678727
0.34481476486949225
1.7084562002709074
-1.3046837029374792
0.32790822790696317
-4.314603894558774
-0.9983727765054389
2.098462902777183
1.813704490543838
-1.8867085071597298
5.512863111853801
1.1971045865313616
-2.944239436850077
-4.660761827319936
0.8159738628667097
-5.508508772004103
0.7648824188003512
-0.8201677855155838
10.003443562946599
4.760242639027884
4.220822569551002
0.5154882664178088
-2.8195986037876546
-0.9751072756465882
6.047202307933117
-2.9103660471502506
-0.16858457770601099
-1.459590485241884
11.636950914650953
7.679258630551924
3.2235057736975055
1.7498153827261387
-4.689934877961396
-3.5982379051006044
1.1216004687954992
-0.569812532809421
0.7741829578227036
4.329266931111131
-1.778110113559951
6.078317664107319
3.0788569188046035
1.1623161902446046
-1.5010752226486503
-1.4544802158385253
-0.8486998382740387
1.9960461475227476
2.977480623944703
6.76210997584495
0.6570318410990537
9.542535831643537
1.1553496903603209
1.58190779237772
-1.1987390219660359
-3.2021732441170077
1.656683219870743
-1.3654022485549753
-5.549360689719636
-1.7129487527542102
-2.32325188771665
-10.271329396582363
0.2403324850113221
-1.7512843100632465
1.5607332837117998
1.003145523275114
0.5647077682146322
0.22636838817139665
7.74461359705775
4.903334705153503
1.0914484549320707
-3.289170892025451
-4.113216553823502
-5.132988781262123
2.3462701468837146
3.3157026767173616
-1.0852056058787694
4.740986008383947
1.3928529437691453
10.714827777970102
-2.0894860609833095
3.3915643881347095
6.119673290183541
-1.7376952915701498
-1.3999258341415366
-0.6235317015124454
-5.467316125563087
-2.407638673102508
-6.569044155653817
0.14122108269648853
-2.7739275090161097
8.856776096833968
3.5077185912222775
-1.7235333834562523
4.2679368749322
2.1392498448068844
-7.814250108849086
-1.6212737078653197
5.5554993162818835
3.1324542838114517
0.0947540112824263
-2.218758059673502
