2.6932532008108705
0.886711981873725
-1.4135005059460122
3.9611269700959606
0.03142960525679502
-1.6788377983024676
9.109936229487534
1.161866334885925
-1.4578394639579333
1.0242064262837336
6.525412845736309
-2.206279198785058
2.5502781751009067
2.44693629765368
2.000697090073446
0.8864370321666448
4.616569036366476
3.688466094388376
9.890244977569905
3.3286882967613196
0.6131604521828764
3.547819804561983
-0.8724752451086206
-2.219078176418415
3.255023238584023
0.5365004769714428
-2.7950089575237267
-5.88045319592362
3.222288333280351
-3.096584660906287
0.27325315283053303
1.0526305900373996
-2.7192356661355697
-4.096173228197779
-0.15421353455841572
-5.074200759698028
-0.7109774850129085
1.199960439137016
1.0241283288252412
-2.3438291651977803
-5.014318213860872
0.5169780805385316
7.544307549612523
1.1799955975265806
-4.291740632533495
-4.774953424452926
0.5251264294184644
-0.22865232211735914
-4.1830074311199725
-0.33127764517633784
2.1661930399648375
-9.238141005291247
-2.1855153444101165
-5.257271058215212
-2.6692507666112317
4.786002445175445
4.787454140982034
3.093859046695729
4.343851080866292
-3.1122651005788806
-2.8425721004853006
2.4577119024221505
0.14568301244295845
0.18782890791252205
1.2365987391575803
0.29940204565141665
4.31416470007675
1.922722435649894
-4.675045214626345
-2.4309660668272612
2.7977090453893236
-3.6978362719701403
2.1434606289211784
1.6672071980592928
6.069812827376884
2.0099429979675523
1.43087288942316
3.4472015968651952
-1.7680487985467572
5.3462984289259055
6.958187999071142
1.1051159716020098
0.5695556879054746
-1.6543822570574447
0.9980556722175091
3.6741479862488235
1.9438336392023023
-3.9283513546167956
4.293105947503983
9.239966538536073
-6.262937291640675
1.84722936745318
-0.832399887517717
3.6244885877059927
4.22992355155759
-1.505806089206506
4.080285844044446
-1.3905693267572579
6.563063384534508
0.864654063366324
