-3.68942158725398
5.574558853114559
10.78193088806358
-2.334917488458971
-7.517442864533409
5.774320150701926
1.012635204136867
4.306042691513239
4.411493918151912
-0.9131202362887336
3.5405688701584674
3.6342725385997423
-5.2165196011479456
0.5757076313086291
6.342263637507403
2.7451929643702915
-4.502020228372266
-4.441650873625298
2.7222451576215296
-0.955694026125842
-3.4037982866060306
0.5297946182145501
-4.115627481415971
0.7675751127788406
6.962869666497691
5.538398850945847
-0.5510206383470043
0.7885277452487411
-1.8134633812173
10.706810069187025
3.6992723072508404
0.26159403777340556
-3.80920131815972
-3.7982021076160937
-5.440907300976003
-2.1029281836114597
3.85746482587626
1.0044877165752322
0.47050781674914466
9.937240489914583
1.0879293970099482
-1.8190787010083054
-3.786760066508713
-1.051635160707801
0.8290821653910858
-1.394188541966293
-0.09767684649688158
0.9254378568348438
-1.84314598113649
9.044637218828761
11.20392725924658
3.8725833415925957
3.178961643897646
6.072482955437927
-1.2199537773314582
-1.280940461066711
0.8074554763510142
2.0314525235713705
-4.617660300938255
9.685613822633128
-0.28358394190029435
5.349416629399935
-0.16396640323419515
2.8910195714852134
1.3447999133349742
-4.65262258910383
-6.494264636648387
-1.5882082163094733
-0.7067907427843413
-0.38178546973657557
1.7778052791454249
0.27085597105803544
0.7644627419730831
5.206512733129477
-0.17873558081655114
2.0591744395924216
1.6930213416093212
-1.6109190754611893
2.4388375148440993
2.441409701539502
1.304136299813288
3.785436276116997
4.407911153738839
-3.080840858641929
3.6463661827028826
1.0518338279506867
0.30787732201905643
-0.19281470592081879
0.0011250445915061418
-1.4757513552535046
5.2883723902539685
9.43845661043197
1.3871040034790165
0.08725134770933386
-5.011556853437046
2.7977058796443868
-0.6634653827749538
-1.5413335378885007
1.0050657151595956
10.626375442953329
