2.9984397864994925
5.307380792935638
0.4247339293428509
2.8719593737658338
3.55763751918715
0.4440340287938699
0.23672663828516405
8.411323294784049
0.41421128056847567
-0.43178507248946085
2.3205123153506
-1.7989787777496509
5.228170507904927
-2.4912222906322303
0.7779898425915239
2.126758488749584
-0.9651357283103001
-1.5165629148041448
-0.2805119210705974
3.2498855260703277
-3.164035944764821
6.5700812840843845
-2.000836907807138
2.860082963181518
6.229795245813851
-1.3397898591435726
4.3392839608096105
-2.20372650241191
7.59172371634434
1.3365529577150808
1.418871628400595
0.2999820472174839
-0.6034264378858561
2.0813695770685565
-0.3977278857825768
-1.714634585130522
-3.020723870837781
6.36513901765082
-0.9111879425152234
-2.2786478935194387
2.6146190167720618
-6.710165224558747
0.8029683710186165
7.78834933919226
2.919845312068035
0.048810965920639805
4.004547691043706
-0.749111379352295
4.436630074886099
10.709428866024247
-1.2907571245014273
4.4530488397725065
7.251071752445169
11.590795513564132
5.113137918474992
2.102072843518856
7.504707882249853
0.6975708803858218
0.045908026033497626
1.4474022204011778
2.5410884347187737
1.9684607959829674
-3.331234209721266
2.4642245973631525
5.839814749810042
3.36079279663387
1.6635322955324643
-0.30249732225825376
2.4552790611202733
2.719777321030761
0.3677268190028464
5.393312910947377
3.415524790236768
-3.1749140922063153
-2.68842081704347
0.44200519970807955
1.539074110201987
-1.7777720817056364
2.84288712133411
-0.3412597985993645
3.629831739820901
-2.052894657637167
1.3596825026047308
-1.1137382620759302
2.287676867125456
0.047098324298454286
-0.6879978973181641
1.4031673348172
-3.418156332248323
-3.3942648065370813
-2.287042991136647
-1.2416085211423327
4.4143563482852
0.5124648140382716
1.3584117345934625
3.6196623837695867
1.026187995886516
7.984660823487729
-5.085048330899341
-1.9529484998851037
