9.567880485878856
2.017138736766003
4.923819963977267
1.3806875705947095
-2.74950017437536
-3.6151249349255714
-0.6695557748124685
4.396717477381307
-2.719559126022799
3.037085683135694
-2.933933063485119
-4.420943345946766
3.7464423486208664
-1.5054660133913744
2.433190851285129
9.815307825284675
-5.088014371537303
3.7541365658767107
0.9107770044264529
3.201229651687833
-0.37477981646210423
8.225688550073581
0.9787723368572666
10.579569605268238
-1.020210659681708
3.698646840932297
1.158952347295375
-0.2260825772924363
-3.3068863306270306
8.786632451574606
8.196920371360632
2.639378368741589
-0.6577164990860208
6.073251455654312
-0.6350806447154728
0.18505437909707362
0.349581523888967
2.616011585702156
2.9468907508747204
-0.013934309358499947
1.1990675654078782
1.374449210540185
-1.7847103822975048
-1.0976675943005514
7.374834211913146
2.9295678730518713
-3.600221942924513
4.124023559705568
4.136101080254996
-3.92253020379012
1.3456876930353285
-0.5639371818653757
-2.6738224681198957
0.7922893848764072
11.319958530639905
1.5609451667571417
1.0127397038792036
7.446317416051821
6.323168534123091
2.9518141706240346
4.174879631027025
3.8787324616847574
0.32566625522375403
3.9578351874181603
4.2428788600582275
2.239901769698107
-3.296516070643717
-2.9735236448280604
5.408533266711979
-1.079426367963106
7.984813322605256
7.964099865068693
2.026463476091536
-5.340400166180416
-1.247401919666537
-0.9685472872198562
3.409283060429459
-1.672590383074008
-5.485944936046748
3.2086179524543716
9.692344389099471
-2.9947051273882046
0.8083076679945405
8.918058016400721
9.27256612601738
2.4107292361433688
-0.3181850198398805
-1.7444400270019518
-6.570994062617155
-0.9182600714395002
9.179456216866942
1.5714688727093125
3.5707595019922365
-0.40336929581362624
-2.9293501164688975
1.0557569708601715
4.676111436968063
-1.020071170178336
0.00577582501731196
2.069176004562498
