1.7066706975018187
5.581170383559042
1.6175807660639865
-0.4985953832275469
-4.0434939495562805
2.220648047193465
1.0375430009929256
0.08745861771646965
6.500312744387091
-3.514073652161701
-0.5520445632721509
1.1983701756438767
1.9312770700965052
-0.44377352693545613
2.023728824147087
0.5316354938072291
-0.9619231017250798
-4.514171119443985
-0.2702645552038971
6.250965269733026
3.509342072677224
2.547538675016149
-5.749721667370871
1.3816794350964752
-1.8300807564837935
2.539389149672709
3.521315271755054
-2.5238768606253865
0.26282004906062306
-2.2957310547364314
-0.2107019456702896
2.2957597919986794
2.7929194885562767
-0.36913518545667845
4.71137591951079
3.578747316739277
4.7527029170678485
-0.1225355332633544
8.067849277098555
3.515300206722954
1.9354075030801363
9.071441792270369
4.309970756286489
1.0608779274647975
-6.097784545840362
1.5460500274115625
2.187919579842376
-1.2173914497431677
-1.062361527083535
1.710554403846361
0.19606549395012413
7.175635606215343
1.6636810871731909
-0.07022671641125583
-1.8015663649422056
0.5232746497410953
3.3390661006710385
5.1896479760449346
1.2595650256648847
1.5590302999728167
-1.7209358563426513
-0.7225834934085469
2.4283430655394724
1.337842638958741
4.72606098634129
3.3926744713285384
2.9829075052107012
-1.7015411060871186
1.1610821742638944
-3.065067365153424
1.170976640157139
-1.108886288864054
6.828352419993312
1.9030515507192138
-1.2229097152845296
-4.997418939530298
4.822342027393006
1.8029118294060473
2.278878678945715
4.445996459339751
2.8614558130955237
11.56720305893745
-5.732203630443608
10.99448656772571
-2.74155907689987
0.8601685634930499
2.6346026896112376
-1.5153932421509806
-2.0626669135379436
11.27861515568389
3.666557905293108
2.1998744344271617
5.631152520149936
7.839968267673942
-0.06420362689873362
2.6372151141159916
-2.0351985415087563
0.28921603567988025
-3.4759600241091113
8.878467944251394
