-3.542749780707566
3.4177036204293447
1.907171637344733
-3.923967234458064
-1.0931372644133455
2.180696379012542
1.5597275334117868
11.869447293243162
-3.27652421763601
8.85750558985281
2.548276824665408
-1.7309217830566563
1.4163566297601418
-1.9890403841636322
-0.7120885942020255
-1.635832547950121
7.14623079657575
-5.0633261409723485
2.443565361148109
7.049828057774741
0.09809260114360925
-2.4649866781764445
6.4999828042552386
-3.4579934971650665
0.7880569102725232
-2.644206011776875
-1.780654929485747
0.3292325247918569
2.24389754953166
0.38082526882050205
-1.0431401690488677
1.393132749515795
1.2948980520348183
5.189688864149894
4.705469675476784
6.165701870238561
-1.9019686634430424
-0.9617590148710516
0.31367984908591995
3.7814221214500825
3.5028466685334623
-0.9238026284627207
0.043731919077667644
6.498578624423361
-4.6686619048223
0.6562482497367941
-0.9098429190930111
3.2679392934166502
12.419849446646209
-4.7836274103471315
-7.433966854047121
-1.1440167851912824
1.4071420935928498
-0.2995754083314762
2.1627117973607146
-2.7619226616782657
8.707571930199238
-3.37892015265812
0.3180369490316123
-2.8239924024426974
3.1177944477854336
-0.9275545320652229
4.517881276905173
-2.5024244292475757
-0.8397513954747868
-1.3111059032717431
-1.7943878260066652
12.076549289864618
-1.6205564504191141
-0.38190710809785133
2.345634394962128
3.048558146700997
1.861043379803447
0.8048703278776519
0.5360509945842007
2.732762305960357
7.666856685905792
2.486865073570715
-1.8650775351576545
-0.09887006192422604
-2.7704563957000454
1.203098714151578
8.250766360908537
0.967960230749743
2.481371148294443
-0.3251706120169925
-1.5402238265555102
-4.3191764207929735
-6.9725852782255515
-0.6521160388462264
-0.8986632866596778
3.2544887577008126
-1.0913724020022668
4.412942133006789
2.546751111594925
3.3337649384247756
-1.2781463112937297
-0.791102380189167
-2.186462365430452
-0.8718429026376728
