-0.5454671716555892
5.740215894939894
-5.419905830471819
6.2651643007772195
4.895303129639203
-2.984567746537716
-1.644248677478678
-2.305249836379612
0.8920696110477073
-4.490136042732281
-1.161482503262472
2.317013939203229
0.9555401952421267
10.273563177400082
-4.551447484461717
3.8118895573894362
2.944482963361381
-0.7428645092344053
-3.365894963112208
-1.7401808437761663
5.758842926066224
-0.378775079028114
0.6337980079682104
-0.2754042351151192
1.3554891325447493
3.9646498608086276
-1.0164280834505939
1.2673442293609654
3.1264866612523696
1.1775861007975807
2.406046243262894
-1.4794256823841379
4.717047864848325
3.7736843877182986
11.093074748773839
-0.663149719327738
8.685621833032508
3.64698750427475
0.5574998091618844
3.446229722624518
0.7785449075068589
1.4375978084774306
0.8260103930652909
1.579547422899283
-1.4406462584371404
-1.8629099540928873
3.730154805178237
-0.42833899946007337
-3.8760933040547525
2.236389171314457
-4.861064732796992
-5.218299165161531
3.7448009722018503
-3.3502646093433968
4.454415801179669
2.251999220344821
-4.001110641867056
-0.6616363734042476
-0.09452848561369359
-0.6716843655054255
8.63153340582509
-2.4513822929163744
0.17201598935513174
-1.5525691793479484
-0.3131135060229266
7.6354273381789115
-0.47915206260304405
-2.3142804958542724
1.3547350317940654
0.1399583573571385
4.332632927451074
2.1998794014098366
-2.300092691730228
-0.27325974640696427
1.4318126364520107
1.8360363501513892
1.1309280713271483
4.5006440827764855
-1.645825995958296
12.519362643672157
4.777754853804692
-3.6066254942194513
-2.891249680165947
6.383121005996915
8.879208653572334
4.940938691550629
1.7310932849936767
-0.7437975954361908
0.6296950616168963
2.800208998561997
11.363898410962458
1.798564360572039
-0.19940628098355503
1.8029989435224234
-1.3619291995225642
4.468738407781084
0.4274963315163389
0.7359950890188882
7.052132891008976
-2.7613637643447877
