7.971787493263719
2.091436790365752
3.2126591007747427
9.470584836416663
3.762948609547786
-3.0630844070744483
-2.321764441290836
-3.9877204933309094
3.116513223432899
6.241248015363595
1.1639043699528675
2.1204128042512544
7.5253650476878775
2.2882592581550836
5.496639492918339
-0.5795629939824579
-2.322858227629129
6.950431377014551
-4.657683371759296
-2.708818729292431
4.824676824497174
6.93418494875861
-1.957053561901322
4.54906963102818
-4.754887687872177
8.762217216706663
-2.928088406111041
-5.495104369997839
-2.66537255555758
-0.18530054725901354
2.271246913900501
3.3269443695090937
-4.173619311756898
2.5202715504331517
-0.44720995157200816
0.7152233662096337
8.829730210342497
8.147688519376562
6.028177780363542
0.594996731351868
-3.260307330186886
2.645994376528924
-4.171660333492929
0.9826937002290711
0.48638147635192863
5.526278471461477
1.772494174990019
1.2283212295858497
0.7101585143011511
5.541362003507584
0.2294971434608609
1.7049579767952112
-2.5783776634691504
3.265146744956909
0.09890443411680908
1.0245548742830453
0.4624951894207339
-0.3410515648303239
3.240262264421707
1.2284462315252154
-4.905608758026497
0.008024772749134266
0.5275753284798904
-5.518532518121418
-1.4727320315324066
-0.4121659693308992
-5.71730814521062
0.7661565562430007
3.50197264761974
-2.722592726838674
5.287321226407298
1.3502249025268203
0.757456571411744
-0.7746724055584325
-4.3199497838960434
-0.9393763889935793
-1.5492770796762514
2.344208793549119
5.0967595700036785
-7.328732895161412
-0.39589244134643914
-1.6595710782063908
-3.792143976977686
7.76903559606687
4.333105655945653
11.896108676798995
3.921647152630354
3.776613920887495
0.4294418120464969
1.8541568418312049
0.6244187721664756
-2.0759362424085688
-6.084600940861866
1.2690237813874572
-2.5123147102146137
6.7305446999276075
-2.6826181923504704
2.3359110573309967
-0.6699425275822629
9.619555455877638
