4.6605973735590425
3.5666061844185837
0.17713650842860645
-4.451317967251253
1.1341157393617056
-1.8619424679855046
2.679323346128576
-0.14546865642304585
3.3014913032127033
0.6083750793361986
-4.180920438746277
-1.0053997679253415
12.202320852889573
-2.491099068932071
4.221238718459671
-8.15392683310387
-1.2124490537503456
10.171026484038752
0.29680718049961397
4.794519095951143
0.803783994581003
-0.3742621045195026
11.602230865438239
-1.4317245094284639
-2.219530737163463
7.514762990417347
1.2389219311129518
6.622528714982881
1.1452378804048207
-3.0560258096932253
4.135017496466146
1.8387092482091973
7.615682177890232
-1.9180957130331884
3.286094180453047
15.298563116683129
-6.198323975333083
7.940186854416657
-0.5632168780630744
0.9012134789144901
2.664108664994578
-2.3811398591847297
-2.632658430968289
0.053051951000462276
2.595355660979164
-4.978511644300715
-1.2633101995419538
9.613763092919994
3.7639144876954664
-1.1417701904788142
-6.718235326833133
-0.2597597591384407
0.023037932807574796
6.869245105691747
6.844641313769246
-1.975407150819248
-1.4415132419496617
-2.868834300015687
-1.7704001685566362
3.384837799635074
-0.8664113566609866
-3.114094559757242
-0.8565373348875036
7.726156570414481
1.727678691243674
3.9118378408022005
4.534418698982059
2.9610871719336593
-2.8009126145592123
0.7290369890863517
-3.0544246605149348
-1.0587639570950085
-1.9029906652345079
-0.04891682641297335
11.970918119550738
2.201589600099738
-1.0779441083416532
-5.489824588247169
3.9813877759613026
-1.5995750800520012
-3.0082277805628626
-1.3905487916852228
-3.9421054783976412
1.5055608700958403
0.023430088611324344
-4.9478146143263455
1.6965568619475788
-3.5284547640222943
-2.9364605178222365
0.3189625804527735
0.2177281574125648
-1.0654495431775122
2.3012714030579544
-6.7483434009300876
0.522430938146991
2.1737194714971424
-1.8481533483451071
1.7777115991148733
-5.879844559004805
1.9592602978924658
