3.985184615959847
-1.6351911783245612
-2.628143799757401
3.4454526921128106
1.8871972423092993
0.8809083195737424
2.214506307092
2.7334034228148814
2.0719273936749043
0.22868527664321248
-1.2427161675258525
2.5226450286628346
0.8152495566148763
-0.921412140667506
0.36034869964726296
6.1880535122152995
13.318705478393518
0.9246004671120741
5.8331240672508144
1.6503802003501669
-7.31367619616527
-1.9494275390489657
9.076619660500526
8.44957193190823
3.8183108784491973
-9.040781329108265
-2.22075687039249
-4.556051384600098
-0.7560478479995076
0.36858765861180404
-5.88154213417074
-1.0368535630503137
4.458405923620493
1.1117906828556308
-0.4596794964750573
-0.8565820114897522
-4.284661083580259
1.2204044863987487
0.4559178266906848
7.980819522603815
-3.5026389035656953
-1.1440035155944224
4.427744526154992
3.842314508817611
1.2519969976611824
2.9550394560844744
-4.152493181708575
-0.4709625342557159
0.37143705231220286
2.3568371337527108
11.778337633851544
2.30492090625632
0.4431038767826818
0.8631764147919438
-1.0148346552189182
-0.26548522925992113
2.712200784206865
-2.3783802451594527
3.245911651506597
1.8221174784909318
0.7586041536841595
5.211724744790092
2.373472322699597
6.108462729439525
-1.3307810816594259
1.0342549867735267
1.38679652129381
5.68619976197529
7.641625229178699
3.717543621946425
-7.174230665754388
1.9517273457464976
-1.51860939426631
2.91380241107793
12.687194058612015
5.820473586744445
9.959666781131382
-2.11135298239894
5.996129352766129
-1.407938577748732
-1.9878614550677716
-4.8064857486228325
1.65824976615096
-4.555517135306017
2.891611760370281
4.400345589101442
1.2651166561473204
1.1993745478179971
0.7016274895455963
6.330229854590273
-0.5278709029130743
2.7423935542370836
0.2961827133236242
-0.9563801881445334
-0.055143474405997664
6.100295844138235
-5.158608300657709
-3.0966100063262743
5.799365550517662
-6.269390317605074
