-1.0920370121772724
5.14489459567166
-2.7626677015875174
-0.8446163042422389
0.7048470292325023
2.211694347423276
4.3487470271482636
-2.221584093375842
0.4093467842016725
-0.19726537470890504
5.016217271247413
6.0055920659860735
0.9174382863142694
-0.00972165898702828
1.0618506456015573
-0.9895581503267616
-3.6513865577901194
-2.020044614794737
4.185686789007653
2.4097253410690347
4.615688788393387
3.0115661162240346
11.513058069486245
-0.29948453087533894
3.784231657685726
-3.652276251723821
-1.3385109407905915
0.5048209292008539
-3.021391757519585
2.544713392337511
2.1388167905890976
-3.1483862566788305
-1.9657403693692226
0.5310369774458995
0.09179692086445872
-1.2825149038266324
-6.545141980563605
-3.041774438432988
-3.2260231169597855
-4.811264198636568
3.9009524972485767
4.254216097692075
0.7265057706203862
4.3936153197248995
2.23086099315359
-1.4201522976702436
2.02768004880393
-0.9461750259917399
1.6184337600278762
-0.6235363955748102
5.4634906501028
4.2408978723146
3.723217566101892
3.6889051170238085
-1.570713199700657
2.982563013562228
4.088973802141781
-3.021328436803722
-1.2277643327251624
8.618212403450311
2.9858727118318478
5.310880515369071
-4.3948366227433295
-3.3967381580141454
-3.1174734523589533
-2.625376519376947
-1.9813436063319037
2.121363909128702
-2.3819114650490327
-6.582217389911154
-0.5846384833268309
4.605494786039606
-0.21054171410361622
-3.3296642488759645
-2.8783795637506127
2.5050570304380564
-2.337154316468564
1.0257937940236572
1.7453164142821054
2.6407026087563823
-0.723380837316645
0.8456554412217593
1.3192180291535496
-8.39814008417936
-2.9854825784737113
9.446045560347077
1.3381419618754484
-3.9502062077338316
6.924598229397256
5.597524276804348
2.0310824885195613
-2.898936857408631
4.931676075692256
-2.9715781705499005
-0.3401769484737728
0.37430553080831525
0.6249394128711689
3.2869577681970044
6.365825153033159
-5.03771557807758
