-2.3815243572491442
-0.013984764601067116
-1.717003123113815
10.96157115215506
-0.15927478863750022
4.229242564348002
-2.6994865026185844
1.6035331116844405
4.610643337323704
-3.76540356474848
0.9233624713987023
5.40352696859103
-0.10715137999131699
3.6184444205136006
-4.3390956872553845
-2.628867849635397
-1.5041270726506522
0.9921722001256501
3.18940595187333
3.5833066900441617
9.419395073036016
0.9441118250585718
2.1903869271167666
0.6427037463521856
8.754426798103482
0.12377122707822102
1.1569429075027438
6.2499537407302315
-0.25039256489565226
5.269397507586985
2.892702263575737
9.985253674179198
0.058688812510640745
1.154051450705366
2.3897157919309806
5.503586097982527
12.084871673507415
6.241772043452138
1.962766905009468
-5.259679374431272
-1.5064281386449234
-1.986959334955341
2.4723942893540625
2.144060637847256
1.8880388293290953
0.8881746618777688
-4.121185727696314
1.4717919629793577
1.2450156905317868
0.6737571371015338
-0.5839531220237706
-0.14723373733711137
-5.011363837115065
5.707355723692803
0.011419508685411072
-0.5281815100479725
-3.6695198802341915
-1.7294950851822968
-3.243458015131714
2.0162236872908177
3.4693865980993728
9.242120043556676
-1.0918359523748862
-0.6848166942888803
-2.3724182066778594
-8.165201131067953
6.906070017436553
10.730048682848153
9.976974332903488
-0.9350707081430746
-3.8336745685305664
6.116571513432685
-1.4677982018897113
0.6177232320668984
1.173398860372341
2.759145980270127
5.742460940657105
-0.5678584196943064
-3.857656657721324
-0.978690431551972
3.959018264862487
-2.84535143496235
3.0243174415532845
0.8494812867303492
-0.8759062973771068
3.2802556149425772
1.9705173681984223
2.6010638870250737
0.6209308727850246
0.3395840106871176
-0.9167934212271068
0.6232619302813232
-2.085935665601882
1.171867648345977
1.6508201965728635
-2.3624662499286484
0.24869772863798
6.864720515690851
0.9904271773594078
5.152703372323497
