2.787666479723497
1.8564142527645071
8.64618971971957
5.4501191521734835
-0.5856026494728399
-0.44423626226104673
1.3093289851826204
0.48828742512637235
-3.0659538408955513
3.895824359272173
5.352758001827137
-0.7243423317415293
2.662151613395421
-3.7866271194989274
2.5563044673548934
-0.04705430397415622
-0.5346784876241928
-0.6232686765219264
1.990518571919333
3.0738857314949364
0.8785866575675806
9.900560168730983
-2.893694014101564
0.6075119350667503
-1.482715000257718
-0.7227127369900105
1.257900376229853
6.804899223931642
1.0019621098964646
-1.5632309416658394
4.725756261929401
2.5998900718094613
4.092342660216547
2.619687578225481
2.161272904114094
-1.7080047831101361
10.395041960533632
0.5254894910664469
-3.1366897758645074
-3.269114610211256
3.9777024441919724
11.264986522653619
7.714027772842985
-4.029257510202672
3.034702449942539
14.431343813172484
3.189536802878082
8.415257200031506
-0.9125789614771586
-5.452221798644108
-6.458688681570724
6.505642609029083
-3.4366572089342986
5.504804338131131
2.7077685736859856
-1.1622859637425191
2.2101674046232103
9.801813855664513
-4.522870400070382
-3.0803165030269346
7.345417359818036
1.7395459646768754
4.592521321986283
1.477709843697823
-1.8804388363551081
4.129832413487525
-2.8161227960928383
-0.27071673894280635
3.779543696093092
-1.008602369502865
-3.03779490818774
-4.600364686083509
-2.2745373329754486
1.5854807398829314
-3.4382468435265183
-1.2359493350525315
7.4955155572243
0.5743890176216051
11.173727148139193
0.7416593137031218
0.7136062482229386
1.5417028820957386
-2.486551900692973
-0.9043994401299404
-0.33418446726172635
-0.8406036002867072
4.513183112092826
0.6864830202168883
3.7285260500718427
5.766014943262503
2.7542548153496518
-8.388493810708004
5.315311328349644
0.9105705555687384
7.429477950909001
5.277860099733827
2.0645479490346843
-5.7829163298071125
-0.8162177432090125
-3.388130281531133
