0.299917732620216
-3.6515710921999087
2.6959053068964707
0.8270164750421432
-3.6896025118447398
0.5412517841252893
10.991902728471565
2.1393489371468384
-4.015392037500851
2.8139084178950693
-1.465355763085229
1.0826581776351503
4.913739704862912
4.562014046127414
-7.0338241912207575
9.088981867729022
4.99122097690783
-1.4576306823246237
-4.212036025804771
3.645933943467756
0.7795746774298253
5.252065788202854
7.356432794495827
3.7431049482720495
-5.357054087611458
3.3693720834087553
2.2752751229971135
-0.3992697738763871
-1.634446253277791
4.648277485848255
-0.18512110841150003
0.2981964181212322
5.818328883608523
4.0718815470530325
0.9371482167052327
1.4798766118626179
7.464129503429565
0.8393995876826108
9.058798503263883
0.267192665973764
1.160188917477735
-2.014347338479289
4.590904797454373
-2.9894150163581825
-0.42151115200656997
-0.8434743360965566
-2.2983404094804336
0.7164034476276426
-0.7036600512631284
13.441335027464785
0.3225487476993109
2.043728766773526
5.574407289952029
1.2647624188683557
3.5560708184958365
3.9761055617698
4.033601435162514
-0.40879376304299364
0.995785477721297
-0.5581600523610459
-0.03312850067321785
2.22021526577415
-4.1826309224529545
3.8539241436350764
-3.428884847836275
0.35488827089687724
-5.878129946890018
-2.958377863304423
3.585760106959166
3.116620536962574
0.06677099770266587
-0.8715369787861986
0.013162793090118398
-0.29709975791935594
1.1230305706020016
-6.282099993081586
-3.446744079628035
0.37321157895167156
-0.3343640797124868
2.333298033461504
0.5538830908421613
-0.39897177398201744
0.5556367564419634
0.6302914914583879
3.4807741395574707
-2.8015331313596277
-0.3570508557947693
-1.0397791350784173
-0.8290552038892627
6.444816679736446
-5.130522380804913
-0.5968692978110453
6.022103604114239
2.59464335215894
-3.241017587077813
2.685757394916515
3.8698696149660265
4.336505536221333
2.6105023112857735
-1.9960737555803862
