1.422394582206505
2.185857124304853
-2.1013436997077806
2.6954898634461726
0.0375085830203967
-0.4456621326428497
-5.563582792851566
7.55766643531213
1.3944195721169939
7.718001592783502
5.965852331873704
4.1308253541335
4.81694496712964
-5.201036320472173
0.4732580410638531
-0.33218113097371926
-4.532123333980437
1.441823974135009
-1.2474520662190756
-0.13650981588585046
-0.22296267369003414
-1.7641909605862254
3.142509227568353
-4.276063767774512
-0.07550580003492316
-5.7232991841625545
-1.1806288660308617
-4.188264229458714
0.5587649210193939
2.4344380486582655
5.151675068150611
-0.47754631846491513
4.579270931154401
2.2381621443589363
3.9772567490812185
-0.3049435444405263
-2.5939195124686414
7.789888080007393
7.1746339886143735
3.6079643793998057
-0.08471081131431622
-1.44472702028154
-4.234569523914272
-2.6025112714626046
3.926510858497304
-2.2574238166505234
-1.4129866720150246
1.9257972298182837
-0.23723668473491522
-0.7770864747206909
-5.914959606912033
-1.685610393086133
2.2237406492833034
4.036233680035814
-0.41998774954842205
1.565097851200409
0.9054970027974343
-3.177315205533548
5.208598639290516
-5.435486632334872
-0.8668252813422265
-0.1798258161663123
0.86934047662096
-0.6259482229510674
-1.135255635101639
2.6150937945517208
-1.3192576793557933
0.30297162093306557
1.3985744554548631
-3.767606938235426
7.193751219411561
1.6675251641496476
0.3309723072741933
-1.9726890276378377
3.8662415169471043
-0.8905877945950355
13.358219897037106
1.9915905428961183
-0.10997784361977365
-0.6730643451177782
7.113110791774631
-2.661564200073463
3.7001871474693875
4.140690437982255
2.5845239378570963
-2.9396083738385377
-0.38433004040365604
3.3538124431930374
0.3081724539804326
0.793080161325985
3.7836100664290537
-2.2944972462171993
2.5987383316077213
1.5925794244801144
-0.23262233567795104
3.4324745920621282
0.5325205074112964
5.716280641642147
6.494670499074999
-0.6558278006272449
