9.24416670286342
-3.6102341502611237
0.3334281763800959
8.185291605229086
-1.484192652640378
0.4582254047176888
0.5464250667783358
2.4639750054549636
1.1520466446689968
-5.158965664897195
-0.3897264183200332
2.9113766568451678
-0.6936375304883116
3.381662977391459
8.671270129054717
-0.8949926746425058
3.221079487272397
5.99245478839447
-5.213147878254841
0.1413884518417566
-0.41461355031990327
-0.16662131263544747
0.7826832481720679
-4.487761169454295
1.8922998773315758
3.3633828918706143
0.6706680073051272
14.681464861422143
2.591253024746538
4.372881174148328
-1.3570949234837468
-0.029534968963981723
2.7256978201609083
1.6012023136006726
-2.6444183738396734
0.7186184500908657
1.3686110393018347
0.4358691803203181
-1.5733421258031057
-0.6478551500013038
5.293250519184886
4.439417226802734
-3.0749395970739544
3.9719473994799612
-1.0693123090332035
-4.871143063414088
9.763898333090077
2.6510666122120408
-2.4641921316421223
-1.6663139912444755
4.520968896967979
5.060310204076314
-1.562647510299751
-2.2587374770856123
1.5615083221591857
3.2150525288191107
0.5591818267854776
0.2903329556207892
-3.5801837914688095
5.180125313330777
3.129743456447138
4.370101359701712
2.0608061237659294
2.3101054203251303
3.737043114332592
-0.8635546413456134
2.851457341410321
-5.051236114883196
0.8484532921460577
0.9328678928210483
-1.882090720889733
-0.9804000220700262
3.4522191132656834
-3.231634783348105
0.09206156474846919
7.533315802800434
-2.0857612487831774
-2.2082290457662554
-3.845261933815733
-2.590851499301174
3.276358941866318
5.034870180867324
-1.7460043209927398
0.8477986203435705
-0.6314019452799331
-2.008628686185254
5.362515250940531
0.258367594202107
-3.0429929993098623
5.9006767500279445
12.899355882996023
-0.7293112855661184
10.072214742469942
9.112894462563263
4.311919964279429
-2.0729691127091696
5.491049957166811
0.03273779867002079
4.577677791731961
-0.14691368406075428
