3.123255175278206
3.2930917478699895
0.9975504164280165
-0.5931429178412024
4.882297083334016
-1.934948782501144
-5.524866716497261
-0.298336788893692
3.621517159993073
2.73567509881902
1.1222227326446557
-0.5231704035772331
-3.6308063184662362
1.617761102534046
-0.370117940711729
-2.2209339467711247
0.49283796716671413
3.0396077469047307
-3.423791048152271
-0.3954464453555774
-0.7141689977927967
4.457877496010024
8.761832647633339
5.558616369845746
5.047165530650338
0.5286942323202447
1.6807658715133427
3.481791359924723
-1.0912180459028495
1.2864602840893402
4.701934258224773
-0.8627806992054334
1.2818323497971225
7.60718504066617
6.048910486283006
0.7733795171734136
4.87664890760518
-3.592628559403859
8.128412696891047
3.2969432905910425
1.2359019298584486
4.666469077022237
2.0271937756179814
4.367630885225312
0.8108850554723301
-2.673637239218981
6.4329000949830935
0.6874724997044952
-2.7677121915622767
-2.612920197592479
-2.4836390047762515
1.8744005813026656
2.8761986737894674
-2.415666063365347
11.605276505050956
0.11335042554812245
1.6276989709949468
0.48384834659970116
3.189093508292406
-4.357360820863722
2.045137597856726
7.377771032517044
-2.8345316904723883
0.7077762717356897
1.7991480543990814
-3.1001307227846433
1.8175427268331366
-4.485006434841951
-0.7917953733478882
-0.08388887850954166
-3.9624061496409695
-4.2142813209893255
0.08357655639147572
-3.827061472125576
-1.6941686041669792
0.10823545171529061
2.557293802179573
4.747120122763762
-3.6885394070708952
2.761593270759177
4.187514034565937
-3.717876632642979
-0.6589564665092159
1.59260122649117
0.1800292626155997
-1.2216548006971897
1.100792762810316
0.6800134637748542
-2.27438255782472
-2.327289853785069
-4.272991401515664
-1.138841091829302
-2.2282276400916743
4.447676186715918
1.9375143247434492
5.115213766480057
11.890829587406579
-3.209047906878914
-0.23850061072238543
0.07433924146602425
