0.6137419451517
-1.3465989122383653
4.845797701958382
2.9342569860422048
-3.6481306655240107
2.523106363297577
-8.543260332785678
0.42750941459384056
0.24621623875017565
-0.638525523222403
-1.6081280662897486
2.7813624752162567
1.9732766739561587
-0.1267068626328594
5.337357873029734
2.853524550310114
2.0445827384821254
-1.5902184407061246
2.6586510390048623
3.3556254210063647
-2.1434695955930207
-3.7746907270372603
0.7233618499991118
7.0187941648411405
-2.128186743287123
-3.873816212294272
4.197409990593725
-3.636602783700288
-1.6410334191041067
4.274081767848262
1.2333714264022295
2.090015747205265
0.9470748415401717
0.9345847836180705
9.332381178508834
6.475258044805203
-1.445756515967394
1.801184271290141
1.557294215786788
-6.199347588300771
1.8216224818658975
-0.6004982915615978
-1.8665244312695863
0.949514973048171
-0.8725639577549957
2.7911125780968717
-4.037835686934104
8.733653744476687
10.99077191476755
-0.16341754448090934
0.18589225189579175
-4.162696784053585
-3.6544150938275672
6.6896279030499795
0.7995514657881682
1.47302974067191
-0.03204049979356243
-1.9352246952412284
-1.7311465034159204
-2.5191548212271955
-0.6835433837862698
-2.2225795997443436
0.004807176106205926
-0.8148940777666435
6.811813304759545
-4.015313331808545
0.4888708633864064
4.428741037578858
0.23613674537807844
2.338406730181156
6.037750702937702
1.8402527939016724
-1.3049652186974445
0.9587287928801638
-2.7883913908771456
3.9143669312056373
0.7763420751004804
3.541501171347841
9.494302054950182
1.643867814694088
9.619913300047982
-1.6083594335793328
-4.52665707462196
1.027916200748358
8.481262832860125
2.1645471410660297
11.05964802052405
-0.6552193116860606
0.450202417159725
3.198448010901927
5.5616857793067815
-2.4938913579303876
-0.852753364151895
1.895774995677936
1.4370404310835778
0.2196937851372282
1.5359766647951982
0.5392406294061797
-4.127052547544119
4.149160046078266
