-2.3469957507314523
8.339618402305314
0.7143664577406641
7.637616879598098
3.6164359007970868
-1.2811339590157433
-1.4838767815805671
8.812842818788141
2.7717066516739965
-4.437301800849971
1.3330388922921088
3.4241025813508164
-2.443513877116996
-3.579988654290739
-5.066992274899339
2.633761724914499
5.399857795688301
-5.327186215554429
-5.820612730221625
-6.090449338035642
1.1511374889553572
0.6244064197418451
-1.9193624660609947
0.4394689210114805
1.1508398634884585
2.99041839556772
7.636075527039927
2.992380260833662
3.1574133317722106
0.30840533274440196
5.3690615265542805
-5.504593475526085
-3.746362432223756
-4.348317903988773
-0.010594550873846182
2.8790746321401914
-0.31979386014684835
2.3182022134553475
-5.3970577467789065
2.098565220970836
3.626411869923182
4.046830865895892
-0.7935865826938415
-4.062780497378782
-3.3266217641935474
3.9877609354835473
-4.103829994285422
4.064133061121922
3.5448808096285855
0.3205798267189343
-1.582154011702732
-8.645113023499757
-1.9031419483619647
2.613026414577083
11.666676155193153
13.780748226379687
-0.6305141756651791
-3.129418913945598
-1.965526698455852
-1.0546835984869842
-1.1419687902531988
0.061197303976429585
0.9699914899145268
3.507802441198566
-1.9570164069397293
-0.2318776682033926
1.680040752717797
-0.586796874056785
-1.0645208800114798
1.5074306843068246
-0.8166450262253885
12.662695151773514
-0.18780072541122872
0.08959232414897433
-5.035431926387277
4.449844561054225
-0.9066943913286744
3.274780135641775
-0.030128146006382635
-2.0031268900954227
0.9291959250003775
8.54777301578545
1.4559539084126905
-2.7454889365891955
-1.7198879734482775
1.6712819234758873
8.757167783079172
-0.2990809754100843
1.0276068297555596
6.909578239937648
0.8886057116358166
0.17452098463367807
1.1113778577690745
1.1158702406319887
3.6544117203619986
5.681290170112472
-0.8349162467316524
10.796403439722814
-1.6973743472758727
-1.438863304788119
