-2.645140331679142
-4.483452592555634
9.94934114145397
3.1809342522247084
8.0834727948586
-1.336286867039403
6.430246403251202
3.380223821398039
1.0037809318388549
-4.375709968795726
-2.642148879098773
-6.760912827068422
-5.101103624393685
2.1653817739380825
7.377072868924006
-0.9315880270715888
-2.693789347928532
2.0378232493105237
5.867931358627075
1.3871694513695083
2.542889512079608
3.9643298967635907
-1.1462532703560038
5.978583741243861
-6.739183609670468
-3.173779674939862
3.9708619328972996
-5.015484148148866
2.555634359419491
3.283943543840717
-0.18691689605301806
2.192995079685371
1.6527833833548953
-1.7275682886004526
0.05420535559304204
-1.735746044424335
-1.6707923025094633
1.3923459967073333
-4.198498661369461
-3.7013317440320397
-2.705754573834248
6.946874331188827
1.88848206872603
-0.5243709329593332
1.4935092586820882
6.44243913113688
-0.5109195103297445
4.271150664778375
3.087541554316841
9.890353391374198
-2.908263542120866
-0.16499671771705599
0.8013010588624544
1.5773481744469162
9.900555681463375
5.516062917636564
2.60250706799705
-6.572851570942848
0.2646671526961841
-1.2916553932585986
2.82768714376195
1.64834358809707
-3.558883901509625
-1.7028724244327078
11.851048076979486
2.8239615897075216
5.10673641577764
5.033184119932674
10.554183106947434
0.23453099071840938
6.600071020543667
-4.9446427382643074
8.120972333052217
9.200142734999396
8.914157121842411
1.650161605871424
-0.7951688486590047
-4.286493420839502
-3.832210813746015
9.342585252086685
1.0579157085564883
0.48497377447684825
1.1661204430768644
-3.8959445829467905
4.2858495376619
-4.813560346952729
6.763009765818546
-4.43584091756161
-2.7120542594127808
-0.4329585516865197
0.08088901774161475
-2.61831530394977
1.2265544052643245
-0.09813594558014306
1.4225720842544514
3.802108390912044
-1.2254714196177283
-2.8239622450806303
-2.1064594058153734
4.093006960324283
