0.15574564355745812
2.1260706225517128
-1.075657521118132
0.17532163035144058
-2.628659417506353
-3.067855067672478
7.41999414721036
3.2028085683491607
-3.939262180013171
5.745978562522389
1.3926473880288073
1.974930323682028
1.4890779405947112
2.754080838045587
6.375469789684949
-0.6544185931493881
2.6513759727900936
-5.13890608801269
3.3642956525958234
6.458393913867128
-1.0207115554867885
12.438212375165753
-4.340918299920114
1.7886554579059153
11.252616398300274
2.564973380320021
2.2611848734092517
-2.4910716846583565
-6.57001391765318
4.330720510117209
-3.7142127790095154
0.9371221632076219
1.3837664553241973
7.6902498732923
-3.8795794783978415
4.413588563786001
0.07741064272114702
0.40611162252861455
1.2618737398283373
0.11062234739403848
-2.0838520198927206
5.172713652099776
2.5795132462555626
0.01668794349396438
-5.0761361950904025
-0.7562690379773073
-0.8426389819751293
3.4132033645109403
3.9938620758110757
-0.4454575462457311
-1.541943409128058
0.22839291399588152
-3.066516404151823
-0.4352061660811539
-3.1206341585111876
-0.8271141196765098
9.557316636048126
8.697555080502402
-2.8932962218107936
3.5369435400213627
-1.2391887025561275
12.382820163172985
3.765170947354236
1.9244960903829884
3.8520747805714
-3.5379491362398796
8.5409475707555
-3.4891149887883977
1.717477569164119
-0.001164587457171744
3.5963251668118463
-6.885507349376583
0.3132190435489202
-0.0954334593164481
-1.9672434574595747
0.28354817933556986
-1.0386501730541524
0.16259200517349257
6.7730310000561715
2.168657296497809
-0.3560635706005621
0.6023209480017888
3.4559920724294653
2.076882689336955
2.495791891744039
5.391299339469572
-0.7052434031431468
5.028108563956413
6.695995136149855
-0.9609685933512873
4.143409544050526
12.005743955081616
4.096608621948275
-2.654875488910905
-1.8224914707488296
-4.292080089304622
2.909459106119114
-2.210830188531935
1.150988289860677
-3.533360304614925
