-1.7779883218017476
10.260928142118738
2.9917337429302364
-5.526759116057985
-0.8542706239894351
-0.5887787278312473
2.5504722830740976
-0.7601303526700766
-0.7061016846719944
10.771812812964807
6.585117821520239
-1.6727653194117558
1.7872579246654556
2.993320800869276
-2.2931968810480754
-2.1343222943292557
3.885743235364958
2.3505627021269966
1.0806598966774406
1.2732256124708388
1.1705912380738939
-0.631332008476882
-4.812987507141355
-4.6903419782926425
-0.47554336025594757
-1.165897558264533
-0.5216039473469105
4.157182136842751
-0.49142395677724793
-3.555962568780715
2.919957241686004
4.856876495356642
3.3611421665561148
-0.8480114319054138
2.233671590603652
-4.9658109484763
6.072242697191314
4.282804220951734
-0.47706760880819954
0.8425382922348406
1.5697604527124143
0.378516204923935
0.2661314887225532
-0.09144128716132495
2.7531228828084497
2.0154984983373643
2.003190450848081
-3.598165850231129
3.5780854699886397
-0.34744263838779155
9.740527588819234
-1.8326961758892646
-2.5826228720113966
3.719671400847427
4.857121583522778
0.7983676090816102
2.439209485078436
-2.8352966289421557
0.9055124192166623
1.1454265392931244
7.454133298762704
0.7772433958209082
-1.9412945098935792
1.324263745041275
4.241284635263321
5.428027318050563
-5.904097568642347
7.847636342195017
13.582588191632999
-2.7294491793403233
-2.231628802802444
10.524682975038507
1.2966247889145235
0.23922607412212338
-2.6739428986625455
1.5335727140767004
2.8842029438178547
9.167661572723844
8.52294983678649
-5.672838009440003
-1.322696202428938
5.196751532575848
3.6531784599291517
4.752784354801285
1.8412135825685976
4.02963093104
3.6406382758487723
-1.1441908024276124
0.26604291511700484
3.2589930005133665
-4.669766848467889
5.4145276242312175
2.4052365115577263
0.386701890017048
-4.384374255353882
-1.7356502659710316
3.7735376927930133
3.024470101473201
-4.579087972461949
4.065731526700854
