11.003088389846683
-3.4533893630914863
-3.349331203011345
2.5950590792550052
6.100485360890344
2.5764778331188083
-7.371162458242106
3.000746859663023
1.358864785027863
-7.6738145890154446
1.5455350418934657
0.8264327286986617
-2.7946688044398362
3.494030578809711
7.273384159792776
-1.1478224768886414
4.161274448583836
-2.067315762534287
-5.092229933908578
3.3611166656243903
-2.5593505765543174
5.5039919172515095
1.4598337102090375
-0.3442965054578738
-4.2674156484304175
-0.487752848619047
-0.11654802975719525
1.204715865961508
0.008078999515326675
6.968813363776174
-1.0286162558480378
-9.354534294095378
-2.701954050371001
-1.4729843484042078
-0.500052978708876
0.4137426726147472
-2.2194088983696307
4.2088720421649315
0.8498551771451935
-1.5828893982254613
9.88886333652994
-0.8681053931329648
-4.371025515528963
-2.6513040772604204
4.791790348836159
0.1375532913633286
0.008854136551107792
3.551458019337794
-0.11801871103327369
1.1855041958613246
-3.084479832847977
1.0096905833092316
-4.004525037807404
-4.320180037953967
-0.7143683138031032
1.7255617509081866
5.77083918370828
4.70478226164226
4.195864711498492
0.3080688598621951
-6.346161244620924
-0.5828232294062197
0.28842143428266825
-0.6000212160187931
2.2432986018073713
2.3377185167954733
-3.3766903590805226
-0.6605572974358715
1.0837133812577253
0.2837062318359236
-3.5354450491642755
0.13589546222778295
-4.289836060835704
-0.8087739305416972
1.3339976012541048
-1.1280386748544267
0.9239178173406333
1.9128142166378352
-3.4957118165744476
-4.906942345802761
6.067135826525754
1.7138969061570517
5.06295348710097
4.720752527330951
13.932364310168275
2.2639652966695336
-1.043286669769778
4.020715939510579
4.129627660169965
-3.8929958740531254
2.8832019091540317
5.6603532366433
3.8207867366343025
0.8950718216158983
-1.7068774163285176
1.9376405143441446
-2.637994305846214
11.958126674865731
-0.18902011240993807
-1.0366651331949586
