4.780684140665906
-2.3916698556373084
-2.8848591003579886
-6.143025328029265
6.814586310094791
-1.3859145249737512
1.6869327312664126
1.361607087619968
1.4359405642635936
5.272861647616362
0.8234147186726342
-1.1225266069776068
-5.494637386223856
-4.129828651767271
-1.8456691724583054
-3.769246951557797
4.236559202368138
-4.101013495851783
-4.717522432245856
2.362259099611952
2.9585974024870882
12.520889532729617
-1.4659880415883855
6.740614807686482
-0.7773940652010538
10.986132479825082
2.069758043439361
-3.2350442718749433
6.040836342946967
5.718775694139066
2.320987396488998
5.5316611377066085
0.13367381593776306
1.517122873664205
-1.4409833586672198
-3.290516109286971
1.2482877235699155
-2.214071767189563
-3.5716996891753756
1.600188724460333
-0.9866848115159481
2.6525281274497394
-2.0174242216305034
4.335677194681115
0.004572505567719529
0.8431842978707993
-0.6924704689233168
-0.5301702056121275
5.817394711465102
-4.211249983396401
3.085490830954211
-3.8174778244035688
-1.7914686986541999
4.293224031673363
4.730216441383188
2.1795847099808983
-3.1473743340666718
-0.8591181895845901
3.2581824865745013
0.16346059098845095
4.2956884612405535
0.8166195361976416
-2.3742457411650957
7.57452042031613
0.7258365276500615
-2.735568372523656
4.939096671189045
3.9267029705185506
-0.6905849651234299
-0.34555192731949386
8.930798670083322
-0.38042445488692206
4.59576435828051
1.1787423403366555
-1.0335914552850167
0.5170072833610755
0.31854609717493393
-3.9336403119246754
-0.7669089987862365
-2.3685863209475926
1.0959185387784007
-2.558092914467519
0.1279017503472007
-1.705788885707806
-5.301439223055521
-0.7439666554671307
2.5165260521450517
-0.3332548581533966
10.138217361725902
1.9778538128260177
-4.346777954244541
3.362724101484533
0.7417632428862176
11.563507348285949
-1.3490939446511665
-0.4099060106124979
-0.7457391074937445
-2.2737995965523172
6.170922085079313
1.7864670048554068
