-0.3594875283675997
3.9728602853108814
-2.090350498608892
3.1059718589680525
-3.7113650888949548
-2.1701495508689543
-3.9317645385714877
2.3094805797758706
1.684183580318354
0.4682533206680021
5.278016782160323
2.4714436618809397
-0.22871203418774153
0.8301612996733462
3.076642057653419
3.0473153241263287
2.3836177552848588
5.252650722605203
0.19291410697004985
-4.717319305729912
-1.4181264725334828
6.30032331854933
-1.091004455190526
0.9002773952262508
4.32418198799778
11.284038791645145
1.7853265922393287
1.5319459255025096
3.4758060210010946
7.267859781650598
-2.238779724705701
-4.813814675542362
6.947140146196971
-1.519145088258461
-6.153831052533673
2.23595129005615
1.7221102866457256
3.8825897432347745
0.5826789593691005
1.4459261066378661
4.5735932690189225
3.074012334622304
2.156982929795385
1.6142189515215604
2.645207368969676
1.693439883185969
2.5150941893908207
-0.5181887814981605
1.063297890705328
-0.6280421788069636
2.120951650200503
4.271404290115863
8.808378455148196
-3.91289647954489
7.001384617181724
-4.516978384208004
-3.4018818051293476
0.718250931558127
1.0700390931708808
-4.935961363313784
7.705130331230619
1.1998881788155074
7.317878989565265
6.617574700482876
-5.501641405185001
8.130569617444252
4.302429306907272
5.853412768607319
-1.2621683464092999
-4.361866149675009
-2.4999793485346093
-2.8498534830333404
-1.8752058573437136
3.4222986139755935
3.6977430593905343
-0.28257622059812004
6.372877446648479
3.848816848652321
-0.04125670484647869
7.272206808759537
-0.9309776180726196
0.9817951039724069
9.227641991387268
0.8521009546538618
3.0230928742768235
-0.3098500920014142
-1.1967937467009273
-2.2375018717506876
2.707270323543211
7.667935644829004
1.4204249761151067
2.6102453406210717
0.9832365134856165
4.819572065156171
-2.2349497293674054
-1.463572674596647
-4.0970893815261284
-2.5510693764239916
3.335172151593013
-0.8360373118595195
