1.0161392313325013
7.370538285523413
0.4443598742205851
-1.3538369699021058
5.151317305460827
-5.774712610047105
-5.182666055308076
-0.2072054149508637
1.3979471368145204
-1.5510569933719822
0.22070989859445939
4.291959274048751
-2.1541838011104635
0.09241286012595247
0.8740020754554445
-0.7936383384429297
3.260562747633577
-0.1677430556087245
8.185608266867238
0.692492979354693
-4.755436110166277
-0.23380108807565492
4.6677937543885815
5.070053331825976
-7.411292028021637
-2.634220372915011
6.2750505959586835
4.857719998192344
3.553976829762772
3.640485871419711
-6.064764494685281
2.8046536453452986
-2.423368793058585
2.576374528333616
-3.7004439850978423
0.7192252476437515
0.8930390483336133
-0.4743775080019212
8.518393493757674
10.412353194167821
-0.03461985843743062
-3.4872289929114366
-3.7051995464837875
0.67300696624131
3.2773204998970895
-1.695888699742392
-0.5457190690491863
-0.5005225938743845
-2.5479264692456693
11.400065645049477
3.7799272457345126
2.6926518751350916
-2.7519892209910113
2.0366188715338716
-2.2950091139823248
6.669226774776819
3.8860969530070872
3.642863612920002
-0.1538636349214935
3.3474693378409506
-2.1742206757074136
0.20696424149202494
9.012583011133664
1.053606322065383
1.9868265570155885
3.345616500975133
2.786747741136391
-4.970102300813025
-5.322979069611417
-2.677534648550643
-1.1638022363212719
2.5300155059539233
-1.5159976456435118
-2.4504830874892027
-0.16680460823146334
-6.027192401159837
-1.218053091592341
0.27475672195814405
1.6576129017684798
1.2704023286992565
2.334712736074456
-0.8655686502774284
-1.7138454250753479
-1.0217176752168111
1.167462864401744
-2.195226220240005
-0.7307338102220522
5.011689038533654
-5.870702106821633
4.0242068186718445
0.19286157030896134
0.5584896323900328
-1.8014143494629333
0.7442576330337094
3.1698981096711387
-6.741319718690374
-5.486022962485606
1.6359224944701896
2.223038005895224
-1.7050893185475016
