2.5522663051012073
5.202006568051388
1.0444412830072807
-4.294358822449318
2.5156014981919723
1.383818377754129
-0.8591118013779877
4.842528918596138
0.5540619119855635
-1.8781112600009982
0.11147047624878248
-2.450323026146348
-1.6206125558976452
1.5487387812805042
-2.2911408358356553
-2.134459696864768
1.5071574125098524
9.242083344904252
2.486607655085324
-1.6978800414117767
-1.4890809734200288
0.5254822179934378
-0.27621131860881837
1.7729835724339797
13.397728865532407
0.6719775877746144
0.7799748492362322
2.172392107458198
0.8667167571891639
-2.4687725398300566
4.399334558922678
2.3631142384270087
1.961951753596853
-5.505386745413965
6.543927427992662
2.2465129363058955
-7.347253009075928
3.3762581125160045
0.37108801707037076
-0.057009148809760574
-2.891404124095475
10.730304419770683
0.022548139140944112
4.559938120532293
-2.059181123752343
-0.27272012641464743
-0.6238398515892462
-0.9704463325223303
3.5374195364271026
-2.5896500752742915
12.213940709466716
-2.3520203890513938
-4.33024489135418
0.21504584473591787
4.673053019126188
-2.4913725033350786
9.138842027452913
-2.8926195040365292
-0.9512881979889625
3.4387394588324023
-0.7737080698478009
-0.40829127428777306
5.2556570346843525
-2.038854282528891
6.8368536254976755
-0.9073414267774973
10.252874078404426
0.10710533515059276
-1.2790850903154805
7.071446811937211
0.04810631793394293
-3.753949188154005
-6.151208307120135
-5.0526346787701835
-5.896905483570373
8.555903314623844
1.9891795301255673
0.48133635354951254
0.220977553535867
-3.7743900290259975
-0.7780769290305818
-3.872148669609867
-5.298476005479454
1.4600710382971263
-0.147759869646214
2.3017574832417544
-1.4759139578236757
6.285874579546864
-4.2599664830908655
4.068681695126632
3.631332326801315
7.496961684931532
3.474454276940234
-1.4284228088966824
6.640873904949094
-2.780919122760907
-1.1033829722323247
-3.720566659821528
2.0678361405356234
-0.34849105897802524
