-4.816315544292319
-0.5208037955355265
-6.022722867424641
5.6003899996935855
1.2666936683967356
-0.306802638467293
-3.0242745681390657
-3.8848787084543086
1.9040177833043805
5.765592029069687
-0.6776544925380863
6.847128240372352
1.1886871058032833
-3.557828040135645
-1.2635065589137753
1.7870913057960838
1.3490500949480635
3.2030380575818187
7.249784488434576
1.7775319567986136
6.423986435772452
-0.9735190041035742
8.763336398533651
-1.623120212133613
1.45400033737995
-4.144458600857662
3.7236342819195354
2.976974235525148
-1.2490235701896395
2.8643543012749992
1.5289868575900398
-4.397707432220314
2.882113773482445
-0.8857274410755366
-0.19089170400028393
-0.12800464063327985
2.416944463002835
-1.427746546903597
5.707882424314398
5.0488980099549075
1.019342307285866
-2.632350905874388
1.265889172252302
2.602266030781179
2.269555577441211
1.6929389421284036
1.5300277327309928
5.335173284251159
8.608055775405186
-3.9641671825077855
-4.726730865576249
7.994572177827092
-3.0939836694173772
-4.865587356880564
7.8050305879964
2.2053738645625875
-2.0517871471132505
1.1119903079738003
6.272687314662242
-0.017068080793960813
3.068089684778006
-2.069677600909959
-0.2599742149119584
4.1595144335539
5.974011514813349
2.3301704417973497
-3.3741523856267093
4.3173300384356805
0.7285906296049733
-2.9089571698685184
-1.9819411684181127
2.1916275918622077
2.669281870776269
1.1719703838145956
-0.3829816034083063
0.3000853646164958
4.371151600794669
9.087123377398862
3.613367969527842
-4.629631467688218
0.5883461665878076
0.5813766635390277
-5.767949079227199
-3.6445557201472543
-0.19693711160523775
0.1459606701349383
7.665633713057435
-5.402629654039861
3.5697235417469084
-0.22803171365814162
4.0573486880305865
-3.925207342414142
-4.305950082249848
0.7400240940395364
8.368615982362824
8.377834550798676
-0.9961657623269264
-4.439890401310959
-4.293764967822287
0.24515204035340296
