0.572153311911151
0.31893811949362505
-0.9839159297219302
4.672981022572999
0.13212056470730896
-5.161094385290214
-0.3951634138113924
5.369263241577295
0.9515233031627557
-2.0429635513714945
-0.8427578698816027
1.1478945672314431
6.197375868231897
2.066127500296469
3.0914699639013103
-2.924592947760643
-0.35042163560150863
3.003984368137465
6.899872133429196
0.04812830080383837
-0.41996977559917575
2.984144772815395
1.0191233344441437
2.747337464627593
-1.2581817003494926
-2.755539562213386
1.9502271131592646
1.334607463851273
0.5398622715079724
-1.9140296673894293
-0.3194906934060553
3.513547851320956
-2.00096639477642
1.1660316381399902
-0.18603046059292766
2.127127437021142
3.55142390800862
0.3105225296686978
8.724161601931069
-0.6127386665131646
-1.63891441828221
5.92940745253751
9.068769253257921
1.3764182309717625
14.350066011944481
-2.2029599238954
2.313296555177076
-3.1326861871968337
1.8014949109854737
-1.82658331795919
-3.5204108257487245
8.404709838152456
-2.3936924580640317
-0.5199766289801528
-1.7194236614420633
-9.16083467450814
0.8771337274319735
2.4878629943308948
6.269956889428804
-2.8680496541249747
-5.614031825594092
-3.505569580942164
3.1989313582066274
-1.4812683649837743
8.20473223088648
1.4412186080009008
-7.915133807933201
8.108302781376544
-0.6903425913263721
-0.4471425212328105
-1.7523436208864673
-3.8370023027560505
1.9872067684134045
5.264520587993307
9.084935858945482
0.5179447751864841
1.9393475654426973
-3.048664778638272
0.8006920592995261
3.651956834774783
3.3953763907261703
2.7574149208067125
3.623647528520448
1.982528714692286
1.187007011431603
7.00907659571476
3.2174783193649166
0.6802694210268082
-1.9616950238104698
1.1887707692837406
-0.9003001769473027
1.253790122878486
-0.1270941966872557
2.031536148661818
4.000261570727493
-3.062419934329003
3.891498037076228
-3.1490480207109135
5.317225594339423
1.7770181302090466
