4.70726866557954
4.198010772665455
-2.9375187307990966
3.863418610755218
7.347648169861193
2.305513691258284
-2.6969469402404522
7.4747732622285366
0.6321444289087054
-4.879275543409259
5.14552711487741
0.25141900245092896
-1.767545574589389
10.454296037000356
-0.7704549376956813
5.64860287629257
-1.383289700756027
3.728018800613512
0.6311309198744605
-1.0154186305496937
-3.552607516705728
2.801735877288403
4.726746317386276
-0.29654024461880857
2.2635954223406953
-0.6670174863179487
4.081220765248501
-2.1099971344547335
-0.17345135100348985
1.043346168188869
-3.0575623082747656
-4.143255933242905
-1.4741613161664604
0.046398163698140954
1.0899354730169373
-4.957738270552308
-6.495099143974247
-0.23571861978681116
2.153478722705334
-2.626155521267888
-2.0940177275625413
2.983357211159422
0.8025399590706244
-1.4992335194606956
4.875200086109453
8.160349451899924
2.7763623253797274
-2.128523485055522
-2.6228898318125617
-1.9291169141062756
0.4246794081013233
2.54591646406993
0.148831104062676
-1.3381097038291778
3.770514862690323
-3.766203786071012
3.559858943215195
0.24478278422537958
1.3383708868932076
-1.2184035784244416
-2.0105818915758107
2.12594803769262
-2.675160432696114
-2.1207100271090416
-3.9404933043609964
-5.390514884898961
4.295240709266426
-0.5674075620886361
9.240654011449914
1.7222449442783951
-3.5255393869178726
-1.9389044466863121
3.171171651679531
-0.4829777044570754
0.16525787302846806
2.903997943041267
0.09698245794857024
-4.170118970801491
2.8460276883472
2.588852319068125
8.968905245404368
4.4035023040935375
3.0719015079051495
8.35122206960176
8.911129696850715
-3.8023789981006217
-0.5925096365679492
-0.8945845684724161
1.6898178410729483
8.75712727827472
5.636375126057632
2.474313665351863
-2.7451070675733886
4.896463857057869
0.41630205693976263
-4.578296610495238
0.12068862820216217
1.8787955152986169
-1.3777385777914564
11.701018246781342
