0.3011273350530756
1.639866209938189
1.3760976926477657
2.6583705355850347
-3.6176199911762503
8.124708523960738
1.8997075859302992
3.4677801612628194
-3.37539416612102
2.748743420884131
3.942005631164526
-0.7069548943346429
4.851514079428233
10.5338988630638
-4.414374620653213
0.7434085755660848
-0.7996192212217591
5.3033092142450835
-1.259925596631572
-2.4079578539850726
-0.5420073095566863
0.2143203777848107
12.269256821092792
7.353169677883845
1.8067259427670974
11.160834632278197
1.4374002959081755
2.096513441250929
4.022467016607359
-1.1555768837360305
-3.135814419016679
0.36587768819017874
2.4121364401331244
-0.14591323318762836
0.06463103803629631
-4.979734898497377
7.369430664152216
7.124779219321832
0.8273525561295134
6.659040510362497
0.6956969329096245
5.3084984965748285
0.6897866882346048
1.5293977282215496
-2.324578530014331
4.177107837613656
1.964593316532588
2.082270163746812
-0.4016313275098874
-1.063447292181646
-1.4561401600456092
0.2759985302917724
-0.4211589597205395
9.211905225779415
1.1902982171989098
1.5687635324970879
-0.3578043887353087
4.467186402696138
-2.226145285912131
8.821074449900626
-1.6313245292862746
2.8157246225205936
3.9854722425771962
-1.6691123264737804
3.137511911330803
4.491163807679223
0.8698007029143273
3.6851258696437816
-2.057741662368082
-0.27247853068388234
0.32536246965067817
3.9517331877260684
-4.844542152262296
5.107677953971928
-2.0709275648815337
-3.2004306316924076
3.8136503553803323
1.0985069964005043
3.1577900198549367
3.739459078984675
0.5108144613150352
5.322571508482334
1.0156364981943249
0.9905515741252384
1.7869378993181253
0.6007490806126172
2.277959431701109
0.40479190154265743
10.374940000723159
0.011399041993782194
-2.139274768109108
3.804065083494913
14.32081834708307
-0.716022093126139
-2.4286987818452834
-0.5581044386617773
0.495309869192989
1.6494694721298657
-2.3372508045716875
-4.102390777511172
