2.010706204576396
-2.599366365839372
5.054598739770654
3.2563793333346713
9.777368334095126
2.187997005296578
-5.973894857448096
7.688551096779658
7.747858134076692
-1.580681240049942
10.757280571464019
-0.4787439065681822
-1.1738839787688102
0.20474478240692406
4.308171153016755
11.975577236762184
-2.547548746869979
-4.01705751538918
-3.3736890210134063
6.202419355875218
-1.9075216598019735
-3.094122068011061
-0.35870081487375655
2.4204122113976583
6.083575336632437
0.4136517860282438
1.3913907299413675
1.3155246033080874
8.074250068774269
0.7032362966312142
-3.948585367241778
-6.096673573328623
-4.274934889000846
4.32762506091812
1.1732758655972608
1.4452293724759542
-5.884834126976017
-0.12631858432761003
0.8685017223410711
5.804019203512081
-1.0455436159836131
0.6939498741888157
1.1619316228742231
2.8103415180921254
-0.778918633559322
0.9979802228146948
1.2837391812818963
-0.7673056278580599
-0.17921713894548302
1.3658817969977717
-1.1364317777172173
-0.755546795278707
0.9369922725614847
-2.3883176367685994
4.545061156317603
-1.6592766197457884
-1.8133156301060618
-2.0746277323668734
1.7824220305739717
12.5699454268932
-0.3680243435225833
3.0366924568250573
0.24459000184181556
-7.180621363816343
-0.42945603837850277
7.3584961436712515
-2.6956585151472714
-2.4488505710815764
-0.9898307917779581
0.39420197108658095
5.171550057460463
2.713306935480033
0.33706197382800573
0.8964007552392061
2.711484016540656
-1.1334830027280334
0.30205624019897803
-0.9818027874302828
-5.5096369833678
-1.0340205860454068
-4.12863968410066
5.719335383290884
3.1439349012766007
-4.3975265118779
7.84633244334116
1.9629338253976727
1.4357228463363387
1.3940640293786717
1.519620089382572
-2.761652859340492
4.41396813640664
-4.888903994696139
1.7469520484356416
1.8641625048661776
4.50183703356446
3.165603215380451
1.3140404369936904
7.442632104292654
1.5462113358646907
2.2566846237973603
