-1.1741483586656036
1.293608523053179
-0.29853714623311545
-4.843051933798829
2.704688180931411
-1.0939221766568799
2.129574577124468
2.754391671692971
-3.141006598983288
5.745702828066607
-0.5950950881808561
9.482431226203307
4.227830885692068
13.203916787252163
4.1285951780073695
-1.34456294023919
-6.2196607059585105
-3.1373864011778396
0.17110762296700088
-1.1066982154260736
0.1606923477858616
1.2499838184135137
-4.151568121922539
1.7612541204491707
14.597324224341676
7.832699306030314
1.1478266863031725
0.3756038251022492
-7.56895175710847
3.2174281338956416
-0.14721957834102595
4.245976199711311
3.528319984854271
1.8704537832911738
1.493097803323986
-0.7352881948828074
-0.34178261808046057
1.5860192006439204
3.0474072535586663
1.6480106172699955
-0.8147449407060363
9.108588254548621
3.290958528135229
2.2057692940567795
-1.3074849245815343
-1.285685732277094
7.616791917175595
3.8136063887189744
-0.3016648612414201
-2.1705360862783474
-2.176876617942443
-0.39487724737894575
-5.0621987933888715
-7.57938742720053
-5.946804972494752
2.209510642017258
2.376426064451907
-9.8262052163824
1.0538406901733977
2.5392663946491343
10.957506394177717
-1.746481477240728
-4.700084077436324
1.8640103530657077
4.8947904373180515
-2.173301346010719
9.650578482968832
1.0389319829056292
10.38459992157913
-0.9856046648167096
1.0488685610946948
7.245360150370297
-0.37426788702566244
6.017220346154625
-7.6205273534824105
1.084472701578969
-0.37150734812220065
-1.8873440010748173
-6.127485410075817
1.277584025763804
1.6460012499485264
8.107817848827501
-1.2672173733284877
-2.322552317227152
-0.6744840382884817
-1.779489491893044
-6.059117870471036
-4.454812049407586
-1.6990850939095494
-4.518318229158651
0.6846642296775085
14.195470970597277
4.249064295142836
0.21368516286333278
3.5326802050052746
-2.901677442135301
-1.0614919358333137
9.492025496996469
0.7635066804448172
-1.860571727682201
