-6.403762417236986
-2.019047758501591
-5.373099612214145
1.2283877051507415
-4.424811018198588
0.6610935161262855
1.215853164563208
-1.761178887731657
0.26801749742132386
4.6639264515250725
5.061918903434385
-3.20836353763886
8.059995142283384
-4.604246069215359
-0.6084835883856035
1.7183915071533176
4.55838941725028
-1.3016349906948257
10.395127670902353
4.5559295336639245
-2.1294373554638963
0.8820896195225136
-0.28223733390034755
-4.184181544958793
0.7433742785265618
-5.857604813547546
3.3557617662343295
0.28811805650024147
-5.876629735767374
-2.4346842208555186
-2.000715605906377
2.4992442709557103
-1.4693391575364891
2.9843557939188887
-3.7317303520185963
-0.0955109306149439
-2.8282888211515864
-2.8108410110029918
3.735914448425445
4.097169150512227
-9.035912908903045
-5.19869288218352
1.0429718501874532
0.28310796735782956
0.45056205679649175
0.8511089283211095
-1.120314937900737
-5.215206480501072
6.723433431740057
2.6015745882617374
-0.6799772839735213
9.471351239389522
4.670139936442872
-4.385536028049141
0.677792970707166
4.21065706934246
-4.690801728855485
1.5762710200202903
4.245760623839859
-0.8182854308823972
-3.96042952858273
0.4583242334179194
15.812641392655795
10.423466086562247
2.0682154418189964
1.4739364389259717
4.831428124356594
3.7727858792408275
0.12905331237517967
2.9514142823026868
-1.3219135950277041
1.349125734365961
1.3510009876303175
2.4625960821308928
4.5493295766235775
5.475063386910762
1.1046671136194606
-3.6199362412483644
-1.3861341778677765
-4.706804680245272
-2.1298896457000573
4.072827667050106
-2.1008292788236194
-1.7626288433068868
-5.076865892050918
-4.52701857850417
3.4762294924840322
4.715747142978354
1.3866255541029997
0.01854792515957933
-0.06285471948274213
1.4573432836014883
-3.888073510416111
1.183649829947526
-2.016915074382133
3.244003746436717
3.031787143979072
-3.1130024717250118
1.3985121441316695
2.8657765818070824
