-1.641333247937411
9.003354060557417
4.082224097872951
2.1135817528137446
-6.488204887835092
-1.8336388646433446
5.629922131178555
3.2880614869748053
-0.5466903575432384
-1.154060521344528
7.264941926029382
2.381350757711734
-0.4255207847727279
2.2726546855435714
0.3838269342860755
-1.350712590784324
4.599937997401305
9.075404393414162
-4.125333950605549
3.89452685707687
3.9606786680409063
1.6675053211130546
-0.4809469623258492
0.1281710563366536
10.293219258913611
-0.7149575805702808
3.9578039356715156
-1.684808294945187
-3.1504268226994356
-0.4930889532135697
10.9588395306742
-0.1173825915183217
1.359663523452745
0.2474630829379993
-3.0382578354380456
4.077422930869554
1.252407153429694
-4.6804735681609175
-1.5342123260503309
0.5961646543319195
-1.5067102701850483
2.678984655558251
-3.040923449541986
-0.12214057296749617
-1.4731124312017245
4.467620509271888
2.983268382325062
0.06429050375532659
1.7044073404916023
5.165449771159674
2.6948620642889716
-5.480671936332196
-3.7635656272073716
-4.057110200313253
1.9227109522665082
0.6384539661269714
-6.614051382357363
-0.4200172934151999
2.3947280981387573
9.049561153083639
6.473018827573666
-4.054103569816533
-1.7389208906064502
1.1828890212851277
4.0097501730148
-4.854772892499929
3.3559278078354486
1.170034971718101
-0.5662185526493406
3.7455069337938776
8.536897460605235
6.9095689448623
1.2215461821387252
2.193609269710993
7.728619486080197
4.579933657213704
-1.6308583213675099
-0.05831792663093867
-2.0197748247518597
1.344515890033929
-2.3459904820148774
16.11868458679229
2.1830930473569365
4.375638512550409
0.987277864533763
-4.465047876104995
-0.5342017470057978
-2.212741021520054
2.197148458788883
-3.212581120418926
-0.7240269356716302
8.745104604707164
2.506317962702684
10.628549268451017
3.4468079826291045
-3.809081725880923
-4.343380470424914
3.6875659906609566
-5.025289726384054
4.159198736870009
