4.688785083161282
3.950867606725357
0.7912557819351802
-1.6875577381920608
1.4880386271703014
0.34855385950176215
-0.2619162042880184
2.608113740880741
1.207904448823758
3.678277399457475
0.46071391571081105
1.9990594563884958
0.7933146165374405
2.267406245588706
2.5305415626851797
2.699656223421883
1.4878404525522329
0.31816560411544925
2.4250815666324095
0.992581162253189
1.5101445693109088
1.6006383290845556
2.7666064994291903
4.700239372572369
0.19652297237819347
-1.9714999134885511
0.6023640535000554
0.8035298109953567
2.4333373105607317
-4.995286202161738
5.114698291767298
6.215970676014575
-3.6000287428366273
9.558232382267489
-1.9661885433745563
-3.144054779224654
5.891502464018808
-1.7393222194054638
1.1718387917347461
-0.1876608065433351
5.391547248077865
5.060265537736962
1.886595086293302
3.9960375382071076
-3.604820182153362
2.0224000679745293
-7.111659323277458
7.963679227080002
-3.5795495037736305
8.848541721965216
1.3049103212066462
-0.6753180815644115
2.414160592728374
6.593605753386344
0.3358595616135488
-4.294935020035257
-8.22351713404729
-0.015978994118436653
6.079566789084492
-4.639220021761716
7.528642022629461
-1.64783597044547
4.649384299495327
5.787409128835147
5.240339402815848
-3.5473941954961656
-0.4748277492451276
-1.5698940048663175
1.881780392016807
2.811632692239
0.8461140562069913
-1.495612988439749
2.5435150740579897
2.5479183282699496
5.837690572557408
-0.8122125425043939
1.3902409969379197
-2.2242447992964287
-0.5903566802927944
-2.061254761988292
10.2298884820337
3.9845530611790747
5.736241147325115
2.0803133528512485
-0.66326375838002
-2.748663152254299
-4.684216233305612
9.209511151278914
0.22812745357324518
3.0255324650293822
0.856654267263476
2.4552206806633583
-1.9004601613068535
9.781844445591652
1.5365068834254658
-1.0811313243759706
12.156202268219268
4.78589154498475
-3.2361975739233593
6.800582860677542
