2.9458519375007066
9.886955369100342
-7.3067813774585755
4.531571040595339
2.883789367646
-0.24656613571540742
-0.387472623055496
-2.075951749661306
-0.45122831745387815
1.6118929507959245
1.0608403191779998
-2.216517668137266
7.6310822662738795
2.9146424949143466
0.19437987272533513
-0.24978335627354858
0.02068335823034776
-2.6239174586187763
-6.377392250772367
4.27696427730426
-1.5116194911687462
1.3820314195914902
-1.1323968853007005
2.4074139775789227
-0.5216324534681956
-1.9016684065727745
2.632286320473382
1.6572743526035687
0.23772968568351477
-1.8517826026232216
0.3485735355031145
-0.4909199320054669
-2.139699696859248
5.590780087640067
4.029888835001171
4.979323933015181
0.6136687187102873
-10.607239458713728
-3.8114180318184983
-0.9217393151379579
-4.0069009123210755
0.6205594022793568
0.685752691405038
3.575184092814828
1.331790493044842
-0.23935797183451157
-4.4425468771764045
4.851486244305759
-3.8162034500423356
-3.8859658156688153
0.3713698213347473
-0.07127711310367431
9.146815434683393
2.428532240966966
2.487281003496214
-1.9257051150250193
-2.0483293051352804
-1.2372058569648963
1.2858602707862525
1.7922337930114283
-0.17089073292244272
0.7063813972681087
2.4967373270403157
-7.032831601648102
-0.9158697808545795
1.400376415855358
3.032865385536063
-2.0239460496063364
2.5282417446131467
0.12771276281152913
-9.427343020016462
2.4045813789574466
5.953681375166806
2.976001510603977
0.7521911107098103
-3.8356456254082634
-1.690943561823632
1.1793221533302347
3.746767648969441
0.7727624249920961
4.2986162767630125
3.917714686473554
0.7419625952186579
3.90413307332273
-1.2094071137213056
-2.1088656995415014
3.2117212050908064
6.5706663677535415
8.248827659520524
-3.864712082878241
3.3664277381729804
3.5527593081661832
1.1119681873619869
-4.340770257760907
2.448729190674232
1.7806093562052947
-0.24585090455743663
-2.30690817609753
-3.634163258210695
16.080096475116648
