-2.159253083214464
-0.37843321157044824
5.796296778532321
-4.730689277989768
0.3916458860460933
-2.4067272026416906
-2.525370463623174
0.45559818951346165
0.7137426967817944
5.364044782427641
1.6868445620980603
0.32564400890191275
0.4246343150282502
-1.5907580404164956
0.6724145401648971
-2.2663080129540147
7.057140149944937
0.6218027280584625
-1.555760756568795
0.033141428876886106
-2.5593625965730586
13.248843456821088
5.638212948827916
-4.25172861995635
-0.6330602912165064
1.1573032493890385
-2.1802561074759557
-0.22775910457055998
-0.13179352136529235
3.520906324104486
5.375422755285425
2.1382958885057928
-4.647566553540237
11.247790648005054
2.0650115657910035
2.962189147255388
4.605797891266625
12.746969418123797
-0.08922301055842594
1.1349650754398626
12.116061111247173
-1.934656213000379
2.5816252046860697
-1.8781014710876462
-3.1784393609623485
12.100368478820752
-6.384913275737358
-4.506375305819924
7.651921565660467
0.3545846088306971
-2.943066923490529
7.010301325584009
-6.938811099160768
0.8172485207956386
-1.3144265750588349
1.4855984144838452
5.049675734885086
4.81620325025939
-3.969668367591356
2.5635472514962974
0.994717950321768
-4.10538115268658
11.697346375407843
-0.3904145781143325
-8.274047153012079
2.2577655197990456
0.16736230477592265
5.177293481008768
-0.05933416373274765
-1.003682496307657
7.161807349006745
-1.024581913796885
-0.7141700259792128
0.3203174872507767
1.7285838761547967
3.7303574683112966
-0.3125604312742337
-0.7412853607555947
4.012269118176388
0.6984542326361012
6.56393839799648
3.7138634743292083
-3.1068105276473013
7.825806654695841
-1.507717562069312
4.8702286409992634
1.1409120171065057
2.2328165189588134
3.226401746705779
-1.3321902260276746
-1.5158325677228963
3.889099358907207
2.6317043405969325
3.782700812124906
-1.9971659587767365
-1.3160462140903337
-4.619848776702809
-0.6491246586006052
2.743403384652655
-6.7437591590003345
