-3.0228387778471575
-2.2466731018032453
5.61572704224852
0.15444563520062768
-3.161254989661866
5.502886046556436
-4.890466595741375
2.0689522641980154
-4.265846072723977
0.002840029393966219
-1.3669509985166048
0.11712332351576102
-1.1271100555903708
-0.8677757322359445
1.5469344128092324
9.411592029332256
1.8289595182113407
-0.4686019316658141
3.7775204298278733
2.1903225141335283
-1.00573385881834
-0.37508873259972153
-6.86861493656591
0.6293289117050298
3.5119747343230907
5.716258000198484
1.831949895255471
4.10413546663586
3.2585605913025617
-4.960943686191429
7.793982304981748
-2.3361359695204955
4.268422566798099
-7.110118606142748
-3.346319134539902
4.613465142002834
2.425665973935599
2.2883452184567057
-3.892141905640771
0.638413198726643
5.158532611950767
-1.2054072034367167
1.741303656387951
-2.221776925611244
-1.1526083225479713
6.9271898429202015
1.2123364730671633
-5.032935025942756
-2.3354261316884575
1.2860491229051612
-2.95316451860551
4.651245494241725
1.724064112512635
-0.5965701585290552
-1.4840960314606058
-1.6226474106216355
2.1838822597189123
2.1592294990868317
3.115098230634089
3.897000300854669
5.229592021179934
-2.7652420542270804
6.1546557813416705
11.087922158267627
0.013168957788008629
-2.2463379039877376
0.2085210738100194
2.9250280387677363
11.347529768285955
1.6422594514285025
1.9364158334625525
-0.5803267791075051
0.6397567938813923
-0.7985230126447984
-0.4023497501516057
0.35724712177243356
0.3760183425042075
1.2669685337786671
-0.7557997146390776
4.674188466073922
1.5661574681463741
2.1983533152975223
-0.30452546579521483
0.2269715466989658
-0.9527162061889092
0.8120180590907603
6.4773530749136246
-1.1360414003013646
5.0878922740932175
-0.16665252774058908
7.0097692599042105
-6.101782821886954
10.055637040763475
-0.3049843933156531
8.88994583855288
5.06357506270871
1.5248359269805856
3.529221444172189
-3.366530807323217
8.170502064395478
