1.412326213786505
10.245209016544775
-0.25101479801472276
-0.7298270499179584
-0.47728450689618995
6.5724092309930064
-4.922068779056981
2.159419586345507
2.555238152123049
1.5328911796226734
-1.337136582347434
-0.0002620935483374911
-0.9156643166943206
1.4255044154253516
-0.8068052914191157
-0.5991957771792352
2.1369836720478625
-1.943551300622285
-0.9816170957274366
1.9107410512328489
-1.1874683672332522
-1.479242467498867
2.5080834494506457
-1.966687622179705
-2.3155445359809668
8.352861284290627
-2.5189403111389757
-0.9265648219972447
8.971265121879782
-0.8122042429262197
-0.24281676478637032
4.239994175847018
2.1417735870996277
-1.7282562981721143
7.854991096942174
-4.968996765106986
8.710784940147622
-6.6837969149456455
1.9653677090908723
2.542565846841503
-4.361745898901068
0.8532133526222935
0.48694116004113425
-2.563226714523565
4.863488317039156
2.207496221842502
-7.260057512167096
-1.4474211201768457
1.310384540039643
-2.0090653771073166
6.855175947019472
13.573573282061215
-0.499739045105344
2.328424384652367
2.6296519129261338
6.363904615284537
-2.206604499421741
3.8889518468644537
2.3061399342622337
3.7138493092371614
-8.59923871037595
-2.0374065770869967
3.0847734688701234
-1.465551870085409
1.2754815401095267
4.607282093254442
6.717340082629108
-2.550767816107303
7.1478349984049885
0.1377749518473816
0.7251674907409831
-2.162079011912667
2.02665402877604
1.6234939867697018
-5.79956395282935
2.9614909143714607
6.28649363714014
7.353701793038135
1.2081879228604775
2.1973357213739018
0.5857343491804483
4.112120755201296
-1.6386769302591309
1.6754296871709125
2.3636628186830584
1.318549071091767
1.1466159334319106
4.233331396565647
-1.4348184124562677
1.678232714814084
2.0695505281831474
5.66207775288148
7.420363133943875
4.53757314773417
2.2074079543463148
3.903046416422246
1.5231601150101979
2.3907286329560176
1.1152733909698525
-7.00700668400217
