0.1150530342454863
4.561423564546867
-1.286122303000509
-2.396360038519996
1.5837016798747547
-0.5309425569792713
-0.27224751114993645
5.544674345322796
-2.6779801304673554
3.621181295574188
-0.3633331845274914
0.9246044877309159
-2.3220976502518327
3.4555748959861905
2.679159091355382
5.008318176475011
-0.5099652602096824
-0.38757487444979444
0.07262753396331248
-5.2887350080527
-0.9432831775810673
2.960470967928285
-6.972897370692671
-2.2359691663000705
0.9559285654793064
2.7201900825764374
4.856325740113817
-0.7655738229015239
2.4611127748497528
3.5720965902224657
3.967666141578761
-6.52585736072834
6.260648898146979
0.8469030882210791
1.4113259084014285
-2.2306031227780307
2.1915783805127793
1.2919661751234042
-0.033239619361435206
4.097351200925603
1.4506551619039487
-2.3682626790677648
-2.3015421456657905
1.0731881444225544
2.6894624636784146
-0.9218044463745829
4.091536057391355
3.996976423000569
1.9628785159880087
0.9327138186250331
3.004304319787046
-3.506856462005577
6.7810003837826685
8.414717622611185
-0.644999152990855
1.4697183817741333
7.035587626841751
0.35587540806997686
-0.592453284401099
10.328595377988965
2.097853855421678
-1.5864101353372146
-0.20446125177948704
5.394809422576853
-0.9883036116442119
-1.7960830249341377
1.4826294408205627
0.4057687924323174
2.0191126697469333
4.580809068337839
-2.6363762340234116
0.25081078889078423
1.2228190641748329
-7.68004585386436
7.3215957911824425
-1.7609787313741512
6.485087633477273
-0.46429055144925213
-3.517023879015765
3.9402358462584344
-7.6475866766743685
3.9916089099097363
2.518770144238246
-3.5695419860742588
2.9983131593129624
0.5362055136130665
4.482695214396417
3.035826353456793
-2.6717383033160473
1.391111280055903
-4.358385485760425
3.1639261690650304
2.270679262322457
-6.1501823339192905
-1.537045776118923
-0.39448694474797674
-1.2111037839553536
1.4815632510924523
5.00775463250406
0.3720792963296803
