-1.5531111204832921
9.240318945324058
-0.0685693088705441
-3.0137267826307683
6.30119737839343
-2.3935612997244036
0.4636140557278953
1.0554075412698567
0.8555110562711606
-1.9262193350833785
1.3425155758769511
1.828194323066863
-8.781824989769156
-0.021202706368643756
0.5939241082066924
9.014852891548895
-3.2875900747622766
-0.8004788240239188
6.508275244083202
13.010179837948666
-4.499478631764193
0.4576915945090658
-4.830090194424826
-0.2608037763776102
4.749640763120911
1.9806705228220898
6.074178415702836
-4.178781118171123
3.4190735109467756
4.5169068146296265
-4.874445762363891
1.7564096652457217
1.6717285200668477
-2.241747124534397
-2.5879165389368977
4.530034717131791
-5.074470310055841
-0.3306706171382987
1.0892289485616096
2.9009567082072945
5.786358594758784
12.309303734051966
-0.12487226406598094
-1.42810954287161
-1.255766268925639
0.9379993797462425
-3.629764560488084
-1.6314038703456295
1.6384169075472723
9.549490114410808
-2.3851694933284877
0.7862234139465551
-2.8136363049140156
12.91504408725409
-5.16440074160602
-1.142968216370738
-2.380748706424361
3.757359480581656
1.2389967149697387
11.389924587079971
1.2666783492692708
7.055579086784197
1.4568258491337804
-5.344063222328701
-1.8731320683188466
1.7004019679134794
0.5294193552819613
-2.4321567525628183
6.078278314710422
2.7226201025442327
-7.329863261861191
6.0446238679767195
-3.280889264285864
-1.3869471228047838
0.7804580275138149
6.065448307354279
-2.0164403035023235
-1.160327205975576
0.1791368793377588
8.617383511712596
-1.68515108060749
2.2651733205804727
-2.0996171954606027
0.19169589287128833
-3.8193887375369266
-2.8431760068654413
7.447582502533305
-0.8824887258519286
2.668443148800919
1.2168189430180871
-0.3681659787464093
-0.5094188620294834
3.943517233654216
-3.4632649309421355
-1.0487963016417687
-2.6143530800134442
-1.8659175158714558
0.3927312772539665
-3.6530446039025875
-3.114253162670485
