-2.1590636935482013
0.9217346094907808
5.456514316693856
5.540971520922316
-1.2214323834009722
1.966183739286952
-1.8634383749070444
5.31610838824321
3.9977243252058243
-3.9708422382410085
-0.38201402388486005
4.031037907783682
5.1242043457060635
7.227361417364393
1.9517903212524184
4.8777397624014815
9.702688195249536
0.14014451597255628
14.76237105078491
4.363674274909258
-5.460463881910704
4.465683328090237
2.7104804955330346
5.06176490356702
-1.7984925361813207
-0.19384386634750914
-3.5763668431983424
2.9655179744821396
1.3400366849527487
7.045165414075853
-1.868752365044624
2.9500365866292966
0.9548077662121124
1.4361342760180618
-3.487036700396591
1.6860702957438578
8.128179314356146
-0.5043643630811839
-1.9517086355907725
-1.3486446879511256
-0.058403291762430386
0.7232793116239989
-3.665250830301331
-0.2428630916988999
0.6672276553644028
1.8004934145174465
1.6192716428392488
5.649942851387166
2.8229006429578587
3.8267794807861897
4.307993695191354
0.32964955211471403
-1.255606086786724
-0.07601369210601011
2.6348920277981964
-0.14529622204336767
-0.30892233503028976
6.848957711885279
-0.6230404450282243
-0.07999164123810538
-3.497135862125969
-2.117301116335134
-0.6718328672489269
-0.6078743247670678
-4.101647841262243
2.272250951249735
-5.401565384839323
-6.499531322152789
0.007573944765820199
-6.030608328817218
-0.20760639661022168
0.11607419028356976
3.4194077327464125
-2.173589245100585
-3.834455851546209
4.117989865975559
-0.5303334394354012
-2.04986325634124
2.5596350595217956
0.12441550517171476
4.616924851804516
1.2366474882022778
1.4393656896231313
1.4263353793135976
5.636145697647664
3.5102273494108154
-2.256645830039331
0.7051143129698074
11.383531335279777
-2.8461920558462657
1.2940955466825335
6.88481757556751
-3.6243674552405922
2.6834390676829343
2.706919618382419
-5.672862375870242
2.2105016466291993
-0.09058583019456988
7.7516752634051205
-1.8540205387847641
