0.4788954416905451
0.4813845810023718
4.059888108271672
-0.08831507974513647
-0.04453968857965648
13.416810933677192
-4.80964337478286
1.110253994700881
-0.2932844148989142
0.867452713232222
-3.00102910432933
-1.5312583894526575
-0.7292920668937005
3.11240250316432
4.234571654836226
1.7312733512997553
-0.14816591564616025
0.4568787975743249
0.897652165045731
1.3460984369792592
5.618360585730393
2.18833370930611
-1.247986219397353
2.3041749898381645
-0.9039892558730626
3.2048325571124545
-2.595692004762192
3.7478550321122026
-3.1534379911088646
0.16677064861246027
-0.80067734380748
0.4041569754843054
0.33617915499466267
-1.451850353740732
-2.0087923982143447
-2.5237694024846458
9.213777918974532
-3.7132029858359994
-7.9010571170153465
6.938233233880993
1.8938552426214796
-4.267560712565567
-1.3190481484352126
-3.6176435848423276
-0.9057511302336372
2.4418713007034865
-0.8472835658272176
0.6620483076419269
0.8348516476648637
0.40259978652979794
-2.7540984333956335
6.4592280336292145
1.8504666651212918
-4.0172316528969505
-4.6381777803460364
3.1099557617248603
2.1725903072476807
-3.246573147584213
-0.6870194030713879
-0.34778759645926943
-2.354091206826332
-0.9680735579973316
-2.424247655184569
-2.4040327370000028
1.370309423014631
-0.5817147056770258
3.7793897318955234
0.2775838017529802
-2.2870835326023586
-4.058877651998838
-0.3714802680483671
-5.254939585367337
-5.166068404847032
-1.6129120255639782
-1.076796859324767
2.3355110985769825
-2.3811004865198906
-1.7817352827137922
-1.7724226571260373
2.7049443104098394
1.989943028290445
-3.2135720497764533
-5.080106715477919
-3.6467703020507605
-6.054541517700941
1.6806927824068287
-8.563584778367323
1.7387240718197918
3.901995184789457
-3.8906782975021796
2.7457086561935595
3.705678729568833
-3.574999091292348
2.787182027270563
2.529469001112891
4.645178705390468
0.9826397865361312
9.949306940233134
3.1674832365681818
2.8427541239449896
