-0.9881852931955308
2.6347257212544575
-3.658730028666615
5.643268543070866
3.4419033212858063
11.095953155857579
3.861295006083135
4.848707483130608
7.759653983641877
5.470015906784255
0.31600234164955754
-3.0226707679587466
-1.6006218071031841
-3.155130821182471
-1.4959280735593885
6.957905377865788
-3.1911690715814345
-3.2922186332852235
-1.3287575774680895
0.8865691278452899
3.2822105305876565
-1.7827775653910107
2.4615303543692404
1.0646841228367219
4.3275409771050315
4.47272172084579
-0.8551636191958941
-3.7803150649547694
12.206317801037422
-3.784807980780635
2.6289534414234352
-4.949355872888687
4.947241132437772
1.2128986399177215
4.4278851395658245
-5.567520459163801
-2.212007305835434
0.38140732494775187
1.5892218315468924
-0.8873738255317674
2.2438552070404056
1.9812105702543428
5.227175313222937
6.979109220446232
5.1704184553782415
-2.807728014743468
0.48178660592892264
-7.28309994120053
0.8282564923492636
-0.903685975936023
-6.456726354774242
1.2008373696842396
2.915754017417543
1.167321807818808
1.8411333726544183
-2.86769325943171
8.246700825348434
-4.039433608969306
-0.843790905204051
2.03422852222905
3.604387204231661
-5.369653122677459
-8.178714943162806
-0.5567405218270467
2.496527947195653
0.4447590334608682
-5.344180781765315
-2.7055366343333
0.18440250294628754
-2.906937688928977
10.423558451137502
4.712668401394997
2.834567363100796
1.2730104048751556
-0.4892527331149441
6.434444435733026
3.0234427107297264
-0.34700755418448553
-1.041422033260719
5.052117625417615
5.84879696131011
-1.0078770930247956
-1.8932799866935546
-0.6290722780767526
0.9970536580139329
-2.6981223678708686
3.3253067921548474
-3.029093786128964
2.0472343892215186
-0.944467547447998
11.209563862316802
-0.3315677985503934
-1.1253957563745132
9.889093331635753
-5.018619773773684
2.223026908025739
-1.6353109461698754
-0.08059853956820312
0.30017489294876404
-0.5740370587027459
