6.35538411824852
-3.1110325724914922
-1.609658336166388
-0.33480942620308585
1.587876462242087
-4.0057932968925085
-0.9445674577813351
-3.463523328675264
1.5336229731830555
-0.8101032533295491
-1.0853696510415773
-4.090980750488518
12.519313941539131
2.8751552315375597
4.0680851570651555
2.3327941648388517
-1.0334582181410905
0.6771718352419452
-4.3989691987413035
-2.018697976254476
1.667619617089747
-3.7979136386588803
4.385486417935062
-2.277331751464771
4.200763349859988
0.10496623583179002
10.258805581670241
4.894286887188462
-0.7719436576437002
-1.3130835384544512
3.5791446110152187
-2.646812094822104
4.373862582604504
5.222300328220434
5.507217434786959
2.0052004316995595
-3.5652384818803173
7.671791580492215
-1.744006884618361
-1.8744345225194916
0.597471710585536
6.603974404588785
7.03277961400693
-0.9208563349631946
-0.8404750898471879
-2.7202691876358043
0.8591230553613398
2.477267346413724
7.890985207181767
1.5401488751148902
1.8506567274955672
2.677886072626634
0.673965887983355
-3.7693293731632584
0.9047792838522675
0.07765856016671766
-1.6499647676269675
9.048251901386227
4.320170147140778
-1.601116572054802
5.713477662673036
-2.9786818230602417
1.1720745852204264
1.0767864154375744
-1.3486923910298851
3.814371198516641
6.27199370179866
1.7712724937195277
2.0865080885236233
12.381190387155652
1.671028592800221
-1.588563442432868
0.7682813601014483
4.0629425804529
-4.957132816914074
-2.1455484007109917
-0.19154357045100076
-3.324924147262244
0.11818006172188086
1.6144648897732634
-1.9244196085117333
3.1269764915335934
-2.3373853088945777
1.8474557662854332
0.25929975247273723
-5.803615687570954
-4.331055453075708
3.0181361856621733
-6.331511130133612
5.399519418559563
-1.4578073084999421
4.843522966471548
1.2323393001140222
-1.0988073586958538
2.956053435928415
2.9874598285395564
5.088219341251939
1.0840478520298662
-0.2699235134763738
1.2617729974101535
