1.8515397395450388
-0.18837794226776908
8.874514323032113
-1.3265820612175827
10.449360909139473
-5.454962674888287
11.491977118772953
1.4247618920753506
2.900746882316936
4.150753495739863
-0.9687941075019262
1.1980525959331607
6.046252369094184
6.8555787988183745
-1.3858279259294537
1.034590322147727
-0.350391205806284
2.3655477955284026
5.440207175590702
7.762219337629021
-4.439525148237276
-3.205747367624735
1.7280037022512438
0.9115559604719587
2.6397031068731525
-0.05377308724627966
2.093249535569018
-1.1222142675264801
0.27890558578666225
4.283574719456659
1.1021200955384378
-2.0800606943037714
-1.7059220586759212
9.364605197543698
1.658162987163863
1.7320691818016924
4.557571407058231
-2.76201954350099
2.2945957092080516
7.777088814359074
-0.4104474355857457
1.089711387819003
-4.030835755007349
1.3301079492595749
0.22233393324308875
-0.5612759627158392
-5.31326166346354
-1.9837664228389744
7.395548686286331
7.472607063435738
1.3314986484258624
1.7589060804580083
-0.0793090695831077
-5.992042862065809
1.1527032728602147
-5.390297801017831
0.7625979749512124
8.931541860113533
1.5209221131460202
7.390657360297681
0.5562702269995861
-2.9642971027071714
1.8272661910253354
3.679689128480654
4.418757878401998
1.5925198191693974
-3.8248657730256266
2.90824894893717
-1.8832430277961139
3.6110204320107817
-3.7917856098868556
0.5560886364871145
0.7767067612035503
-0.8949419007924038
4.813033909179648
1.2042592419584457
-5.301210421479805
5.2034762509801435
0.23457943806450554
-0.6309118782909449
-6.899026479987851
2.187849867727751
9.674980122504019
7.345390951256341
3.2096024025440566
2.0454313485568845
-0.2205237059184979
2.382469996079269
-3.946678030153752
2.024380199568506
1.9980743791100122
2.0472394019208395
-0.6835099767867197
3.4005422192908297
-1.1634843319555115
0.07699947474659209
-3.6199700118109615
0.34473188691684586
-3.681055960478906
-1.413711347521922
