5.563926779775791
-3.665459645688345
-1.6293505628782885
3.248797912295535
-2.984257376393892
4.297202366894844
2.603024962784734
2.2175727680516557
-2.430310562662407
2.9379791515902047
3.7940799971958907
3.5383583557234237
0.27298554236447137
-4.3390374121190955
-2.269034744523176
0.5270218590682638
-1.5723274140549994
3.2479950055733577
0.27666653794893054
11.86112729628349
0.17302021588562705
-4.011280535966018
2.605118173424284
4.475899450488675
2.438403394145015
6.671604664162232
-1.860444286602068
-0.9052307634293362
6.399328870529258
1.5831957681520015
5.344700374461569
-4.339004843578282
2.698364612482876
-3.9474059566761834
3.623375530694301
-1.2224214880816475
-0.9310284947154641
3.2928452903126773
1.5638695178811
-2.287984002132169
-1.6696369721484707
3.5131050579474676
1.5176738999201111
-1.5342724225081872
4.930649419692758
-0.3647394136241081
4.819679504422226
-6.506560128369255
-0.0944856164631154
-5.778728778697193
9.324026215512685
0.8481795136569363
-7.58606711390605
5.850133392911619
4.7513453538977295
0.8343400876092204
3.1036643647568622
-2.160747483774313
-1.8930869327566575
11.158603794876383
1.5599512263338629
-1.6300928828478005
9.502733364462314
5.091806545655167
-0.006170906220343768
-4.753797528086536
3.364289236925308
-0.3803134312139751
11.482131274095012
0.9732158176374268
-5.361994894246101
0.5898938709442239
2.546582372914554
-0.550638732394404
-4.777498018826372
-1.2346211458118945
-3.8766987674277527
-3.3241290710940037
-1.0899639636008027
-2.4431874277068246
12.264223987192285
0.5496083674792068
-7.783998348600983
13.487985591889217
7.015218484410859
-0.8412414730890738
5.340260829101723
1.2493531092125252
-3.5949330583013985
0.7679560993414614
-0.4792631635882131
1.380468509032399
1.5457728147403413
-0.7526004616509976
-0.4051645555319734
7.80175625064329
4.071699287498578
-1.9104775812565657
-3.5251510974667712
-1.81672586167599
