5.388106661636518
2.584819000597551
1.7059077431094094
10.62911432782479
4.488033966695873
2.3457800023613817
-2.9576949278882183
-2.780725237551566
-0.32686313079027196
4.416113659650202
4.174709676202097
10.274497303686196
-0.4616797551672356
-5.059501559059235
5.507806359571299
4.221380349668255
1.7900504099659615
-0.8651274899162797
-2.2779522646796995
2.885321214355243
0.8414107951303627
12.848760301804198
-2.885023199164435
-0.3224709874101067
2.749129921621451
7.343193515591591
0.07047605788030853
3.0917519757626897
-5.9359485432144545
1.4485617831345352
2.3373732593428285
-4.807664091889041
-1.5856587787627388
-3.232211915547923
-2.270254809927471
4.0049226923790275
-6.477798322031518
-1.2884279454671523
0.1656575759450267
-2.3240974163143844
1.3491094338553897
-1.1255854976799906
-1.3805617853876353
0.530784448419112
-1.1880472035237446
10.51459598475012
0.34495909951975334
1.6974071552182934
0.044268784234042964
0.026002634542182036
-1.2318611199899352
0.5041295554693214
-5.401642870549968
1.8727185653018588
-2.8695039439541548
-0.060848911824303714
0.5638008628989081
5.163714777415971
0.6086286473995997
-1.8577459437807828
6.437445035857721
8.311106037380977
3.3329774219239336
0.5271345007811901
1.4159783239478958
0.5579321075847111
1.0617566546342374
0.7740460202246328
8.649760797872844
3.5460172295038177
-5.8426631637279
0.8409822328042651
-0.9791043041772647
3.3333002135887506
-5.228141479155459
2.500330150640209
2.9278824819191005
9.90237897870795
3.595881717608437
3.3043854770990886
-0.20926852992537995
2.6701911952118564
-0.8545425465443093
4.8247855146997
-2.7298482891904734
8.17391161424512
12.690130730169166
-0.03507415891837848
1.0795199947557257
1.6587921609138283
10.10887919830822
3.199454904691374
-1.3089842705617127
-8.885723739949949
-1.5061543982787233
2.8418654158779995
-0.22342285526307654
-2.3549916588612474
0.7276872366433662
0.8451497165760246
