-3.0146987842724533
6.249145783872597
-3.8626144216733658
1.7221507624712846
2.654832730694266
-2.1046254230188692
-1.3362410733317933
-3.798488201666268
0.9201567056459171
0.16913513503692712
6.410524438553398
-3.760848962703385
-3.051668905647178
1.1449473404057995
-2.9530203478903214
2.851485147785061
14.113633026430758
-0.7174775707082992
4.336715219688819
12.672202607483868
-1.3748994028584218
-2.6598712044409405
0.28544295313658463
1.828788372165593
2.85578436976877
2.7807450383843033
0.9063083071226858
1.6110274765601447
-1.7165296741759062
2.777666577014476
-2.8928333088258067
0.4457639117368682
-4.91205985730453
2.0294525121472713
-1.2014905209161557
-1.0723069663998386
-2.685869403452045
1.4005207299134637
-2.836322746130321
2.8869574479688835
2.6096612336859293
0.5008476394618464
-3.366834736787987
-1.1817288198302869
3.729113102702163
-0.46069212052270214
-5.066560559421669
-2.035807405662129
-2.507737744717615
7.936663743771385
4.166490741721535
-1.070030717476088
10.71875037082063
-0.3484833629608728
0.18625930571002003
-3.885597886379955
-1.67791534823746
-2.3799925206985932
1.686360126219388
-1.4989125670676788
0.9572457720528769
2.2221909186335007
7.414000686682306
-1.6053931900716134
3.174646112188597
5.110387897967542
-5.332252914663023
-2.925896887858912
0.8688370226239217
-2.952467215616907
-2.9699850525637936
1.1799354831774331
1.1008008368873006
-1.6792727226801674
3.0513964890892864
-0.6579860135076235
-0.8210881798883125
-0.824598992047125
-1.4943902784967853
0.8792550336418471
-7.098990277929758
1.3026507417150968
2.7313483347280716
3.770006625445154
2.809858898128877
-2.155764428354071
6.372816599934389
-2.717903377623315
0.27599128896837105
5.795363530739241
-1.81096909560736
0.1314405536597795
11.668317380655463
11.593181691064538
0.8378084699322979
3.6370162545483966
-0.1905165132840282
9.009398520916887
1.1572451788306122
7.273473715548827
