-1.6805733454814469
-1.9345762579395152
-4.540639938799803
7.0059700196540255
7.618725754384369
-1.6940706376540786
2.556367655478362
-1.8411090984394836
-1.1960175116316072
4.929620141199409
-0.40858828158352867
0.9517040510877994
0.6818220519704794
-2.236717351042253
0.8120024582693608
6.950267371935338
-2.8557934035972017
-2.9571828537607714
0.8921566338988866
4.532199698422016
2.3719037614556235
-1.2530385791835772
-5.252795689283759
-3.9226257662595376
-1.5618460563784198
1.4239278311554342
0.6153714412310516
-1.8502723134979424
9.611625641680153
11.346450895339432
5.142025510293023
-1.149039130746819
7.315920342236611
-2.5772934127776517
3.4384832782829147
-0.8045095305802853
4.5321321202894795
-2.491236674769058
-1.0062078548469755
-1.1547092799265752
-4.357289674589032
1.1968319026458136
-1.740938063461464
-0.37023396154118005
0.9117981267392135
-2.519903094736768
3.7332988658886395
1.5185444561700039
5.820936573419726
3.9431518489914423
-1.3971543003298437
-0.38286906303213963
-5.939162229325582
-0.28893392810140506
1.448330951870754
1.9913359789915799
7.571292500993282
-5.163875178671859
-2.421507646578104
5.818475846945897
4.261971765670376
6.250663331258337
8.96356764565964
-3.530767516298534
-3.6702539183222465
6.61415616874488
-1.5783863266796854
-0.8347743701560812
3.280229177056042
2.9516753924807215
-3.9207273138844747
-3.987902081740047
-0.016057835004032007
6.774916424934206
9.863382892769353
2.5986701179350162
4.9875194212001785
-3.511111217087611
-3.018505793169461
0.1728664329216517
1.1959898028494222
-6.392938941483736
0.8425776569176285
-2.514352779268901
-2.717833331735974
-0.5982007138184656
7.460717978272802
1.7138523548340192
3.3853404451954807
2.1644169041654187
5.6858413953380165
-3.854136425923185
-5.679744372958021
2.614568979751321
-1.9631855223654038
2.304415737012347
4.330190770030219
-3.8144541782201338
1.591602981856592
-2.4120069570595355
