0.8188427185297982
0.4590185784662117
-0.42114805649762665
-5.041807739968348
7.831205960280499
-2.1911791771527858
3.4303282731073965
-2.2279869874170166
-1.515801340945263
3.608326836548602
12.274386319076662
5.9284212653122434
-2.7669669539894253
7.480823073172081
-4.060263403168819
-0.24615709475686948
-0.14479998505737574
1.179836984930163
-2.520028946675546
3.276708556893703
-3.8266438183855542
-0.44109974504549887
1.5897316716540826
0.760294336102361
-4.870925752005147
1.4138857734530725
-0.05228489768949292
0.6226908873230631
3.0562341583398194
0.2008739704455182
-1.0062759156027727
1.8908398490087004
-1.3762134054575879
0.9383351311830714
3.560304254259191
9.11142338140534
0.7927674070905922
1.8025207604184763
13.474907641653878
-4.3475219305374
2.7550638994856094
-4.343820784167436
0.09561117474305234
5.057586665026736
2.8948123308352893
1.249904025710632
8.440363775356008
3.967272748650171
3.547720847504986
4.195497648021615
-7.275199809804745
6.781769600380537
-1.2522267399396614
2.0691769050035385
0.37451746895044596
-1.474531451181679
2.6534159510895186
7.983689110200475
-1.0022854439622182
-2.011901085961348
-6.350962420462374
7.557309179536041
0.8622144114862518
0.3879301796195086
1.776909748263488
3.992799238754915
-0.8254704653156566
9.45492018180885
1.7642381092032382
1.156460656008289
2.1422108922955427
3.1209386347981622
-2.149660557445415
7.270629182568258
-0.13494545454441426
-5.0977212843568624
4.721916986638631
12.214777109050406
3.5371557305122048
-1.794282458603469
1.4683350554743537
14.46248923713968
2.889352853065082
1.1616427405811327
2.367367596330089
2.572748886459344
-1.7067858390325659
-1.2764973408526255
-0.09878818232556379
-3.125319551380844
-1.8804619443337662
-4.324313175879378
-1.252646342522896
-0.9466162726592124
4.5665553830252135
5.5829363489568715
-1.2303467103678059
-0.4305397449398012
-5.255768649048248
-0.48670876909737304
