-6.8687547148826775
1.3130504804342924
-0.13204790307250394
2.0712752108007955
-5.008568201006388
-3.1218231228210342
6.41838646776745
3.18048233922499
0.45938072550605535
-0.6701132505777732
4.622588534288302
1.3225428558523886
10.731989052971782
9.807661609775948
2.9634200753530298
1.848909164562208
2.412740307066577
0.2402199314239548
4.20833723876472
5.704665820009762
2.834254568489203
11.68462026487482
-1.8255934738040906
2.224291220994489
0.7338327887064083
4.739580688005374
0.5326617895463158
-1.3250556107611082
5.174805722204619
-3.5238176157678907
0.21431910961521403
2.1944986448989203
-0.5111354254322938
1.41339768091604
1.1415651148645212
-2.3267502141895737
-1.1013661976000961
-0.8133142161730318
3.2200541744358344
-2.400359307296296
0.20452329423325735
-0.5434115440983279
0.7163584676435854
0.7769926642642035
3.0085484581450155
-2.652295308614976
2.902418814538427
-2.186685124668557
4.315515981103857
2.281921233393099
-1.8638791293028714
-7.149103726511108
-3.165816612733866
-2.4629520009909314
2.339379253299403
5.863969932450786
2.6378020130887787
2.216151555777288
5.208171271920469
1.3968294200972806
0.6348176012950266
-6.4426052800927085
-1.323029194679749
5.369422168008302
-1.113204447797321
2.4189067673809355
0.49463149432056597
0.6612126926883533
-0.9338165715318388
-4.215090950249022
-3.772609560993573
1.9443926261903393
2.378648476138082
2.918369177518779
4.311918958052959
2.2668839687285303
0.9007422908649683
9.326324734603588
1.0233890520166051
1.2031530674864166
-2.885175205401955
2.514879805055202
-5.25056205445679
-1.067423075460536
-2.9982599968356647
3.1652676127253185
3.3754980611292327
13.317270740951507
6.246171767893666
10.192107635448494
-1.8095170006118262
-1.9620314120471718
-1.053808889861887
-0.0065721662714377585
-3.1077303182320284
3.419903714111336
3.567127457277771
4.163565948534806
-0.6820606353976136
-0.9243333977145145
