-0.021128978587845557
5.3849768857720015
-4.27632113807516
2.2359245221915067
-1.2550430498996543
1.9425716166208016
3.886895224440751
-2.9870446464358182
-0.9444782000768359
0.6404369521237706
1.1348343607089741
0.08698327077553819
3.114498679851576
6.948855217267223
-0.21115015614001853
1.3079072086166077
4.457368540975427
-1.9980175475751256
5.761840421054854
0.23036782080397555
-0.820354988168478
-5.994038944765903
0.252572569582578
-5.51654770231701
9.775556288509396
-1.6900014485043129
-7.196855930448477
-0.21459891355738603
-1.4812288610000963
0.7595234187034383
-0.11849691875652146
-1.6100319570230432
-2.0992810529544297
3.713660950525661
0.8840785949950001
-1.2223050866055938
-1.2203747948745112
-0.06537420768177417
-2.6585639761693667
3.941485875113104
-1.5378724244795487
2.398144159854363
1.6096083220208084
10.477640313789195
0.33603738150150886
-2.0385038527819295
-6.2372967328261435
-3.5654244478567323
-2.782124388847002
1.528552666257978
-0.6554274471479926
-4.442311922293524
0.514643125434089
4.731744920994739
-4.545512388857977
2.261631889984029
4.678822343241712
-0.2659567137062322
11.079795527052918
7.668145457101719
-0.4534056374817499
-0.7343776218048912
9.895833870489897
-0.6101986838920987
2.552735361296145
-1.1473612966126212
3.884406223044678
-2.443428577568647
-2.220066036521907
-0.137017413702321
-0.758120264097301
-0.2807733780788004
-1.3840689684663459
6.929911491113582
0.08867756711979169
3.071953711206266
7.079483460742706
-0.8628786611360091
2.0829729069333847
-3.80032508864707
-2.231475458946905
-2.4711467185412284
7.147816842950141
1.2613244223270088
7.724782029450883
0.22117277191457846
0.031093899980834436
-2.359570694702441
-1.7620872028379075
3.3651420851626925
-5.040525066300708
-0.5449614290392424
1.323874598863629
-5.192996829979403
2.9586719993342094
2.950671490377384
-1.7967485984995597
-2.5381270928318536
-2.036497813795475
-2.7148064534142566
