-0.10310615302331345
3.9392698272891584
3.044918263060869
0.4259705445593476
-1.8899585200263647
0.20122771907595172
-3.6928054705527487
0.5107688128619075
2.693390767468084
3.12922849928648
-4.496726675809613
1.413978602449176
4.933676349368517
-3.084755570152748
-0.9271875412419472
-0.6814080412065905
1.2131242469148578
5.209149035340374
5.7135781932847065
-4.245105135535475
1.971095191944357
-3.2994637709451062
5.858030899221461
3.8431171637273445
2.384789826253548
2.582302290065148
0.840686720546491
2.485032778818798
3.2986766917775583
4.183508956627993
4.6404969672462455
6.742201410004485
4.0616259614676595
0.24701207460512048
-4.300422728076066
5.680515934890472
3.4128813109021565
-0.10207863948113467
-0.06537232980021014
-2.882128340282067
-1.6921811549208874
1.0929448901031658
-0.39754632782271515
10.938610668189392
-0.5625254813107561
-2.8515202132830417
-0.3004860667822115
5.179345985316584
0.8361818219130999
0.6519547999877895
9.814521048556413
1.8853535151109417
5.10432821092208
0.04804868274568301
-1.9582300077330004
-3.735608495056658
-0.9135357897560105
0.07954253369234096
-1.7102215167341073
1.696580916859503
-1.2065231167248047
-6.821433404452094
2.286203078893097
-2.66086567688732
9.0835272246469
-1.0703294118603264
-2.6307746796754734
-1.3715120596851826
2.4334400599623485
3.8488296621277533
2.5569454482957
6.83910895289239
-2.997344967392632
0.38332761524912995
6.50083785717789
-2.4201795945584466
-1.7261718806809805
0.8790304904779072
6.8933219637398775
-0.06455672189023476
-0.5604908219665219
-3.419722660898799
2.54591405254748
-2.8274226651499244
-0.8908582090916723
3.626259343461934
-2.0484597412735175
2.22848829091512
-1.3500825076588454
7.592218238933146
0.3745373289804756
-2.748834476344869
-1.6370936446520163
8.289486045094375
1.7408192341849804
-1.2762606960078036
1.7013755636589665
-3.9461989945823257
-1.428255811559855
-0.6436160581399962
