-3.2145198358374003
2.63464882899493
-3.5062338055239906
5.70920119352601
-1.083425593501223
1.5450095305699967
1.4251100972417539
-5.120023939286659
4.0440542968560305
-5.102616643658939
-0.6286915962789281
0.3409071485919134
-6.340891706688753
-0.8152972375809904
5.158756086968147
0.011034956164843516
3.80143126399844
-4.555098558162975
5.075935806138965
0.6474098613697516
0.7377435177035414
7.546858534907848
-1.3211490058355304
0.11365045730338652
-1.450194522697262
11.05337140842994
2.453166930332481
8.967660268519817
10.052664835607612
-0.4177892970606585
2.576793142493954
3.0774274137927873
-3.603967684493364
3.306743474131392
6.193592798879861
4.953885285854067
-3.3226671238889125
6.718901942834449
3.0826068537555296
4.307671839544777
0.6423668203813675
-3.7018935476814576
-2.7149385994157744
-5.260487900313045
-1.376362575433756
4.078885241410296
-0.08173347115607614
-2.524347701495551
-4.865494667043417
-2.654411105619163
2.935066125720977
-1.0281863582909652
-1.2094143309424952
8.243929290826857
-2.4967548521829976
0.824315131757537
-1.1682436696426137
0.33867381251697304
13.375307366579257
-3.5379230384778877
4.974355685572034
2.4704808910993408
-1.032552429712567
4.393999431801088
0.5373736484209216
-1.671464453291994
-1.163246344424253
2.5833187932199384
1.9187111071222351
-6.076616328369726
-0.9109692946324959
-3.5779449919744435
-0.1695113182920046
3.243299876768681
7.567679924966152
-0.05056066963122848
-3.128222246651017
4.922654638975684
2.2138671519664
6.530054295648874
6.728585176952929
-3.025424346411095
4.314805507885493
1.3052485269372276
2.5340367084307007
2.689500082532412
-1.5254391783250716
-5.85594571081138
1.3571740177277292
2.947743368223681
0.21896141763131016
2.010762991225436
4.316086594633938
-2.335988683996368
3.4620775306308333
3.9769332072181722
2.3752284712534406
0.3825056568843692
4.238122633136876
2.739672958626032
