-2.4802949695605823
-4.39357965554178
0.45115119830914974
5.400532292644656
7.217805324830802
2.059582390257977
-2.550906408975054
-4.158539217703677
0.7572571076505283
-0.48547059782371793
2.7097788042537925
-1.7331865768538683
-0.5005094301376065
-1.5404188910870642
13.04470077554365
6.09060243963859
-5.6967909690132394
7.169564308954299
2.524950772449376
-3.6926314223541197
0.16363969360913977
1.6079364109728935
-1.718733062480769
-2.82757952902971
2.0706887732604455
0.10276385114730208
5.781651956530455
1.470480487558109
8.055744759309157
1.1914404095089794
-4.04313635208028
0.31670642125302717
-0.47372721344938196
3.0146232754184537
-0.3313137911565691
7.236559626580887
0.29788416964120934
-0.11887265821388354
-2.822684556273903
-5.168268068375884
0.2744005970723319
-2.7524596315630196
1.8242292424038524
-2.0410003432870605
7.649039103897504
0.18663753011804685
-5.049627976143543
0.9049291285463257
8.717365768273233
-2.8701065953688136
-4.225553504076971
7.528507644061768
8.303491046942947
1.8281392958983913
-2.9285502229765012
2.5010666698324195
-0.15922664926164032
4.833158057161876
-2.7704683221569186
0.017387896333913
1.9176022128648214
-2.88399890422565
-5.898607885300598
-2.041292154431448
-1.1891560431640158
11.445914313958959
0.23688492725420168
-3.593486737331321
-0.9325848339531069
0.6982830385157701
0.8118110526390294
5.976722929116721
-1.8937758800345164
1.1095849392629344
-7.6958563939933695
-1.1485106391015352
-0.23398808481199423
-1.3843785412789091
3.427719434642979
-1.9807799256510779
-2.473607162365512
3.319986536164217
0.9152632851007223
3.6233568945938046
12.03990267101267
-1.5556090207991156
0.0838616134921101
-2.4876248700060497
-3.799245415861093
-2.4434656244818393
7.12249018396709
4.839316152868784
1.7722298919494146
16.067415737106458
-2.429303507928588
3.407107930093307
-6.180975613273979
-3.205271096595582
1.7988573131941576
2.4408711298548424
