-5.036732669539208
1.314141527142035
-3.0342433216741895
-1.5703163251480805
-2.288052109325828
2.142841639005764
-3.6922697069540176
-1.378379855648591
1.655804988762438
-4.156033097262927
-0.7464947070329735
4.173229597100307
-2.5106561451650764
7.2761938311871095
-3.8658647621073285
-1.2039305591019778
-0.6323638679793888
7.065536260556949
-0.7127688735964051
3.3948531563223177
-0.7846156208339405
2.2679192535696697
1.2664896207182645
-1.573154375948849
-2.008283041462627
-2.162644325839507
4.422660539218984
1.1593283092010112
-0.3132108393002614
7.564955981373661
13.661816300658014
1.7570575929421852
0.5785860059253536
-4.705691625738879
-4.625197947541703
3.899695005739507
-2.815330232794814
-1.4421303216527646
-1.4459648108668528
0.5131869288774716
-8.713076358920155
2.5253221979601674
-2.472070223906795
1.7536930788251444
2.8179078385513776
7.914301097640678
-4.2472136450207145
9.268675124051736
0.525290899476485
-3.213845692290757
8.539656208884132
2.6394424527178497
11.475817883997946
0.495106486890331
1.6111343510863434
-6.674272235362542
-0.13923229859105765
0.19519655994633217
-3.791840268549227
2.654075938963262
-0.8063073681992488
-0.636992231626301
6.543913506411704
-0.4666636173837745
4.099572578251596
1.7410560253459382
-1.5066354474272003
-3.8877452731963893
-1.711589130426535
-1.2679408086353845
5.662822705134439
-1.3978621986448112
4.065185312441917
8.171579749658578
4.527570798363045
7.230799799577532
-1.9889418757755546
-3.511164152642645
-4.274127582743563
-0.369751308280663
-0.9274098664260813
8.082114935998936
0.7775118386614426
2.1435416618818213
-4.8104308974071195
-0.13032074547224867
0.19122452376786225
-1.7589152707318585
10.660626241487321
0.5180030511490887
4.264601253459007
-3.472466297413791
-2.616444772856874
6.692703792907111
-4.490507534895815
6.780059961585394
-2.2246994186025955
-3.3677700194540083
-7.949810405472835
-2.7059222759080113
