6.108093193496126
-3.9241678936695843
-3.466305096716323
-3.996154241015187
3.2487272672753233
3.0225638556380803
-0.2212037763782187
-3.0290688709754514
-3.236167800075174
-0.6525886810739862
3.0752643163036804
-2.7893042740506693
-0.5101372064737386
-3.390045246363068
-2.0786098487872904
-1.6206228683707817
-3.4395263814712
-2.7002512659411755
1.8446035006496322
1.6082924797948284
1.8601042325849426
-1.446166355804161
-5.764900880606085
-4.007371738681579
1.2861663722054253
-5.406330371664998
9.551840339947857
2.5546196496279925
0.9024795212323089
-3.1925186313621383
-4.639082083655244
-1.5117335870220596
-4.516232968255392
-3.80711748286952
6.003636830946079
6.8781110704123805
-1.0970808700274675
1.6955584442907854
-0.06042764739440206
0.5962217503913564
1.9878841691821885
-0.18826467434738847
2.9901070548417
0.3435433286026152
1.1886322300267964
14.355225453313032
-0.7709698055401832
3.6991172423742293
0.43586552568724
3.724360262316603
1.2804281536835784
-1.4504740311063113
1.3599914921205567
1.9019221234087205
-1.8261920086976753
2.6873545550814053
4.608464417046618
6.386024758190813
-0.8626600618480988
3.128143747457761
0.14272101020996236
-2.379281327033794
-0.49509557722352127
0.5552363880587264
5.020609517830026
4.799070197910913
0.9212159729531524
11.177798732396129
1.2691080616243595
2.3929092436206156
-1.1089919905168546
-1.8919419489364744
-1.5354363439663636
5.281793321737315
5.952793473360652
8.601228581530876
-2.515472343868681
2.6444062778312003
-0.9764354921958205
-2.958041381952863
-1.2603670023786808
0.15381003318455141
7.0006030100177155
6.339224320416278
-2.088870277069466
-0.6078360821843072
-4.719648330349026
-0.710756961595026
-0.4715724524894146
0.9531246816057353
-3.0657037243046092
-3.43727714085996
-2.0788606106569096
-9.579005001427177
0.944612495732293
8.820437588963923
8.393527591349383
-1.8221617046038667
-0.267433023645768
3.3725801983314216
