4.26691219541128
-4.391085632944939
-4.239187747047876
1.495678560976054
3.8270648818127206
4.702356512710351
0.04796986810754571
-2.4180233591006743
-0.7593022866093385
-3.316381535087462
2.543752468337934
4.573494581336179
8.491806147868546
3.9721771075811416
4.843757939529533
1.3829733937633837
-2.9240227857106618
1.7835664393726716
-1.3267397418338505
3.5884897829249516
3.049904542975609
0.8073708602351779
-4.553011411364205
2.3646652197758202
-5.169201719877632
0.13750450217610882
7.9785978855466855
4.318290650160549
-1.7822470792859926
-3.4958836347989077
-1.861544532652513
1.7752997779319335
-0.6124717554296122
-0.5658402599255922
0.6625137691143197
0.9457150000790904
1.0788896075895456
5.122011489610953
-2.038360295017908
1.2392928377237822
2.8737197391463782
-2.1476702845492808
-0.7686063551222422
-0.8780389726784228
4.3097203635530565
-1.032475598492663
2.029740293412574
3.4649282930150846
-0.7478999027452551
0.7962470846608334
-0.2741768374674619
-2.3403394685957175
5.568480343005335
-4.39309338777125
-0.5933970080736418
0.2973574412752922
-0.462442455558825
1.6959434021960595
-0.4551631242826758
0.3568926008224462
9.103103204849939
1.1880130851971478
2.157542059844363
8.112967745066134
5.095751677846244
2.3612543438384375
7.870555032133116
7.126102497147342
-3.5234326947272523
1.0875820005213397
9.329164039359535
4.134372354476728
2.278842872370127
2.723237964210285
0.3581675924834083
0.4761242434435823
0.4234276306166062
3.831148512073878
-2.5394229173069123
10.910984961274817
3.1451317483256434
-0.078621692698474
-3.572296078088518
1.7775647749320609
2.7769398166496417
9.596910594536427
10.13437015288974
0.2614021392445205
-2.902598272028885
-1.2781045348114677
-2.1987033929373956
3.489519749611241
10.129368954490843
1.9595324744281113
-5.596369333231422
-0.5583205227485122
9.765620684299778
4.950658834373233
3.0196884733413034
-1.9704449726984687
