-0.1370494110529723
13.30126268424705
0.2682778996939064
1.4721610328185561
2.874904907641226
0.1575909179144012
-1.9595333980251228
-2.8433218827873006
5.072802071952273
3.917743431611841
3.8933619228111382
-1.0599032797106458
15.208218895387475
3.297714454381265
-0.7581758291698367
4.9215341642423995
5.038511922793927
0.9171250352567509
3.455462674298767
3.297207480715381
-0.7139519671993089
2.005041539977116
8.127648528221187
1.7093738228690079
9.3846266002915
2.9155427869391817
4.033952868555183
1.4543724913487601
-0.26607338897494365
3.9382173777947798
2.8739037165784818
-2.464781930087651
-5.119724801926101
1.0146409855565186
2.150503282726599
1.4453354695480285
2.9257772473915837
2.9875418231877986
-0.4515716192645022
3.18383334255987
1.6819521663376467
3.36627301845029
-1.1902717853079403
2.524409836735677
-1.2149474969475138
5.778937524245588
0.4704207045667862
6.302657665831324
0.7493383600861794
2.262613622103153
0.5300465501710319
-2.7332491998211434
1.8864877018603108
0.1434780804171354
2.311990877670142
0.544680327342688
-1.569358047458604
-1.9546765058974938
4.835870964751523
-3.754786534091439
1.0206650642615887
-1.6984074296369505
-5.463575424392074
-0.07538114350842495
2.4133008063998256
-1.0656433810976729
4.1322765328080555
5.481645472789571
1.661861084595146
-3.5948589173618424
0.8713297632146285
-1.0663843646396975
-0.5887479581907198
-2.4877975942125587
10.088164155734972
2.0307643240259075
3.800334965742507
1.3327413691720156
3.741477337225145
0.5433056342852589
0.8073151919750805
1.932031735538871
7.906410249043608
-0.9392584677072318
-2.011884687033849
-2.3850502188303278
1.1831214363724791
1.5494572092866032
-0.8696348371691569
-3.6138002780501832
-4.539396649002209
4.810394488739544
1.161364566043871
0.9748062587916573
6.198859810309388
-1.6446021897762946
5.178009615057648
3.5297651785719752
3.26938403961816
13.646521326926685
