2.341997484638016
1.3536596434142547
4.962428000285053
-1.6475985576959946
-3.5390807638919437
0.3827301305155349
3.0353273073954483
4.482725498274612
-4.640934216031208
0.01701966290040181
0.7656043306022444
5.728129839623795
2.53323459127669
5.678680859473734
4.966805233763966
-5.51980092545893
-0.6834516314196172
-4.728793159581604
0.4551767675357312
-0.9889599822460534
0.6463763073123645
0.48453841741077
-2.016054333778282
2.854420239464698
3.7580578342178796
0.5161077297226874
-4.7593790862644845
-3.762874020309159
-3.0164133061958713
-2.6228556489012522
-1.010157631209379
-0.34349592224060654
1.869270299749171
-2.5887573565485678
0.014845068303648748
-1.6723681207094852
1.7502364411429303
1.7071447036616534
-2.3317291068562893
2.516488229763951
8.859772294362596
-2.5225595182085248
-0.09272944482456634
-2.543586882905438
0.404659156160311
-3.3895509475809344
-1.6402087699115806
9.330269126477752
-0.45534611035983535
-3.85981816235779
-2.7132310620892026
1.822181205926569
3.664104819599427
2.081825679110296
2.8675383568869766
0.6309448825716966
4.519538546878295
-0.7521627079204789
1.4603363628684018
-6.402298110324793
-0.0984053329191383
0.11887453134098509
1.6394236275911185
0.0018241955725100062
-4.537567551447961
2.253120484689192
5.34375417450312
2.599767658741497
0.564025371280304
-0.598083010854197
-4.683593069008898
3.3282252807851815
0.4107601187489047
1.4917200144721354
-6.425694109785777
-2.185246501967616
0.6197486615540062
9.398946598496085
-1.325593580614835
3.8267774931831786
1.0315795910071177
-3.4967240668408373
-0.7995708252127134
0.8167606325650257
1.2577065104016762
-0.35698732454820603
-3.503359544767606
4.500054560189019
5.347426254862476
4.82983024873073
-2.655866048837373
-4.2085440614974114
-1.3207765517701415
0.511081498381363
-0.3425869783612171
0.771879465944803
11.053107483098806
-0.7426551294922833
11.030329428909754
-1.22432701175854
