2.9547268755361724
0.8863106281254257
-1.6830708293595422
-3.149539665572532
10.179388107970313
2.8177828089384116
2.2076429306781433
-2.5304105944277744
-2.868572931572169
1.6723391014807327
7.0310260272082745
-1.4167907171299212
-3.063839049216183
2.2821022645069577
3.7698997212721608
1.1724476960546342
-2.071966743361271
-1.226396644157729
1.393991185401781
4.724116323885871
-2.462833683961489
-4.987096491587504
6.495171895684814
-0.4281529669059383
-0.918144086597247
-0.26939096008727254
4.923858973657109
3.3397899615794664
3.29754591409087
6.601115443492109
8.036753588932328
8.301367702737544
-2.6783386719594917
-0.9815007355898355
5.293515845940353
-1.8324358037059134
5.099947115129385
3.7819492901004117
-1.95673404794719
5.74280447348246
0.8440881945228986
-3.1385319856956175
-0.11592364571358121
-1.5610944466036454
-7.657370758593949
4.19541197618825
-5.55820596635855
0.8097368681660737
9.239766998168886
-2.1479054854758752
3.3344178005773593
-3.4016227985704743
6.58632836666734
4.527670778120987
-0.9564548133211221
-5.83063519231716
0.5612790863441467
8.557918540492647
6.859523403158988
3.2848041650159727
3.3078185184261044
11.183313063434348
0.0033575088228758954
-2.3912511144801805
-3.899850532825265
4.143529609729483
4.00179384605686
1.8647961906896786
1.8137012890066835
9.953993069528693
-1.380483522847024
-5.004727270280341
3.790040899673948
-3.021867167822567
-0.041621748239843104
7.635798747646416
7.611907850156989
-3.297386186484635
0.09483785293225064
-2.9420691208032657
-7.910018476463567
5.9439496946948305
-0.9051349244186011
-3.073116187329206
-1.1283365410507287
1.5198435655177982
0.05686317328839069
8.788530082487075
3.4025395003676677
1.8230296496268394
-0.21556568617852126
11.079322759798078
-2.3661385027209723
-1.5891279432364138
-3.108947096482674
5.7773166198873165
-0.5806096326178325
1.1700454274039571
7.016266254003354
8.804991807762502
