-1.173280325419692
8.389477379736407
-3.193166630733433
-2.981730584507647
-0.445463348438197
-2.8107989462368286
-3.7905752402192636
1.1812875422266103
-5.09177579236365
-0.593371290535769
8.39457671383429
-1.551791565746548
2.312694997888181
-0.10206796656104883
-3.0421203395878513
2.554779959093497
9.467327150475118
-0.0868218205082506
7.701383704427826
0.9663879383873739
0.7393209921957851
-2.0709849137021377
-2.622568988749715
2.716133571952155
6.286076140215975
-0.9059558965228361
3.6222002108395266
3.3208314273734
-1.6211433983759873
-2.7939423288541407
-4.896822379122455
4.831673631376872
-0.4327167684512676
-1.9909236273310449
2.151085712516757
2.589703280921214
10.246485730186233
1.0693325796409952
7.686197755947442
1.8948858952952923
5.375500003266107
0.9701412656023662
1.5779003051606135
4.2996637850207495
1.036787302997322
1.8270594163152736
-3.5889290450672218
2.881912659671571
0.3671378979733718
0.38547981233602624
-1.3594253706022539
-0.17147385489183975
-0.08447315220440704
3.001431886117355
0.5368704771823491
-1.5937766061531828
0.6026996510164072
-4.333669464192031
-4.992042436957404
5.71165023223425
-1.5791424552180497
0.8663578611504272
0.9516289589315763
5.312199306065001
2.9761230764904245
-2.3538953238656215
-0.4220336819583601
-0.9233559718471389
6.533262734575179
-3.12823666934778
1.8533012382834206
0.8207091626617511
-1.5934894557940025
0.30805787776963356
-2.4070523570779354
3.7345361775526618
4.796901368099607
-0.594871547475033
3.6009888939324735
-1.082641654665609
3.877898277501197
-0.5242715839406784
-2.6121274245872854
-1.0498645551561236
3.3835740915652925
7.401410468472863
1.7585082990293506
-2.08167053040867
-4.551982787837453
1.8414759225617914
1.6663967512708866
3.1638957447519274
-0.7651565840458263
2.7739294067557463
9.375549590902054
12.319998092841498
1.8951364445702996
3.2795983498651604
-3.167286849416608
0.8363354493009681
