-1.1260795489318212
5.375185959437944
-0.6021746536122154
16.140893142242668
4.103129808595296
-6.072745753333833
3.9725877613968628
2.3254067845387363
-1.3541859446456255
-4.042611490862553
-4.393243111730886
1.976226877114706
3.019683323184248
-4.031664785640519
1.531931178463271
1.2094973876218411
3.374334090323401
-0.9006945210437827
-0.29171069637273245
1.8755215193532648
-2.5181329174405893
1.7184483363956466
-3.7875385824544114
-0.9625852508815735
-4.930168413280715
-1.9971541835930666
-1.5997880951348709
1.9091179950115134
9.54055126225021
5.394624780526799
-0.5855736291785862
-1.1227299572444285
-1.4988356793271844
11.698996298990707
2.06081869833721
-5.5816793902543616
2.0286638151687177
9.291854897349289
0.22849784007406537
0.981888084888836
-3.259518966516031
6.4642996574652285
-1.7479086604293834
-0.8834035748326015
0.46851935849681425
1.0292617212686435
6.25156402688204
1.6134149345159747
5.686891540736731
2.6730754915331723
-3.967133183875086
3.031065282229501
2.976311957311623
-1.6199594807764177
-1.6968247743075082
1.4095527372805143
-1.8143354076965146
-1.966239128970638
-0.3454274353923876
-3.6290681385543593
-2.3983876261235286
10.664778128345361
7.60999891374876
-0.4393631229447117
-5.527695347251378
2.1673318507491164
-0.9928508720899223
-0.8030009470933562
3.937734188362405
0.10642690711594273
1.327400426180413
-1.6938473743119182
9.400278954483598
-1.3930241013660107
-1.2860520660329748
0.3688994322804482
4.632273674614931
0.923783741935653
-3.594719374777078
0.02534332481836565
-1.203782435705821
6.433316868920084
-1.4220782238572984
4.6256894175498795
-1.7493688516214874
1.9859664121632805
-0.8208467278196635
-4.612310897235151
0.6722792770333066
4.06910462049137
12.172048478609907
4.755108788622312
-7.048449456016886
6.793361431554826
4.45524470853717
1.006407500943623
-0.938543656232619
-1.7155458336170746
1.060779765388189
0.4506440289844562
