-0.27277837224827045
-2.3519057204773253
1.008497317981342
-3.0060624248207324
-1.3761100881914787
-0.16194647074790114
0.8341109911275951
-1.6748134394807643
-3.4463575064321894
-1.5133277849496531
0.9149810304654916
2.9537393995563264
-3.0488475596013274
-6.388390773135522
-1.1487860955057547
5.902767923269439
2.952551649912294
-0.9576857211744716
-1.0656069077431674
0.013470744783954311
1.5365012143084118
8.704113843454989
-2.6789089140604445
-2.038680076697332
11.975784491199587
-1.1902560790124594
5.165892133020023
-2.9311177945815783
1.0134311816939334
5.357272299250175
0.4936943966573648
-0.9874834223930893
1.3052547541669548
1.4846927939565835
4.530350374475423
-0.8149377383116327
-4.9404436885930245
-1.2664468354459992
-0.6415430526200376
0.9587573023928522
-3.2745644008814847
-2.470585192881431
-0.22656515874151306
2.735374324034777
-3.7240766696603718
2.507529387589681
11.136344944500328
-1.1021881398284779
7.356560238944116
5.590592675722891
-2.162433753002902
-0.11172533169153825
0.9800282760241931
7.6285930295915065
2.519417657557729
0.12603063241031082
-3.02554085025801
4.522347004524105
-0.7888354635872469
-4.711708551784795
1.587026343520668
1.6162205742391422
2.3407759704597875
2.201897559703105
1.3525071601409069
0.766624342262336
0.45732225983763297
-4.364610203906581
6.605461749122881
1.1971962232793345
-3.2748487166806353
6.262609010751595
8.868939064490597
-2.070462439420643
-1.556690717692748
-3.603883879564971
-0.10530098756060641
1.0073838738912009
-0.6322078288914016
-3.90912070818316
6.951875321382847
1.745474324765223
-4.7324095417330545
-4.69974202462961
-1.975393665766761
-2.9006153009997355
3.1146164084684136
1.4831186547696669
0.6111365561743798
-0.16166156528609768
-0.0928128628528457
-1.4540033784819348
14.356270667004708
4.142808534832593
5.806398304120865
-1.1115332477820767
4.213658584604966
-5.0561970589878795
-2.2450047577601606
12.437790884257058
