-0.014371397211985416
-0.8399012031622277
-0.14343541065296497
1.2578337179239911
4.723986966442462
-1.254538288457029
1.2662934091987095
-0.04110102765529482
3.1779192402417586
-3.509084873181412
-0.9804023878463186
6.763387425760382
7.087522579639898
-2.3188804715735722
0.7354622607328001
-2.563482916778471
-0.46252602616900185
-1.3768962912592162
4.657121429866063
-1.4264351402633424
3.406616971173776
6.830709595600338
2.044217638118874
-1.593839130482098
6.65622341418452
0.6960015644972128
4.391925591748469
2.205439335747899
-0.4275262580953294
0.7171915752389374
8.514449650329844
2.7292491665368246
-2.1091534436264663
1.3865707330976926
-0.2865484550645701
1.1962501146496138
-0.09694657857434315
3.2166490450545404
-2.03685631651327
8.971068894704633
3.000033810684754
10.133650974959314
2.285285472680659
-1.9632598235230503
-1.5468339424457977
-4.056935389571905
-2.3209619270176
-0.4422881687034774
7.969224240762676
1.178668597898186
4.192801542267972
0.7751035840031764
1.0069898132873856
-0.32084344617004934
-3.7684331441310768
0.7769857924995132
2.5951971305661505
-0.7070600505187085
-2.8921466271048857
-4.560100762319491
-4.029131868711723
-0.8269679808078549
0.7428005497786878
-2.6212478036545988
4.496288731098499
-3.4688350576059124
-1.7364608402538135
-3.7951417385596278
0.25677358368979464
-4.492134727306312
4.749354037943719
7.536803640407408
3.730777830756667
-1.2993877321886476
4.36624800380134
1.2739302106409216
-2.422614339811252
-1.9760055011792352
0.9430013346200052
9.134565745697211
2.3517250764692204
-1.2977570769047841
6.073221593767616
1.1239893146862987
1.3202382992978474
-2.194301627715268
4.327578517365828
3.8952010762480347
0.6172616502663903
4.864212213976664
-2.836520612104529
-0.4701034387424751
4.793806515417471
-1.189203114888894
0.046876566805728256
0.8673853672166205
4.434570527482087
2.0617313184763595
3.8445565523443843
5.322943018506416
