2.293609564530056
6.343313340809619
2.5458002552921126
-4.079651255675085
-2.8301740983449832
6.34971705326534
5.992161513873714
6.878520051070614
-1.2875855127984004
-4.564305632970391
5.627870462919978
6.8343983574965375
5.583312042535913
-1.4368493098008677
-2.0592355896973773
7.842563355075259
5.037098155069046
-5.127272059990314
-2.4008273805784506
-6.481715311633753
3.1395460950522107
-3.2048531410011147
-0.8172123003278748
-2.4298112275831576
9.148852197072648
0.22435253301882574
1.7523225043236246
-3.1377610611079865
2.444943705875589
5.557497948055946
0.09355446473283968
-1.9213239456334845
-1.863662227867413
2.704768384457227
0.6329841946579102
-5.18433403425271
3.3326715549030865
3.157040210832923
3.2433264532800243
9.39186315964272
0.19933440783990447
-0.12967235832056723
-0.13908048714360188
2.633558338321081
-0.9314216209908825
6.366361229472831
3.53337267580132
-0.01250995369529933
-3.1457956991720284
1.2212042424878349
0.7280085198528724
6.198505282869558
-1.3461982061423945
2.716786736105459
-4.102008878141799
3.5722376120429513
-0.2256068779706221
-0.21118615095229704
-1.8091538915111463
-1.234796808181776
1.1654418803492332
-0.8857686907666301
-0.46644675344918685
0.5552919250726556
3.323977899586973
-1.2139857679992194
-3.9007981645131284
4.232809380533308
1.8528955273304222
10.81678105876601
-2.774255213516884
-4.500724053591245
3.661640377053224
2.970942340004086
-7.477029795394268
1.2798141756678418
6.780766189660679
0.347680255560908
-1.6110554638053247
2.7575939067038515
0.3053435708392013
0.34829469804459845
-0.8644462046669485
7.2916505046212166
3.492702646560336
0.31692174202090656
7.164171508249929
0.4088253947595749
-1.6900880505426246
1.864839465108082
-1.9104463176646886
-3.2702107908843976
0.20784273962727795
0.8872625367525455
0.9952723382194744
2.4127843485059395
2.1462570470748594
-0.8870428407212998
2.265418498753761
-0.40111974261114286
