-1.9104627852310507
-3.945418124447692
1.2806996721900437
1.608213474547817
-1.2745779522503693
-1.4162119542711493
9.391772672837938
11.615259282778325
-3.6072731063251355
3.3674024021228863
0.37279322071583126
-0.31142821788153363
-0.39953359602194893
0.33935846980622486
-1.4713379767453234
-4.546127919082893
3.7735153078363504
0.3210618740847366
-0.11336192862910774
3.171162786514076
2.0529526806923317
-1.4552745086398118
0.07685266957953549
3.6031998794366693
-6.734354682400982
-1.4050706236092805
-0.454965332164202
-3.2380233474938978
4.9104696653034425
-2.9870063166142042
11.039165776202402
9.96941295384556
-4.371105700804315
0.47919454192829336
5.10839406628337
4.074418289337086
1.1379336827565893
-2.536917285281761
-0.2753313672130176
1.1466909455204566
2.520056424903718
-2.665002533003807
-1.2670300868577145
-0.08570147722316981
0.31239640797404844
-3.0446080933383
6.506785754340846
0.9957753809802545
6.733128192490306
13.412759226058736
3.5303865539207067
10.332177082328581
4.432873729338523
1.3143224616921292
3.5399522484927988
-2.4895929601587046
0.3369439953070792
-3.109489067199726
-0.7223549114993254
1.6953683127218633
-0.3111231093365943
2.9427767982127024
-2.925794698315274
3.083822829809836
0.7353041230314852
3.775835350056724
10.162216429541525
1.328085157790245
8.273519171657226
-1.0109648142508345
0.3880366733309731
-3.7437313341509806
0.7287736482915892
4.809414253497354
-4.99168767494525
2.727526790315988
3.0348231840773687
11.95000952464439
-0.39868699189389245
2.3209635088998657
2.5895676863743162
-1.5459871138925934
-2.2512453882217245
3.424383552005243
1.9406882910803187
7.055041866081783
0.08741096246339738
-2.068140019841398
4.449777128372933
0.5943051459247768
-0.6783072275775179
3.275715741788356
-3.3338284501512616
-4.412719347743551
-0.7798046647122476
2.479652449257212
-0.9406983642436082
1.104418304018164
6.795866489711738
4.0832556707060625
