1.7447007199566364
6.312978928576795
8.05932807985836
0.7119985149692362
5.6712066930381235
1.1163164996650834
0.22547214078576738
8.25010149632522
-4.582885288613302
-3.8936070237340226
-2.8998311582762843
2.9259559558061494
0.6803944044233526
-3.212936314311603
-1.82308828371356
0.7969015569719493
-0.6589707934734144
1.0178866357508864
0.8885962444681264
-1.5061443936367396
-0.6235511684395068
7.580854978357928
-2.3542361883857694
2.759866778049733
3.8821876393901995
2.2217038810396255
0.9993607576335874
13.373753624481612
0.07373327388113222
-0.7878538552114905
2.8609477644948837
-2.300446669720025
3.293906434525297
4.496126594501144
-2.683426165801965
4.785414021194739
3.4836348699475708
1.3807615424385078
-4.20576329984038
-3.1547883260953227
0.6909856822913828
-5.636478634113089
5.79045779282499
6.348643690626673
3.6518522988683015
0.9486130892660901
-1.5660505159438323
-1.862180260098807
-0.9559806136658298
1.2930359148859152
-2.580913348282327
-0.88580285073772
-0.5122592696253045
5.234274094767755
1.5637129965610324
3.3908667781985917
0.4157454643549483
0.4568051105719526
11.46852379956451
2.3440835459028646
-3.028217768451655
-0.3567790062996627
13.596269030432437
6.489207579989152
-0.7941754655841629
9.803595097676698
3.323250178688207
-2.2905402416925558
-5.379725960222091
0.9157372913473107
-3.4336428889036927
0.04054203145067772
1.4235954731146747
-3.3659757278222346
1.8822269072835751
2.923014052605402
4.36101887990459
3.997868411960347
-3.7630630885158993
0.32659628366835614
-1.4806448437439852
3.2657851673962273
-1.073091410257793
-0.1620594962514058
-1.0679796324210369
0.7035765010885626
6.190436397853048
4.337902196293922
4.525167295387234
0.04907454964283634
-1.806037931795337
-1.5891705959467712
3.1604511962238293
-1.8003702825240753
-3.1429808177543563
0.8163256838811233
5.6049196376759225
-1.7533130506968142
5.613828551014539
1.5575604886782375
