-6.9603830617627445
13.640593235928666
-0.3257703588454684
-0.9109928452601033
0.522506150328826
0.4862209981144791
3.535712946713896
-1.1898932830439959
10.347469141790686
5.189817523686097
-3.2065764130971877
-3.297323261029973
-1.5180400268754357
-4.168132936944599
-1.4538040364727447
-0.9156528039249694
2.628378108864055
-2.18051741721703
-4.299402246293491
1.8210893451097068
4.596687257625722
0.37915391537461485
-1.1564713257883499
2.7889405570439725
5.39428783025383
-0.42400629109466925
-0.541329489400345
-1.036333197518807
0.17038059132950342
-2.278314804938167
4.023929444456378
5.094041800498214
0.6025936417958995
-6.44718967272825
0.9837056975436422
3.2215116950909675
-0.8207847430539992
7.419494014527988
-2.145844971607036
-0.7811229611598951
-4.210717259940422
3.059254325305505
3.993517875357729
3.307636851181845
0.5824773793497001
-0.4540214389015451
9.306967933581731
3.343314647598559
0.9144026293407461
-0.1890734874119424
1.2837677204575817
-4.747487942282472
-0.9310947705259436
-0.14869410656775117
-1.8457373682716454
-0.647250000659042
10.859919758162011
-1.7560690379528363
-1.6532297690514426
-5.3818700745335
-0.629482282411726
2.446631629267109
-1.0234316277538207
-0.014883312982030716
-3.439820706822171
5.31803744056063
-2.570444347381836
2.747301039791718
-1.7871099799868406
-1.9328123808784121
2.221814072085271
1.0204455162324317
-3.314364671814686
0.2012583592227835
2.270457469809595
-1.297550208614607
14.22100879765599
-4.503744011251888
3.077417345965899
-2.1804753534007877
7.92215755436497
-4.841985075329109
-0.9341346472566497
6.494280774125173
3.7296010650848848
1.1753191532496103
3.2222583383706978
-0.6157893088148643
1.3531092316797988
-0.28108155750507796
0.8447685840093759
-4.67276752436351
7.93539027218944
-0.9305102780446092
1.5556921443861098
4.18102811477368
1.548585865262644
-1.1569996497129273
-4.823258082805578
13.056206369113134
