-0.9495839206841022
1.4514067011773895
0.6112100010273469
2.121017917287279
0.022136065437812134
1.7059377263277378
1.4935841076689753
3.2199837330087524
2.693033730645117
-3.476614610779972
-0.33635480140820606
-0.28669770904568587
3.6487861020065377
2.351637280409318
-0.6797122048361702
13.207298290900475
-2.3360977374897427
-4.754519230097062
6.040380889505073
0.40438937852391194
1.6649755256698109
-0.02040932288672677
2.2686803234779833
-4.270298278748122
-2.119158907283457
-5.559247497020947
12.213981382186994
3.7561892824418086
10.706518000226374
1.139433087584887
3.5460372256474137
1.0141466717017862
1.5651097160459173
7.726789284781665
8.115503654759372
3.4098864960672532
1.4289222250780633
1.6479138023052977
-0.629786777432582
-5.616089819832945
3.268864341083097
-4.373874231521416
-3.1312529659824246
3.4799337712308502
-1.238511219000595
6.500625720743624
3.765018042127541
-7.036880751888463
1.6888050018530216
2.1476877842453836
0.3032703588788464
-0.06046833254508403
-3.074602701468587
-3.986861515240818
8.937420959956604
-1.100057521856956
-1.0294964205191404
10.71692798516922
1.3053060708788973
-3.6538074795621296
0.9563693282441897
-0.3846312634521392
-1.7174683425751505
-2.0641816620935423
7.295434038668795
-5.5593292792803695
-4.921931309123072
9.120553747026126
-2.0863129146881505
-6.5820923979581565
2.95345112263113
-4.399380209251137
-2.1612910624842328
0.5793162320222849
-0.22073455954585336
-5.627409679081496
2.439423992973518
3.7535902056764847
0.7277896338926397
2.593887576448775
0.7058994923868139
-0.41964691966787815
1.057580536325231
-1.9137672116489821
2.98736177269707
-2.076917533544176
13.797216595802642
-2.8326918200464837
-2.086010501461048
1.442980686192499
-1.0755507993760314
-0.692185062024606
2.3981472549488103
6.119644207172976
-1.8784021725803557
-0.06987444975805226
-0.9123951143792455
5.755110878116689
3.3433403027788904
2.9535772896385595
