3.561622992376686
-5.295956358332685
-0.9326519194428431
0.8115758866923023
-3.2031208683588086
0.947670592691793
4.620280369354667
-1.3819298274100233
4.641770419477629
1.8203786915398323
-0.7934992329385512
-4.935291174863661
-0.6507322816331721
10.669919885398974
-1.2631566507276282
11.165200472285784
1.086069838214351
0.7073428255880936
-5.180719293605808
-4.057381860687002
2.0083215302417097
-1.0779479295085301
-0.9653958419740865
-3.620245211210401
0.544766961768144
-3.6179816600640624
-6.822492147826026
2.5502386561345247
-0.7478212780541139
7.255759511222046
5.422528426675051
0.42716805155776605
-5.418050527214641
-0.6900173966468627
-0.21681807855238547
-1.7540164056605247
1.061651569582382
7.6188817791884365
-3.3259345323392835
1.8598413121896442
3.8071581332466993
-0.7884004089282367
3.773117023144663
-1.3649598131531173
9.097941988026271
11.426045681883055
0.488379053696375
6.1718584414431845
1.5541724851742278
4.254337476005704
2.863674961807332
1.9438126357051742
5.197811570289641
6.463745825840948
6.200438956603369
1.9523386215798086
-6.321440425565486
2.7849496175651143
2.985819619162208
-0.23651240550889158
0.4848725172674425
-0.0907618733403881
0.7289248631358934
0.511980513050573
2.1127691713297962
0.45347747599823873
-0.4066996419675759
-2.9819561627693583
-4.461595918913705
11.633613473767122
-1.2486743760988679
4.812951738930463
0.36018377592062534
9.926265456448029
-0.1834955823180361
5.727757735499723
3.2918479806661947
-1.5951329642035117
-1.0013985865790276
5.560111406323159
2.6013353422177676
1.6570638509018591
-2.3569060224121983
0.06088359096989836
-3.3184906509058996
8.659953044937488
-0.06563913791677445
-2.962343366362136
-1.5946027446690962
-0.11447893712337193
3.202253475564225
-5.106113609450981
1.0763703542975782
-2.073096789849968
-7.3487213791402475
-1.5766274478215578
-6.821681995107642
-2.263744095558874
5.712052990846461
0.7025220682161563
