2.3305766421276237
8.318840049593854
-0.2259088961196916
6.995567261456921
-1.9681714394989664
-7.060674586797411
0.22872069891536984
4.074959105538806
-1.674230985155012
-2.0488738212965707
1.2445956369987468
4.979546833711176
6.3258313379279265
2.512402291048814
-0.5218368284725081
1.073423571746632
-2.2429565058922822
3.0120303071968
5.260890619870155
3.013802065197088
2.0910923786936157
-3.9742810428355297
7.820772619995974
5.131909466154258
3.313534485657769
1.1791318528247399
-6.2959251636004865
6.655852096648059
-1.1027151608405497
1.7649729881802338
2.158412334121603
0.4095262912051384
6.062998495796122
-3.3176821733956476
2.199970209587222
3.249166077259161
-4.152530128736927
2.877716950818974
0.8089545237147283
-1.672041923609739
-0.8367963537430537
-2.07498450204045
-3.2515842786632803
0.44273448595732523
2.2219676044914487
4.800013735242223
-1.3711038476486468
-3.072304423812546
-0.6720890147758248
2.573149452287524
3.5318871286516034
2.2457840070062693
-3.3917015902041046
1.8267476920061616
4.108811532524188
-1.9351691852181334
3.3750400896931345
-1.6436141711232861
0.715808673394483
-2.4731149836793436
-0.8753936734288775
13.345758145840655
2.3024528828906696
1.1055014302763757
7.268528164055199
-2.740370754159238
-0.2546870909991067
7.1596773429618
-1.5949500129988552
-1.5048552718061021
-4.944018747265954
-0.45327686355199026
-1.5070271350890483
-2.948910017680545
-3.2492310446340014
6.266484757433796
4.484442328652725
2.7600405927499647
6.6009987356005055
3.47855028520331
1.418550875470357
-3.1994911938995605
-2.548695027234233
-3.3352488104013274
-1.4771047210215138
0.9784173233882274
-2.5084106155945842
1.1471567589278973
-1.4251995128680544
6.031162754659523
3.139380956295064
-0.519097095870491
-1.3773898334545012
-1.3738171690684764
1.8045584577247766
4.870787941402493
-1.8261727846673188
-1.002366262956467
2.8695425223953093
3.414660138957901
