-2.9347402525931496
6.01112493666016
-1.0934189831036942
1.681844349082576
1.0228875897088834
9.96346018795319
0.3379490577514396
6.3761328879540855
0.23751298191229964
5.849187136633465
10.259840795629511
-1.3606447765270517
-3.1401869599328753
-2.443837203212047
-0.5373358581069625
4.298824618338268
2.863886465418985
0.46112709061397295
3.928895281017853
-3.185758766489279
9.272956881873567
3.1938304939535485
0.38033029490451886
-3.0338389207852394
-3.0218567551440794
2.148440574694159
4.146870273889618
6.470849292701526
11.667417468195687
-0.1802736675786059
1.0750247013859666
-1.1642490241959054
2.5908715690106296
1.298884292553776
-2.6052303418514366
-1.1150475722305297
2.4766855474610767
-3.7167144914724077
0.9636134983316467
6.5348566455276025
-0.6651092224429962
0.8739038555772765
3.286834587166531
3.5585381921706407
4.327702075659436
2.6274037788243847
1.102951395996569
7.168209128294119
10.592717079113234
-0.015471611258078916
-0.24916405754783355
1.4138539126813965
2.781116936280381
-1.0982541909151597
2.5903275588829273
-4.510495462250087
-0.44092364981246257
2.7087599004742104
1.833709097393951
-0.656226301360804
1.2956507312469037
-3.4002532386471667
1.8958129193055555
-4.350420169756541
0.8593814306531864
-4.478501741326111
-4.61178279997685
-2.5470489053791865
1.0371756811721178
0.9560895473624781
1.6511651372830443
0.7640046950478203
1.2895452786843422
0.26840553672490275
3.8322938826436763
-1.0426148199046295
-4.0039167289348025
-1.5488853261538484
10.310044468345108
-2.073449069620585
-1.6948942422724582
-2.0787151948446922
-0.3359260325903148
1.537385631919776
-1.8861121089843302
2.591492166340217
-5.14733064633862
4.687632238535957
-1.7296106253562489
-0.05032385218667021
-0.26219138637717654
-7.2122282677393255
8.841884648588954
-8.473105151030255
6.432327307171193
2.3926669944640446
8.059379849272432
1.625539840348853
4.461832050097929
4.261276529381073
