3.1395796883017164
2.062126485091966
-2.9874370836089095
-4.275567680534557
3.775376528062859
2.160474102610712
-5.508695068217776
1.412273839890612
0.7136027465949978
3.6268457293265994
-1.317176442460962
2.699823115414138
-0.8864145738657585
-3.949840217285444
-3.6318989119752048
-2.490183089861878
2.0876509117920845
-2.6216443556457225
-5.61643231731426
3.2323779480058175
2.298168629636334
2.9053714196511917
-1.869402299189483
-0.7682886131497995
-0.1608067593409731
2.620026937185628
0.18700603263572443
0.6947677644677425
0.9780027551997026
-2.5992802316132853
15.331455179352993
1.7118392501086859
-1.443015659817122
2.490758884450739
3.7351946482614946
1.2665211175848798
11.87004288285226
-0.6152369305918652
1.6060925114573903
-0.09770994357844832
1.5261614979292921
1.0824281334140498
-1.4459261926638156
2.7175643708104165
1.4367730019769775
-8.436307443531405
-0.3404782981496818
-2.5060013342635314
12.79455155054409
2.088998169674519
-0.02386526160062352
-0.11823148132099826
-1.6017781871292878
9.779361979982344
2.160810285168151
-1.0593798109023522
-0.4782114791764097
0.060578974843436904
0.03714735732340291
3.6164171472333226
-2.6728471550451114
3.5771049158546204
4.724543272990945
-2.4055688228231706
5.228292990191281
0.14020795770224975
-2.9942307934461354
-1.7590785368651647
3.199296520247648
-2.238089966619061
-0.372352496813658
1.8256363244533764
-3.4211620570304393
-2.9064213913157055
3.389491536559785
3.2399896386747047
0.7569459863538998
13.655880178603597
1.6033590195839547
-6.8900296771135725
-3.0750133716763637
-0.6562178989432174
8.169983911678697
3.5386949761733577
1.704950367080606
1.0249906538299376
-3.9696414563771216
-2.9673249122087864
-4.147105012449283
0.8884108283290761
-2.536643441573549
2.759324794171622
-0.27884468559428316
2.013635080885846
-0.5094900552887638
2.2362275105634577
1.9319944296299436
-1.859666392484212
5.129537711383181
2.7035052824401817
