-3.3211825367961576
1.6144369810481574
-3.592738997240095
4.32063651160229
-1.4453709991506325
4.008221577327387
3.497879315279955
-3.275159017238545
1.2686676894842646
0.7043254960493903
-1.445375598953752
0.48428701724777745
0.5191611547873198
5.623933084882879
2.864575478195797
-1.7787551241438935
-3.963076941891824
1.573653860565782
10.345059641785602
-0.9054578008459371
2.122144522075202
-0.3431019646848269
-2.4863222305048867
-0.4355447359490211
1.1966609623992137
-3.672454804156958
-1.5237976052174664
0.7656910052260882
0.271799407590048
5.082420288124562
-1.8909192243978032
10.483058707079161
-3.0105108302543693
-1.1568340240700874
-1.9804676089504951
12.390935215000088
-0.7756126500826319
1.6868703594389771
-2.4837935805611338
-0.17301837538647194
-2.7804920486122295
2.5910510024553615
0.18538820791368385
-2.905480007884223
1.0171698701352745
-0.3626518037355272
2.313048758121648
0.18227230088288
5.151513736867809
3.74120341936756
-1.722014104828252
9.869452537715407
1.0090499541786888
5.963590200198184
0.5119570142376901
-1.4116725748341536
0.9613878840192478
0.0775827662942443
-1.8039008544854966
-0.3121563417542522
3.703319196654045
0.15457718327398254
3.5634942565955336
0.8407756977038194
1.9671894483065473
1.2898265044774808
1.402463603542067
0.4435563804689764
0.8353728369421253
5.018318220952919
9.180445901203726
0.03281869697854793
1.8049755151277511
0.3229875073899129
-0.8508427444620684
14.417406090331738
6.2101442074750475
0.964765193382679
-1.1457593654941156
-1.1235548664478556
12.038348811858121
0.7062336665534846
6.67505628445134
13.33275003085023
-1.9549632650110051
-1.6186238744547994
-2.533645517362233
1.6655620797703334
-2.1147157507646046
2.8733142517732815
-2.2850858578073074
-0.159704474571299
-0.504212035887606
4.904386185337455
0.3732216442488045
2.4868586900644933
2.0581007234562887
-2.0786420789822344
6.059445208433015
0.5598799968873776
