2.6353843662763663
6.651611343996944
-1.510463233506286
0.9224740213325714
-3.227636825092323
-2.559314434516189
1.7887319847961396
0.7742929392742455
1.5170777867458294
1.368829115190647
-2.6229198294539775
7.93343248212406
-4.865702610046793
0.2944353703551421
0.691697418388654
0.526837900896873
1.8964092336867522
-0.14185903929195073
-0.2967639022847132
-0.24744390567275326
0.9662586875680779
-1.030939854838711
-0.49500705764933683
5.745429194349038
1.5735158078822804
3.984042127864559
2.3284783692984385
1.8443557074600736
-0.18229204124889542
3.184232149179362
5.397908066652852
1.0779046686710307
-0.8449104551189064
11.033406766052261
-1.472224496098738
-3.921919167896796
5.270895434927646
0.9492726565586884
3.2915218987820483
-2.813240735551131
-2.9491079714713027
3.7568295028428977
4.526502317092085
7.9024433170802935
-2.900683936699873
1.8177271506194197
-3.3130988790755023
-4.261763921396615
4.963139072709989
-4.506149933448995
5.023356147600003
6.801964945382366
0.3074866616534334
-0.6015920893311676
-3.6403414899368443
0.7228844903073192
-3.297842587346646
-4.7481427933259726
2.6577375853619305
-0.9547699314070219
-6.373985207210193
1.9037407796172658
-7.050789109624587
4.5418061570598995
0.5104752574642614
-1.6590606098786247
1.3597478878934997
2.303527479551866
0.6246698935690023
-0.18789402728023508
9.838922480585978
-0.5431767830701417
7.787830613685497
0.83952710212191
8.879918548880436
1.7552643287556124
-2.78703364036849
2.188571888745832
-0.7050619455501499
7.7891949543416255
-0.2643009929922433
4.704633766672998
-4.433622245896057
-2.566694237251791
-1.4548866589308653
-2.074343205233209
-0.346734419644361
1.9442760077551067
6.906815175598804
0.0861752347207736
2.014452691083968
3.8012716022055395
-2.986204822231059
0.0008081245470714655
0.808170443321359
-3.2756834140884314
-4.213715290473873
-3.2693981613596517
8.574258519797434
1.757406870640208
