-2.1822560886366253
-4.5055712250555455
10.129617719958397
2.746627242684151
-2.1029966046501745
-0.888088094734216
2.8964138324485886
-0.9217363938724767
-0.6695389329348647
1.9848280909331628
-4.651737034668184
-0.7820245434458092
0.9476713997101461
11.346051538665176
-0.7724890642254953
-1.8173297573384477
2.470181392836073
0.7121149166884061
3.02673679979962
-7.201871843656624
-2.4313589139143583
9.49497965397764
-2.8023259803120104
2.9851372427852643
5.147870906134521
-4.572477278930606
-6.780903820978034
0.6899966211331356
-3.1257875257064844
1.4706853884831506
-4.346227778918757
2.441605323843647
-2.0925106987670263
1.0441369312754332
-1.1790784266957228
0.12346323765025716
0.6146010935825535
-1.2428280875826827
-0.29984184676861747
5.947507983692407
0.77310287664816
-1.227761807436563
-1.4156538502314409
2.285749076529526
2.691340989015137
3.9952101284873835
-5.908715497212889
-1.5883784967956405
1.7233862620591531
-5.368765601605552
1.6290450172256246
6.247613672421583
11.33493699796854
3.436917190069627
2.2835229663455956
2.224325052037411
-1.4433819987726855
0.36291666178385734
3.873831269739754
0.5343084231767912
0.6228627986896403
-6.670422775266642
-1.2886116525891453
1.1923689544986247
-5.363656866809639
-0.15799831866553574
-0.9311658870893255
-4.232004691171728
9.058456152293893
4.223263231174387
8.125623273807218
-2.223965049238329
-2.4455466933532986
-4.29294923508974
0.9674032725178776
7.180955511039503
1.9664668945703787
2.600028673814509
0.08007563120289252
-0.6814311718530539
3.3119600062702244
0.10657825875019919
3.7951128004851853
7.7819553221206075
3.653574842705205
-0.30802046801701255
0.4291264470904208
4.001260754238365
1.1803734160927701
3.786394964892689
6.437191474249665
-3.662789410891569
1.0583142842277562
-6.757520602074816
1.5743874463233583
-0.4204905006647709
-2.0766756525238534
6.599845506792754
-0.25631844620979294
-2.3399025613126962
