2.7653266980592077
1.6545384900705364
1.32574724104827
-3.4616634540640243
-2.5635546498305697
2.2148575965975503
0.9158004852832313
-3.312625841015832
-1.5907375579948255
4.420231871214909
-2.8718025197995325
-4.34003803690331
0.5308886973581125
-2.878525262683957
1.2384227204698433
-2.376407354228845
-4.1329448082840035
5.717474105530048
2.1988642921438952
-2.8764043049115573
-2.4375675281853924
4.221785680668492
3.5873468390468304
7.773302918520657
4.2282254365916625
-0.6161678153978656
5.672498002553075
8.539234967873186
0.6836856938669117
9.856501224777961
2.4996523379871904
2.3409793168921684
-0.5255106285569896
4.78705868555892
0.6983652892916444
3.20864530163979
-5.679037453020041
-2.0167604587563126
-4.23612796571729
1.5471744729886616
2.2128742658347065
0.6364910670272087
3.489268941914663
2.1691978723527527
7.951910123850243
4.524264733509311
0.3569876854431945
-3.0000323054259326
4.365834462708312
3.865553365199771
-1.465120277200834
-3.5839328494365925
1.4795021385014238
-6.4103494256171025
-1.5647977685083077
-1.2369996935857375
-2.2429081334078815
9.461615051125056
-0.10807704907091174
7.229827181692929
0.29153401817398916
-4.857514817796758
2.5516677305439686
0.9923813329027936
6.197284792686748
-6.531183774714268
13.02896307733678
1.611594866541612
-3.3969874610801956
-0.8050725726943476
-6.289752633992088
3.706795028165126
0.7381372990346782
-4.727730371902586
0.7065034196277751
1.771805108827513
3.3406354834540686
-5.318659145845366
-1.4541846373690233
-3.679740836626279
12.25823780005905
2.2656099722275425
-0.14523077258162637
-2.9677644522584052
5.210463322246802
-0.47389689750770553
1.5459295680487495
2.783089000906557
0.5013481822600082
-0.9752330450804314
-2.4718932373355407
4.102729599648788
0.6187102064163505
-3.198698624115739
6.388617235715136
-5.517144970478933
13.703076528974815
0.18233396805403407
-1.0503735269843342
0.6329970987574294
