-2.0645194267406457
-1.4344667316170054
2.2603799636173214
7.924480300771889
4.971224673165861
-0.5145833450333115
4.444221825501902
1.3721176027309196
0.7993849377600026
-2.4710667952877574
2.3066655472589246
2.6597130265389093
2.332891825498168
3.3733303891633257
-4.265786941868728
-4.821053853453374
12.887739256486348
3.755592122489965
-1.9507872888350195
-0.968887896760746
-2.015520419676939
-0.6870002211161089
0.6291740816930541
-5.207906406358288
-0.14967899787939343
-1.9580858895098379
-0.6116652268460457
-3.5740140331028876
-2.702257089504267
6.784652460250239
3.632274123265039
3.3329427833085794
-0.475714403891041
-1.745282894406651
-1.6187860504783524
2.5224458821046962
1.0610749802481365
-2.360849344963493
2.6420927304670836
-0.8183155693615267
3.3877920888985913
-1.184542346479185
5.6026478718321595
0.6520501656204698
3.1638613223541068
-4.054446023036414
-0.34585232452157555
1.2714120440403613
3.6850912436573102
5.368420088944244
10.460144779755598
-0.12562854929618808
0.31260288987924234
2.3422730922641293
-0.7875941975975265
-0.5031720387484793
-1.5844626779596738
-1.0294593660529552
-5.434283900052574
2.368633010105588
3.0501514194972774
2.900689191944741
1.4975277749577893
3.6817587972824537
-3.863302855622339
2.947517100668103
2.67758152266227
0.3005028347230275
-4.879286835928815
-1.222822991547995
-6.4823573581661105
0.39007968727134706
3.2858269102988613
3.4175778675495536
-1.0773081422978488
-5.875979629414815
1.3063387662953896
2.7863954467445873
5.40446526103185
1.9535076887638563
-5.7294638626072345
-1.0840287924833665
1.4771923791861987
2.465045415907384
-0.0003434846009515431
0.7412377877336127
0.28713344172259325
7.416997730545505
4.3130475526071415
0.5351436473859414
2.7276109693936323
3.628836353009473
2.1427386278321485
9.60654559220189
-3.9030899824931664
2.0891594473518813
-0.07600486059116796
-1.3335927045535465
8.138398054328391
4.096997961318227
