1.840440406677795
7.353141745517936
3.596355932887478
0.008965183675224817
0.4411814810276429
-1.1317720128605364
-1.9217952399142633
-2.9401885221127584
-0.2193386187351898
8.77082432799948
4.851886617282709
3.4713078232668697
0.3954179811852363
-1.9716551039376573
-4.047904802519044
3.8198985126263674
-0.44254839648341815
5.91569153751706
0.49844534265985585
-2.48985940457832
6.5588397849650395
0.5849731584784
0.732191129938479
-1.9203805135108158
2.6060206327229105
-4.718296509963011
0.4170368251824421
2.437628515407838
4.105411444255714
-5.22435385625502
2.5523999712508845
1.7816866621005305
5.3809581127880355
2.187801244199883
-3.899698234796735
-2.7717803278490933
2.6213019632142407
-1.5334990175539822
4.648707442801119
-0.9337242503708368
-1.7018458906093592
-3.954330007765456
0.32535233674486663
-4.702151538506512
0.5456761659713442
4.8349387007145666
0.5387781782031433
1.577893736722391
0.028103183492825166
0.23112777027383413
0.18157913307375675
0.33826541301787705
-0.748798962231207
-4.124954999183602
-6.431584637762194
-2.6750880267414034
-2.2627235434417283
3.4508019048950374
-6.084117027645327
-1.5273803277058677
1.3282693016545781
4.9870100843628276
-2.4034387139819255
1.9302736227945267
0.2618584769175618
3.4244289063682656
4.43799212278272
0.72620615896749
11.020346082245037
-2.999863284923863
-4.011169087461545
-1.8927697280925693
-4.8275715368816
-2.5179664680735074
-0.6082417298133108
-1.7699953888747513
-3.0334416894894787
-2.6007285114197973
-2.810536912524943
-0.16310730634764836
-1.4619816979356743
-4.443836588783546
6.944705454730838
-1.9035822734404588
0.7849712796558568
-0.54272601843023
-3.5262401750644092
-2.231180149077642
8.692436807214985
-0.7604196926175212
0.39355947691315396
2.302350913065589
-9.364361426636286
2.632279228988346
-4.182058721083623
-7.356397406950865
2.58500460454987
-0.7086025892903834
1.5039257195707834
0.9573589858629101
