-3.914957284513964
-0.2538769929773535
0.9760807688098265
-0.690718803038527
2.003861513337311
3.7524854067286824
2.4508844607660247
-2.2024026173612494
0.7917590227442812
-0.08268511410002569
4.942222514851758
0.2721802008177491
0.7286930994522781
5.657221911892341
1.9817908761802425
-0.4026411312984489
-1.0622495812664292
6.309463657405819
6.299034643610238
-3.4375113158964146
-1.8788927440174765
10.308763402131342
3.9746668139352423
-2.7019011690497696
0.536774882694382
1.1263134531457384
-0.79263820598337
3.398769750642863
9.539259093681405
4.0856279256088825
0.48817554901634175
8.75438919109401
-1.8224509648650922
2.6214676607655334
-2.1343104551295142
-1.4410724136693052
3.842215881550494
8.706610234272214
-4.054570222091754
2.1466031605367295
4.130043917499698
3.0014157198816918
-2.225038981713575
2.0194454818843037
2.379854520951433
0.42802738504254745
0.09690034462997762
9.112105276412166
0.05207562075408325
1.2701391224989964
14.037874059873111
-2.2761540232548985
0.17871089737532947
-1.7197836957801798
5.614560732154155
3.7027974045546452
-1.9992257368692936
0.5330318101195561
-0.029998944502148447
-2.199959337898328
-1.9025063223074379
2.352762209324708
2.962002150310202
-3.285167583142359
9.676164788747716
2.7560542180248517
-6.325687914560302
0.5071812432037417
1.4224054592743147
5.226357863095014
-1.1832917661132183
1.6494317191669925
5.4453755827067205
-0.6890301050815452
-1.4810956254518275
0.38795674920723977
-0.891367967531103
-0.3857554664448708
-1.4367485876063968
-1.5504329259201655
1.55120663583936
-1.7577853512516226
-0.030295219458449343
-3.4294212992187347
6.424739347574059
0.009708470938756876
-1.2008749096904525
6.949098931945901
-3.184787565449289
3.825912748050449
-4.287676212756957
-4.317640604976309
-1.6910115547747986
0.9101982645112581
-0.4055612397647677
2.002913939387923
2.536233721474498
-0.28269028528645235
4.4236468068571195
-5.227697637586507
