4.533001518788858
3.5069527552005733
-1.0502220656843093
0.08421732753041021
2.1141960323753763
4.843247515893594
-3.476561516952724
-1.3911795190362772
-1.0044037283748606
4.187440878442344
0.5479319533902242
-0.6204535995258952
-3.2339221864001457
-3.0527858893886
-0.8035695360948559
-2.752459008272398
2.399348991888768
-2.179245605349083
-0.23163643347285157
2.3657120059755004
-2.5552788748792787
0.2812654601880727
-4.00889881071208
-3.4683780583162003
-2.0191526147481555
-1.2836881852930104
-2.982005737987836
-5.404968205817292
-0.6552002364652213
-3.7394336273180033
-2.5312761016660996
-3.4756175531649385
0.9254286970859535
-2.650195016464072
4.556245329436257
4.447988565024307
1.1834347324142418
0.5393174876920542
5.661964984012876
2.8883499554772376
-1.3326570014405803
-3.9200368595238864
-6.8025449384442425
2.836735364362352
-1.0020923859945845
14.70504175520519
-0.3553247371565295
-1.4519630545648878
0.7299367897857532
0.042949161502353214
5.827152292027371
-3.5670171473848016
0.28688390630241983
-1.4841640136881717
-4.50692884298716
6.555567440756359
6.070253971811968
-1.366424521724846
7.01919291661425
0.8414387520497593
5.124449382303544
1.607291451082986
3.8414798064138473
4.864269331552729
-1.003177657295192
1.062763778366254
-1.620037283843079
1.6151516597436983
-0.46561984751910407
3.474976044083138
-2.9141769639405135
-0.0796031452277739
-1.7827930319524001
-2.0541069848068956
-0.9236794423752253
6.295601121894732
5.867581561865821
3.485667813373751
-5.021269448865039
-0.9558613008429273
-2.512453518767118
1.4639308241689544
-0.2366473175687408
2.8425498501565163
-2.443899226184019
4.230663494327175
3.010390368837381
0.4270282198683727
4.956797012703884
-2.3115696435199142
1.8890918636236038
10.3541080161805
1.804208396222998
2.9117065304746506
2.2687618579891176
0.8737117616643244
-2.689149949695726
3.60055888581168
-1.6772140893322447
0.807486007225326
