-5.366604558264616
-0.491167019749442
4.069600969950484
0.4497394960038227
-1.563085374605227
4.015457643533841
4.392222735181082
-4.605577910514217
0.6946099464624536
-5.336536837291285
-5.555549029402912
7.682335770205381
-5.866543313184437
0.7325741230553158
-5.090829735809305
0.3342188237414397
-0.3879172215390374
-3.3606899413122147
3.727205490281109
-5.122614760381897
7.1411477362330995
1.8710920399783573
4.4143796653021035
6.861533698085403
2.410703969579623
0.3341581452677822
0.26355470020603855
-2.6676200698795496
1.7556053356619008
2.6831859939980744
0.44610942915735796
-0.6055208254202191
3.978214552093447
-1.5625284900003864
3.166895879934887
5.490050717818088
1.8503674664208885
-1.9582576290566296
3.2931165092248804
0.49661855672385097
4.260849170000483
9.734095611739633
-3.4906129286022134
3.7446849611002646
-2.0232882556035063
-2.5090144401137056
6.383119565827146
1.2231587142933096
1.225706974981132
0.24867918291358193
-1.0650017210521432
3.644601439946233
-3.166688263061404
0.1979852166188606
5.549382131998716
4.411355000464716
4.330138401149615
-1.0027937021642295
-4.734892261903477
-6.5270519176301995
0.7530644811814229
0.7619106037381784
-0.06477940206831101
-3.1204532590573457
2.585416127014435
4.8437526343058375
2.446900062555655
0.37243510309321065
0.9260423109376231
1.6260947166252098
13.19078520012297
-2.017839052776213
-0.7545379367654454
-0.9177589763344198
-3.247395598777098
2.3401538591507647
-2.4374389773172886
0.4517336455111305
-1.5650030589441903
0.17622886142945
0.9023384361065474
-0.5450164843651311
-4.009477307501319
0.025137861588604857
-0.9251963056474803
0.14940431908215204
1.417899352028891
4.180849909371096
2.4188379142366476
-0.538309104870053
5.034928772191164
-6.764431363896638
4.2508783454678705
0.21351205925752695
0.788143860909025
2.7649168095445926
-3.23806541407124
1.6385565880801818
4.688628118832652
0.5071805943193157
