-1.0515385948947047
0.7600347156989375
-1.697391903440998
-2.211204751820466
1.125964094282538
-0.550475948576399
-0.9082102835577957
-3.5377075420529636
2.293228926591511
-1.507918496471723
-0.4886492516261475
4.786162149857743
-0.8570013109968657
3.599314538235205
4.201233738675906
3.1329527641834023
5.035541458847693
0.5771764423827768
-2.8227724881934346
-3.4640829242602935
6.493196738867124
8.634506088880737
11.212168722053145
-1.711864997456999
1.806943265535683
-2.2899569589990754
-4.2524417692676
7.696800314167122
3.5733189132321703
-1.5918743377073739
3.906617261255935
-5.095270315034897
-5.952518221399323
9.892313822025633
2.612413601011187
7.7542722572125715
5.2882716918621195
-4.01556486840075
-0.13191099029930076
2.378460159477164
2.926728371243175
-0.3792842327179534
-0.061822828533889866
2.5591072609473375
-3.6233789349847756
1.628472720413599
0.06898837153045816
2.846768453077939
-3.6075693347961435
-3.2732525673484214
-3.5878024028833595
1.3011519676481629
-2.2084865338805555
-1.0064467427900827
2.669319509781805
-0.45347081093703284
-0.3055666826706094
-4.086782441756565
5.322678060437958
6.0761716824620775
2.402903855505488
0.08807708486791338
7.259597613187049
0.7809691682936435
-1.9747322062167458
-1.9431059321305075
-0.4991357561531285
0.3418830653042096
-6.800202746059105
-3.747175253633989
1.7307474581075604
-1.185128201692104
-3.7377108435349813
1.9891874023901202
1.6220021751188376
-1.452736043482472
0.18667180787824328
2.89087973588595
-2.2011918707798057
-6.258509265031121
2.6157238345605696
-3.3036547499921003
-1.0435788977395477
0.37961096234382585
-1.835569670832374
1.2363562737363296
-4.876738129287677
3.7987922082930363
2.919919973808774
1.2037510984616842
-3.1448215314783963
-1.4341966067389478
-0.9737021728723504
1.0714668285095426
-1.0772243922612854
5.934408895418192
7.017024350809689
-1.210203661752573
5.3702139111056875
-3.284196938052076
