-4.838549193260048
-2.9666681554334677
0.7063812929147006
-0.7620307363678799
6.905319333254155
6.926644705373177
2.671216450312013
1.9758317942952894
1.5135109058182423
-1.9434964949896685
0.8298594107372979
-6.481423372714321
3.054625889841817
0.005484989136137287
2.516368499592823
5.346710410947202
-0.7630249680565004
-2.821200171244412
12.614729817116357
4.003612896621991
8.895182470177016
1.5485343740307818
4.941950757097329
-2.1159746652761138
1.0606806353047382
-0.36082388315125374
3.4531355506641352
3.22469083969915
0.09959502623125929
0.733488229662786
-2.7933461538456177
-6.029125889062317
-2.240129976653581
11.90986566212305
-1.3423981127576545
4.555561501530475
-5.128122495178937
1.0128328075436657
9.635704695979465
0.8470590325304317
-1.6436373281417547
-2.015478445639703
9.512426731664725
0.7685638949821468
-0.9278204903573171
0.2888550068962956
-1.2401793869007944
-3.3997916978500875
6.147339389996337
2.6313814140996388
-0.36967570965614893
9.156705689479812
-4.162256393063355
0.7569564447877106
3.8801077028588185
-0.1787629862315237
1.6567931500738693
-1.008301179332149
5.041982322363257
3.1636703159626536
-1.7832219528676871
-3.270411807390445
13.302341702256863
-2.425094215962071
1.622835820543329
2.817480239103137
1.3875976014611213
2.441657851552895
0.3121378283879246
4.325225992205441
-3.5307656685793294
5.5910975722859355
0.7313663470603804
3.3637737217508286
1.2429354646530442
0.2099823825775477
-1.9080603691928095
-2.062742964990389
-1.2154255845530229
3.610475599679368
2.491578109088686
7.647030326530616
-2.5370956262716358
7.500467852335042
-2.1015414626055855
-1.0080399168193166
1.9801254335844152
-4.3217283483801925
-2.9797807441958963
5.470681814030797
0.12232717377800749
-4.476434986988018
1.6218362836240874
15.701011779824697
-4.9859524119012075
-6.776176613594131
3.721653958398666
4.619881560313729
-0.9872184425687337
10.89571030257036
