2.08757615074712
-5.400917480567668
-1.543184714629389
0.30712088234016566
2.0521730486018677
0.3759929246599759
9.090416393522768
9.101645760005386
-1.5372439070093646
0.3450220019357265
0.22626000166672294
13.551761148971803
-1.7974809772677696
-1.0539223397779016
-2.717348699470353
0.7679950186229845
3.7927867772082338
-2.466734632975314
14.585171550086404
-2.1225799637709044
-0.2539444583118948
7.562594250076059
5.411030979722096
1.258023853489267
3.0736667841758765
-3.9769555153130858
2.4379256169745203
-1.9199809274427335
-2.1386312089347665
2.479412522814821
4.329191905106336
0.7136624180642394
-4.400310308989844
3.5684638362473096
1.4242978543638622
-1.4343623413425592
-1.5840027864421375
3.146595557443818
5.3615995535792225
9.068430857841559
6.361935311855659
4.727136054277378
11.602370384837226
-2.543889180683647
0.6617386573287842
-1.2520943050297313
3.204915532160041
-0.8170426549310541
-1.6474955177733606
1.6462627844156366
1.8173890666095103
-3.085377056148591
-1.2413969782353678
-3.4328641276749403
-6.173217649292116
1.1730572636444607
-3.6275652867247024
-3.5607140321230517
1.5931343894008863
-0.16857808400483687
1.3486983673356954
-1.189129618480167
-0.846929699456222
-2.8657240357787437
9.10535094348165
-2.067124458283888
-2.2637882628213792
-1.2630423927681136
7.371743773362718
-5.529783807160009
2.746284102120232
8.062953447868404
2.8545369507260405
-1.9547667771512285
-0.18342723578726675
1.1336716215611586
-2.721398824425079
4.147543518319972
1.0283822390503108
0.8144909101861433
-0.39591791205907934
1.624762335253295
5.026709389997713
-2.1080239930260616
0.044287049295282654
3.2088036834423024
-5.61944954891192
-2.196118323151711
-2.3205111468028976
0.15999032691500376
5.304173277892897
-0.6484047174312211
3.0306573202291833
1.4080661271898496
-1.1455673142792206
2.6079527983652526
-1.2196318785576288
4.448707737517128
5.504049505509064
5.834986361608997
