-4.400220184341652
-2.3955809298112016
-4.155025531536654
-2.9575619394978263
-2.4869153201590146
9.891840814854266
-0.5104043831307059
-4.213894406876596
-1.982421468530232
-0.8553144470574863
-3.337295543856108
0.438424908058346
0.1326646437881912
-3.4352024063381927
2.155931151137307
-0.567964673482849
3.5418043994017308
-0.09449020303851474
16.06948033427105
1.9085418092937048
-6.275262536304475
-4.040173529519297
-0.21066320600930072
-2.28367134015594
6.2199771578040295
5.006608158671776
-3.1972269563875786
-0.34514981809508594
-0.7694031673066675
3.7450730981837346
-1.955280576339767
11.849764098819843
-0.6973177700595189
0.2341358040684295
1.2271066469557264
0.7905776146346871
-2.97647653605699
0.08442372605877387
-1.4738615441998464
-1.658608144606191
1.649018381571286
-6.561274529473952
0.6569184074016238
5.655571559519137
1.3906363248597353
-0.21554434213682683
2.9990131336291306
-3.668685070024032
6.408494648042073
-2.708188212358958
-0.8996326150842042
2.601935383417188
3.379763366442414
4.784354858029596
-3.2751119237518376
4.945075526804592
-5.840576479312377
-0.6377236136241229
8.031388131382835
0.8374390501272195
7.704953226922435
-4.523003628070786
-0.2737518610442993
-4.180317799554189
3.755347142084444
-1.1728100643084363
-0.13661864726074088
1.2484903914840593
1.7912817812374464
0.4836513983924089
-2.008766147235506
-6.700025272249408
1.804017399272944
-2.3738992816899724
-2.6431486711405454
1.255890330286277
-3.4556610466911706
-1.4579761523644577
5.790387398579212
1.7328597955326375
-5.968829149968913
3.59916438104916
-0.9142197073673488
10.995103396788885
5.340308386208326
7.205396795698816
3.6728832224540877
0.20758584358154902
-2.3701217800436747
9.84918774987351
3.3088173524453093
-0.6363709185856041
7.2501748526761896
-5.268009085546447
-0.3189143858082165
1.1013898738427002
-1.857023056604325
6.6397173040624144
-0.7678567061753997
3.221519857264532
