4.005786123073463
-3.492168703054412
-1.5379773670664472
4.3078290819648295
-1.7221242122832647
-5.9195676296268624
0.3226290254109163
-0.7561036317197812
-0.8432042939361202
0.021772619334172474
-0.6074999043469211
2.174131845495262
-2.3031180239709306
1.4960986352749583
2.4992260279045304
0.11260110169589072
2.6483498216937766
1.5011669730942798
-3.504078397298514
-1.109572828173049
-1.4678702195835005
-1.0307609743279342
-1.1291176148565025
-4.116464469552099
1.315283654722329
12.708439979454184
-0.06655253089174236
-1.5573487413293163
11.508836936084464
-1.1625314911176994
-1.189950722319339
3.7299072434021774
-5.278474358775857
-1.5126511171474575
2.0114680644011704
6.2033491880167695
-3.919011626079691
-1.575736549017594
8.21535932562891
-1.6854974374893086
8.009866319553364
0.04526177098902506
2.53182356107837
6.653445405350059
7.165260686036381
4.123534686323539
0.07981250418251497
4.369766615101776
-0.2831783823979361
1.6966774943458884
3.6406461329617565
4.303010241338897
-4.496678144706084
-1.675351174919316
1.4330136632153938
-4.307586976584852
-2.332582729119215
-1.7903663666723804
1.1850147571519527
13.738162129428767
3.9360553158974456
-0.9987921805783361
-2.745743798831291
4.583872336664289
5.128590430226634
4.47529143997286
3.283855847105679
1.118500658894261
6.345577716401842
7.833830277062168
5.012512139158339
-5.179069639407995
-1.890058325964276
8.260392800343924
9.326789025415273
-1.4486129240961114
2.244168886997116
-1.0275803709774276
0.4708530653414746
2.465277002544963
2.0162725137993487
-2.505654661122393
-5.31148060648468
-3.9369769000035815
-4.315586222555425
6.979377922882103
-1.9601091196842357
2.7481682532637723
-5.298406061583467
4.14207030135797
4.211696275777463
-0.7994068121828867
0.7090909157434743
-1.0609554257605487
2.7696265256700223
1.0570077416498278
-2.7602401082127725
2.1862037926172135
2.3443594590927113
1.5634630227049748
