9.656601316693006
3.799900197162783
10.929534662370417
-0.9650851575685944
2.953509719257939
-0.8779983619392511
-2.3949437826522293
-1.5119192405658128
-3.434789314819035
2.060788398205135
0.43317748286126617
-0.7346345938696963
-0.8465708053518621
-2.957249860434964
-5.234889292930143
-0.7787821356723625
0.4656277906981684
11.532354669580961
-0.29720306732232116
4.3966984706595245
-1.792925989515941
0.7634523621007603
1.747605262927242
-6.389578249838282
-0.4817451726357631
1.318924790412832
-2.3411212140767983
-0.45812731660282935
-1.3670736067828575
-0.05004554981134267
2.747512625543906
12.268220265611522
-0.056130755705069715
-0.8762734433645851
2.5621192423811596
-4.684444164613571
1.8402939757468584
0.37125041640660156
1.7663780205894035
2.2876020184950785
11.809694975772036
-1.7737842752290574
-0.545939718472443
-1.3170136549479075
-4.511999502523594
6.710614016748279
4.805233434270269
1.6290455027364494
0.2845302901625786
2.5353904256357516
-0.8503314738191822
1.5273978551552956
3.695343806521585
5.1970486429472995
2.5679146231262386
3.9588085602360428
-1.1243694929684804
2.3013989000648034
4.609914709576491
-4.367338433982712
-0.20586185183787703
0.648117617720287
17.070589769000655
1.2158377435718983
1.0888725063963234
-7.11073169323085
-0.04959370792148832
2.590704566511319
1.8066242844914513
-0.6002150709848568
2.7620350768323565
-4.904699457091603
4.233523328220969
-1.3021212464173568
-1.4346663654059089
5.884268418953967
14.408985265760228
5.009959560245269
-0.07866184418220665
5.211091401554503
-1.4087950564684015
6.098277106393196
-1.5231556167625036
-2.012872095669847
-2.935796114020904
1.5551203054115454
4.866229363120262
2.2295691110814375
4.068382156925487
-4.444505627841766
-1.3877633764425166
-0.12308509443453025
3.94847397531392
2.9693000471213704
9.588789903215746
3.064387457865889
2.4717308907421756
0.5565426635453075
5.9083057546656015
0.02881461209418909
