3.4861024710830257
-4.59317368664182
1.9193447455067627
3.1073280334703886
-3.405900537339318
6.572656627316742
1.250176110233375
0.5427649631510215
1.9272975353669426
-3.5060579539988357
2.5865136010703296
-3.246538277271182
2.217031322185873
5.292959502107116
0.7614292437414052
6.369688954455871
12.326409559145755
-4.125047110041725
5.63421709301618
14.892087324273065
1.3319472177886902
3.702365347838075
-6.668469719517232
-0.0472428399013287
-3.3264845679737682
4.444557668643202
0.4230963808908341
8.730337638662977
10.488204161165012
7.746723985741885
-6.481367987966264
6.373526114521005
3.733269984291534
-1.2682477030618686
-5.635950076725389
2.6415513607017553
2.4745339746637858
1.6906897689511187
1.7065081640191124
0.5044451619559818
2.222506164792597
11.444445977878262
-2.940513142159294
0.32407542367373654
1.9000772146359617
-1.8223016745346308
-1.9567702860171265
-4.6559973080606865
3.6731289373502793
4.485775015980224
-3.421575801398949
0.2272978862963434
4.937622548604621
-4.555489945990046
-1.7464740963919083
6.423853029513122
-0.01688881916425424
-1.8311900418113143
3.2563565648644315
2.4204960046498876
4.086672561608448
1.1266270190965644
-2.6298171196106614
1.5128211320454075
-3.329122320993827
1.0723577410585319
1.2744302245809247
-5.2858090325293645
-2.934291701910168
1.3257800644371103
0.22672132278545337
1.9909522338064831
4.014027834293536
-0.8235981513939947
-0.678025077128787
-1.6241515485482618
-0.9628804670335465
-1.736838372555554
2.5195288257487025
4.725647527202219
-1.5115558957850332
1.2494305558568013
2.007455059491831
0.3834325890853832
-3.2949360836737647
5.905911532501623
4.698276942578873
2.3381841992337815
-0.5597695553238138
5.354222263195031
0.7300353634654364
9.802230678880509
-2.78890433189365
-2.075302539874844
1.3520142512497393
1.592238635210284
6.032741408284477
-2.9642366723355242
0.05109369555948379
0.00962276307705682
