0.9018690041111573
-1.4735836289959126
4.357388491921394
1.6460684633537004
0.4876992727965178
2.688477422056701
4.889280826362967
-0.23897897950596442
-0.8939903260753891
1.704630862043731
1.4907379280323054
-0.7144402259141385
6.886295807490954
3.986003074348101
-0.46521911571103103
4.439169227547861
2.4525527936385343
4.8899571467472525
-2.219443208120694
-2.0799817278113135
-6.990161574228384
0.3316996891666749
5.145510028699244
-2.8031563183199535
3.816495795509217
5.323052790990586
-3.0387850067154174
2.759605391998479
6.693719631723259
3.131774810191831
3.8089519104893155
-1.702617671580448
-5.474884177342069
-2.835907903120258
5.6784871858989705
-0.0797653713856675
-3.158465713307899
2.6031159474776637
3.55090946903493
3.0057608735941166
2.3274202747564665
5.611027128559849
10.50147812779716
3.1960261714307165
-5.552147168668913
-0.6616261131393966
-1.6217787010424976
1.4992794807423522
0.44335849626151147
-4.262125302565519
15.615592470670437
1.738635813055589
4.451297141842413
2.980141893386282
0.6153616713766946
1.3508701174016282
3.26999885858881
-4.977013304367739
0.0016563055447302538
1.301327073570232
-1.2146148318935883
-3.243640221454868
-0.7627151451982532
-3.527069252330624
1.4816495989922622
0.35113471567296517
-1.0117001852484386
3.520445207361533
3.565293147228638
1.5656804752077242
-4.591818069558512
2.641226718808958
2.6186626945383624
-1.6978907287209524
-1.0853545086676548
9.837234809183231
3.1520101787751518
-3.30706906145648
1.3782586891921862
0.3499970997396429
-3.6755199330989248
10.829755072342554
1.1773190588556397
2.3417845116032985
2.5253063520970285
-3.445216419630407
-0.580607955897493
0.8436499842870722
-5.064268313357518
2.551142467157574
3.1514853206590896
11.286272514456611
1.2275602473041478
4.307999976506775
-3.7515338722967266
-4.694860237599163
-3.1248506968741383
-0.2832472353658668
1.5947445332558008
-3.417404476811982
