3.172672858087993
5.952069962484095
1.554445659765293
7.344215832560966
3.946041137409338
-3.0499988187247693
-4.512138367479575
5.995960451895406
0.6630119720348717
-2.8734677201901837
11.713829227462572
2.225925798698775
-2.2025788502204176
-5.544498949484088
-3.393167286343132
4.997320047498073
-2.5618450250528086
5.203571134388
3.0855202925497247
1.0908962357438294
2.008086627361203
-1.0851101891138957
-0.9268849437414421
6.874509514924727
1.3109974757433713
-0.4157404156509914
2.041752239953503
-0.0159041755093829
3.154635523427334
-1.779387642089608
-2.6621833560360244
1.673065459100978
2.0806159262587416
-4.077165669788496
-0.8548458829986836
2.2515515326299473
0.332364997382423
1.1934939296205394
1.7021719183741464
-0.9923321668968328
-2.251609057879955
-0.975435560068852
-5.270560548151421
4.856985638735943
-4.963719964875029
-1.5618282394289251
-2.624229554569924
10.809189612260248
0.39608613409930615
3.837469242813973
2.6894042573383867
-2.4944592266344623
-0.7769408166083915
5.6180466450445055
-0.9345656828176215
2.9508790128112503
-3.91624973329505
1.0313749974566297
2.4145463741306497
9.49660951382538
-2.5547257940363783
2.2496151923162833
2.1176078095989963
7.663898664067446
-2.316387681463949
-1.7449277453506498
-0.6705135018440687
-2.429254107314631
-1.2363899414282473
-1.8327428167600581
3.066136005298927
6.939888919896314
-2.206138479747696
1.65333034572466
-4.450258649231109
-3.835214597196524
-0.6031514807739621
-3.8859289655283566
2.6462947971069184
-2.7672957751006226
-3.570312936656963
-2.360757768886639
-0.04997234368401243
-3.5848448871002887
3.0912672388791265
5.880492189568743
-2.758499220147214
-0.09919933065158616
-4.359863652537816
-2.515103595521088
-6.370570983903461
-2.5360366300420636
1.3239771677225356
-0.9305041554893378
-0.4735634661944258
13.1648335827477
-3.297179494074592
0.8464331037994144
-2.7320500285040588
-4.349664607632135
