0.886552617609383
7.848939988638266
6.100599600773156
5.9929403689354075
-0.024529370142092187
-0.5958022270945175
-6.936114736381447
1.005444530789998
-0.5198583509400342
12.391523731670402
-2.478892338667944
3.591281867140535
-0.5042238442019107
-5.876888553374094
4.118945951581662
-2.3701328122894854
0.919400221955064
0.6819496194925599
2.2750569386095476
2.625500526826565
3.0406255014315526
-1.6201926497402916
3.3139982412358897
-2.8153000762057108
4.015596212139144
-0.7978598715707532
-1.7161495813518153
-0.631963393419093
1.8312351755866758
-5.7644206460294285
2.2339635443895363
-4.160070566214186
-1.3863579338274081
3.231286502559511
-1.0201320702881425
-0.03976156493050085
-2.3998163429332138
-0.07311943819345884
-2.259480838142153
-0.0941402189335113
4.592990028969501
4.5501891296926145
-1.0427109047217389
-4.541870960073144
3.5524183858190983
-0.9806185342121201
9.395376429749255
-1.0076354741212632
7.249581716058864
-4.515546623945665
-3.475034552089669
5.553762422954545
8.945564018884916
1.264022107379295
-4.208003165679349
-2.2366890686160357
5.6941785110513905
-0.3878048782762614
-3.413941479693273
-0.6151667552629125
-0.957119310971061
1.9203654659767886
1.9019837106681359
12.025427445946537
6.527256823550353
8.317192250754886
5.080612201688108
5.366312208526993
-1.293698519322044
-3.6168829476738553
-3.5498223813076946
3.786846100103932
-2.123296239557616
2.312655344574434
-8.494182483617424
10.008054610648792
6.068218239835558
-1.4854291772315544
6.676409915622382
3.1388211468009524
1.583076355739597
-3.919591771175377
2.2755441064270268
-0.633575723878545
-3.8844441992520107
-2.3872009787839277
2.6739179719865867
-2.265952962150767
2.409163988802646
0.7876103408428718
3.037197040314723
3.098758893393998
2.858140002461282
0.4343402781809079
-1.8455752812423445
7.82059920147586
-2.2871623560155214
5.880175576531646
7.850873251378127
0.887418243151201
