-2.340708640583262
4.3552150748964555
-0.06965743656042384
-4.255537454577299
-8.687728998950957
-0.8648078620198036
-1.0948567590393716
6.8496681631109055
-2.649247806412717
-0.22864556230891497
3.1825592593074656
3.945745955397337
-4.870935171833614
4.248964670660728
1.68967942092668
-1.6072082307256856
3.3011504667432634
3.873803741520619
-2.9165689514377764
-2.607348699147237
2.0097869365314844
-2.555896048837541
5.292619559120945
5.987796668693282
-2.025893810732577
-5.284307940714531
7.029692232068016
0.6757854902065995
1.7058744244979103
0.6888450025063195
-0.18826742713444844
-4.538678802734858
-0.20020800087230628
-6.532063002835381
1.6577910659659545
1.0173726476704779
-5.78142105462775
5.098834272046979
-0.3732743942387939
-0.00041094415583738575
-2.0645274529918964
1.931487999151288
1.1395453004259437
4.9875247539656105
0.5623122073331809
2.8125435943229933
-0.5074096259389614
-4.210438861869494
0.938101350648183
-3.7347728323696714
-2.3016961507708045
4.246738123476567
-5.993453145826117
8.72245450107601
-2.054459852868245
1.3058061385974464
0.6711303832991324
0.5901740708696053
-3.1028676130647703
0.3981981013499074
-3.8249334817327183
0.6038198604677361
-5.684001827222753
0.6304737528561813
-1.5387853778393419
1.5328349406225228
-4.962044360491641
-4.031621323006777
-2.342576909046863
-1.706058635079258
0.07600585206505749
-0.8270961883269132
-2.7512526426542774
11.292245405948567
0.2450789038425601
1.0538237644917658
1.7741209992452456
-4.140517921530166
5.214087455686197
5.676507069753914
5.938159115812221
-1.5131629731359642
4.1536898892974286
0.8543899491761769
0.45043775513640444
0.10227748323171526
2.301319619649344
7.518325973331306
14.059384040871542
1.5858073866602247
-2.771168481252438
1.9186807230498082
-4.7438990675471615
-5.02477052513796
13.590097102615973
0.9860654622173703
-1.3922105679344292
0.32760186320051304
2.6249281981916885
-1.3945649912138092
