4.791905392472449
0.3407124899053664
-0.28148239908349826
-1.8157875235782848
2.2184759786170405
-3.7055065456085137
-2.04555476820497
-6.297726285069338
0.525787076442509
8.993199433141621
-1.3850281724681575
0.7419536901945128
-3.856342548527107
0.7831316978556282
5.287253748534723
3.150601991803858
1.9396690337706768
1.4068208406019385
12.572935270795728
12.788159313078166
-2.686095989853875
3.7580828982085888
-4.055314662567152
3.7766067226693476
-4.994816096528482
2.346472560162315
-1.8326460228432424
0.7459784751762792
-0.47873990970777003
0.13428236511181726
-0.8242878309168404
0.08696017297032874
4.329635366681372
-2.799987845778258
-1.969527359239858
5.781910695784864
0.4167905044264081
-8.087794948248547
-1.7674985561122907
9.70403137684166
-0.4292274094700698
-2.367754048236428
-1.9140663926686385
2.9038146290695934
-3.3193410800289227
2.1485999686090675
2.1634974926882196
4.645762907580217
-0.07201533586090496
-0.9272209552201116
2.083443602001715
-1.617060326853719
-2.8190271986696245
-1.071700243043388
1.019292546788216
2.6025946531443656
-0.7816172939128863
2.7873504500102837
3.4148795127266114
3.779956368385999
4.176751584083252
2.088282229742889
2.131817089716319
3.372519276808534
3.0295851449968403
-1.0683208352106939
3.866629260471425
-0.6378785292398605
0.09533925550488832
1.1138726631594378
5.0525775343600206
-1.683685400698356
2.889896140732562
-5.019142046211803
-2.943212572658394
4.231010101134888
-1.7725661555645411
-1.0723446455252614
3.665404559550902
-0.1704112509842453
-0.18501158009791488
2.49462627002816
4.051528150972088
3.816902052116168
-0.5371634533167615
5.8589881796521635
7.387859904201578
8.223318534664829
3.90525935279752
0.3800628905851203
-1.5842326433411869
4.327903053518166
-1.4247255673682855
10.630970266387962
-3.984517338886615
7.501780867145313
2.9351772571212784
1.2681731019872131
0.057541580882122155
0.7554784369607301
