2.1153917404004074
7.096099412827512
-2.0807948414145816
-2.285151453834027
-1.0041097360764932
-4.631418316530512
-1.9273099787409584
0.5994879025699869
2.390911371947504
-3.9212553881607684
-1.5911081023309532
3.3764055380181484
10.925185030733413
1.5985029786980878
3.8579709043271766
0.7949509308709355
3.3459145462592916
1.4472903016438647
-2.1811570312843394
4.008223285829046
5.227852316986889
1.220205100843419
-0.1979117756440011
-0.7386465829965286
2.8492631530449994
-1.0354096854045243
7.504353987741692
5.978704802104487
1.4244505462577741
-0.6211790261487763
-3.8004802796455888
-1.1886473380628564
1.6540920551664353
-1.6469648242642323
12.539126407374193
0.28779991231323054
1.600100587226979
-6.039253397630187
3.5302932178643838
-1.3802462168853742
-4.8930752340637085
0.8794215568348456
2.0905441032594183
-4.3307751662829554
10.11606765095339
3.931468090340595
-5.047933787804159
4.067299695360824
2.1540216263217555
-0.15326586446767015
6.206119495790642
2.9594135249425504
1.761645075660288
-0.8183026644257042
7.719324316549645
-2.1117156505346935
0.8773238313054593
5.3664281558506195
2.219189964528941
5.493719495657386
-2.182868623039889
1.2734136269886283
-2.4530586837749806
0.19375975344773327
-2.620801189934243
1.803522517813576
3.629549543050332
-6.545340166862185
-3.8905203442218905
-0.3161217225967388
1.1766915110706404
7.9399315576708425
-1.1103379631016947
0.10957676707410971
2.741579472873184
-1.7775841944309831
2.2789070839153833
-2.0857384307596107
-0.2547960388873013
-3.5762110943666823
7.144010860809967
1.4092716396829088
-1.1387062186818828
-5.675994795570006
-1.6835710807748405
-0.2572302432868796
0.6897188348790462
-0.4762760828707916
-1.144363754304266
-1.34905413110697
-0.9601221107689264
4.469337216055242
5.989004366377634
1.8324463165907332
1.6164583803834076
-2.7673244477062378
2.614578878682743
-4.200082898777292
2.454118189643056
2.4784628932788353
