1.4618448140946543
-4.7532315515606305
0.03231966644577108
-1.6987404117074396
0.6050957131551392
-2.655009370423594
-1.1243502627690987
1.2297201396927848
3.4264225426781305
0.8838553105848763
0.5398365048629566
1.0083704235865927
9.731542548898208
1.91545990833173
0.03512744967664113
5.701646946304763
-0.2726185876976206
4.204762217327147
-0.1515229019049906
2.22689294942255
4.447485343768386
3.5297357443591215
1.2506792867348528
0.9955970093880244
-2.1631841154290665
0.3105145305031566
2.1495146584975866
3.356077421088135
-0.8518454352399991
1.9904608264588923
-1.626545828446809
4.45403217140598
0.588010475060926
-4.882025911712238
-0.3683674941884215
-1.422869058697756
1.8472781709478956
-0.04160716122263182
-3.819024796771402
8.638080857945406
-2.072106725289663
0.9337145977507761
7.609262399329348
-0.4456373388729151
6.721018619821331
3.247172763525176
0.5487310903844367
10.13046202667311
4.927550078956884
-0.3677073487774791
-5.688425686476892
-4.12003155516983
1.460726236911096
-2.102042876218336
-0.37303521772830944
2.7019386254274687
3.8076868498864704
-2.71499950942168
6.154467958745762
-4.659825639130075
0.14278176141488236
2.6111827177129863
-4.571458023508303
-1.3039502768428464
1.5842943437519192
-0.7557762703382884
0.6176752941731605
-3.919986237806066
7.076060609261016
1.7236342448198303
1.36185103569133
0.11245313163256068
-4.201088973665076
5.1716326162555095
-2.193757661413063
-0.215079465150961
5.8153964975474395
10.76628408547565
3.6232911962776013
7.345718569888352
2.78518513843389
3.8547530265784307
-1.1755261776413566
8.474045956232073
6.457426291115977
-0.6802295272929195
-0.1771238521565624
-4.024406212175209
1.0003910460530583
0.8594983985870024
-2.461715309673014
-2.2664698906655616
4.34129409376828
2.1524850393799007
0.2709367473548999
-4.081503439986065
1.0977535259339544
1.0190435825979935
3.844788482658375
8.27060010483005
