-0.7997083162285293
5.888148003161367
2.159899695474153
-0.28412382563898986
1.1871196424258375
1.7084961252258553
-1.9643783397543444
3.789367918154393
3.649487765703097
1.196560184480783
4.270167109707273
-2.4163539079161933
9.87344944971805
-1.686749833735011
-0.5077872091640977
5.718403871945485
-2.3589606904907154
2.736823106142631
2.0533738967426176
-1.9879210460789158
2.9466251735710918
2.4109665814436276
-0.7802862691493468
4.592302713602846
-1.0360451808095652
-0.33628841309700935
-2.319299658129276
7.066421617472288
3.1427094937550617
0.16791570554270463
4.408858151778635
-4.7081099192962625
-1.808240676818852
-2.7697779548233035
2.6931233347017898
-1.038193207067879
2.1514959036384864
1.4930609057279987
4.838692074413107
-1.4483552905251718
3.7777812459067857
-3.1011328129213345
5.8429503750229355
-2.3170623923242823
4.655327542256686
2.4900157421625346
-6.658310408233705
0.8125326638461241
1.0370125038703397
-0.13002777183995082
-3.2761267631653492
3.4369488892994045
4.032519170783053
1.8815237785997199
1.442304903233741
-3.349862694787136
2.005294382824202
1.4098984736109692
-0.3321754869072778
2.9538826400941414
3.0283110625710687
-5.259001565234892
2.97611554128506
-0.07821992576842253
1.7452343706137103
-2.2436561272596647
3.308714097390616
3.2680047934608507
3.6856699448615458
-6.201103327780767
1.039471853038984
-0.23893261932459636
-2.447448924222728
5.37252714764465
6.569294178723736
-1.5571467619742925
-6.756361850776601
0.926085947966913
0.908879851832056
2.3702829122069966
5.511749925432428
-2.754123674335427
5.1660207126626485
-3.007462999397081
-0.5153157324271065
-1.1538972574480924
-0.4433037564704049
2.492284090662494
-2.460733134847576
2.8688186833190032
0.39040914847188357
0.6411949723436141
-0.4008047974668466
2.510504540438989
1.9347396593909987
8.608646668173465
1.9556348908540975
1.106667447013896
8.269663115947527
10.771076928195237
