5.692314448305381
-2.3411706904801513
4.560442351689748
0.5323608021994461
-1.575017029008149
-0.5142614571488449
-2.294104014827925
9.826873584703517
6.188869356724162
1.5266870134597417
5.853165822216213
3.7137494340134465
2.91938305353535
0.7170905364971577
0.4746128623143102
-2.7325106605803597
-4.674847480107022
9.888069274542604
6.972236159066282
0.7157205048890662
3.958446405592034
-2.26619731530921
0.023300010689824298
-1.0028469146709502
2.980433009850044
5.15109802692655
-1.7656238455781685
1.5738955509927919
7.1913664520492455
3.083568996279224
-1.8541458565238105
12.11077022927299
-4.610513684002094
2.2785641029357646
0.490774276482483
1.8973460986764472
0.2897696185043376
-2.6428447858199555
7.004671851236272
1.6408330999515712
0.8059293386148101
-2.7904190340524844
-2.6443239873612407
-0.786709967229611
10.136252196481877
1.1132066312532765
1.30822543143049
-1.8014116931018567
-3.103204457510279
-0.8875702075975676
3.3872427588824294
-4.614866435312562
3.27812794961254
0.7022507769907307
-5.71096092360664
-1.9691964913010762
3.0444703877631962
5.077650382882106
2.049032686343376
3.3999887027244844
-4.482538357472693
-1.2233211428136568
-0.8880364068134563
2.157592568250518
2.2572043750851742
0.5976065042740579
-2.1328574930235504
2.0368144849422167
4.8758086147502055
0.5828108473282431
-1.711011940358603
-0.45046877487854897
0.6370707300846201
-0.8302716484965859
1.5860290813153668
-2.0380973687156048
4.034261776621658
3.9771747898375773
1.6925265941716932
-0.08066829379235926
-3.411811266659406
1.7707303685776723
-0.4872447646653668
0.1508997757498507
0.33698353161894573
-2.7294085845375857
7.0437821099726765
-3.6419776017182466
2.577553902550017
-3.8333430317268826
-0.8171714992864691
4.384343210450176
3.756947220622603
-2.396867028361065
5.171493045378421
-1.8322718167913672
6.243622755002198
2.60251122771566
0.19255621687892668
1.676155469991567
