-0.04915493680293109
-3.2282172754777836
-8.23069212504043
7.439940925890554
-2.832690789142134
-2.7079054533970526
0.4374824318500171
-0.440781563778466
-0.6426669947965283
0.246134485723131
11.198201034291518
-2.3682179007702384
5.562114192357349
-2.1220864944017297
-2.5470469786366268
2.2494213010107025
0.7966175323197362
-3.160189713356809
0.44159149628809324
5.957057369059709
-3.6446342174733033
-4.635226163225386
-0.8378261005368672
-4.524793857064321
5.129671981484359
0.9343884325735772
1.7278217865918455
-1.8017262426102651
3.149914775580487
2.279233355716594
4.023417573073827
1.3022476804191192
0.037479814829398654
10.135834276010545
4.0633361500891265
0.8192703992957437
-1.1281745074499554
-1.3731848726227067
2.877191438528357
3.624054155771826
-1.6646738054151342
2.076052726665875
1.1386122438079385
0.6430068959675785
-6.0835361578054385
10.488369856498949
-2.8971995198509752
13.675258066438522
-5.971470041387551
6.711349646403011
2.876464832858828
0.4281891876557695
-2.5534838847492165
0.3438113214211616
-3.4057524777949304
-0.11530599364922292
2.6597295368084177
1.3798723601848968
-0.2706136620492146
7.143167088589474
5.8649557629676226
0.5254095069582251
4.2682421626569
-0.02710930710368086
-2.772043761699224
-1.7937801552137818
0.18386222404955338
-1.1471801753005413
-2.890041424849404
-2.318173080877285
7.174693111595351
0.4517860369715381
5.444548324755342
6.247810602661879
13.083752877780253
2.734723351689165
-4.729899994579657
12.209799438699477
-0.07077238447704576
0.33757527324136405
0.3411088667111359
-2.7564276691929623
7.871846739310914
0.5117051543343772
-0.6341043829563328
3.8021437630609762
2.354992421258763
0.9565707870894498
9.74954481126397
2.4059059370918616
-3.232966505471181
2.7955224345329044
-1.6817202664354771
-0.0084489290481424
7.83361932227162
2.9166248247633626
-0.7545692731554764
-2.958665390377835
-2.1361268579669668
1.0101177519090925
