-5.760332416791008
-0.38446390341033276
1.771370419669048
3.9046763806132114
0.35809861123896836
-2.6618008509136324
0.9373446158249534
-1.7055159245777087
-0.14448137025817281
5.098323035275316
1.814213487432442
-4.650667782117719
0.13964967806486916
4.1479067358479345
-4.935975708088838
5.3842978491898235
-0.12338320150034972
-2.375713453600426
0.6195063689384861
4.372130680342671
10.084658649999751
1.2832468302783626
-1.6650848022728386
2.5134982256564684
-2.7600418090506245
7.657370894623554
11.903264188558623
1.7311916037422408
-2.7731162977080652
11.356929310643258
2.191858624888668
0.08725029184078123
-1.3352704705810396
0.35179922848123457
-0.00890124050831012
1.492400866267377
-0.40806453371520834
-5.285630080848655
-2.423587252670721
6.801072255067506
13.473894638880742
-3.090709843389174
-0.8836197100463408
-5.52636822278055
0.5019890136293867
3.356824442944829
0.24719318228444054
10.509082633491428
9.481881593452517
-2.6484373468950704
7.053637057625462
-7.323110803797849
-0.7381357132016969
4.567601375492726
0.6301118418825248
-1.2855847442108592
-2.4947876938745366
-0.6505824069056505
0.6920747862129255
3.8766378832647135
5.448273687487589
-2.0032849061498204
3.156713444511734
5.441718583814523
-5.964831978661713
-0.11592726470859357
-4.339120876031748
1.2269793928206107
4.227178256270532
1.6123382131994646
-5.2700176298247134
1.544311106681452
0.23824332639472923
1.455633673587591
-2.31973271751911
3.222043884126095
-2.958183121369632
4.245537668624031
5.336552571316762
-0.9862725376837178
4.322705124922534
0.21560056253737941
-2.383379514407747
-1.667975613273484
8.264296300725828
-2.520370880354626
5.355444978261587
7.475540890965123
-0.09030071534896741
-3.087149085200946
8.549827316902437
1.9898433115009295
5.995154500065448
-3.0926405556213004
3.9061831834572405
-0.4381495571839117
0.6677385259331878
2.5329804847147255
-3.488240045092856
5.709019614271572
