-2.1096453818142082
7.520959663247785
7.4349736322836515
1.0670023952958099
-1.6103243792754318
0.15951984778042366
-1.5302946956310097
-4.174686268169905
-0.5913239198483019
-2.9703519679087242
-4.54734050879166
7.592160043557767
-1.87699189264882
-0.12968229040458995
-3.785180881348156
0.08215783953013436
-3.3070096376247626
-2.8105054017047832
1.763279226017674
2.6563719806056914
-0.7479516843726247
0.28265065362244784
-6.569035468051748
1.8018159940145382
3.7849254450727563
-0.9086011570389495
-1.3565896739967849
-0.9274885767883878
-2.4247008305619304
-1.1260311706137558
1.251921427156335
7.376333713259266
-1.1929538305231233
-0.13989912079627553
2.717714699316091
-4.3049602853498765
-3.395814521022263
-3.504357610811782
4.204554870690552
1.936688438224477
-1.141767772423157
-2.5342197638530974
-0.07366514011172687
-0.6768475808681159
-3.970233735522975
0.660184604638592
0.5836520632731419
0.3888025577803367
-6.635419385651285
-3.46241531541623
-5.447251506086562
8.601502766728807
1.869601664754697
-3.8328491937123306
4.180047515802562
1.873034822813056
3.202001766057888
3.0168105135191867
0.5022449933800689
-1.8422856383879411
1.2721824442731386
-1.0031037105626448
1.3117459856028646
7.063232630026405
7.39852973509337
0.7214049133088414
2.0862561457942492
5.054316258586378
-2.2337554287880153
-3.9367472148948672
12.099662042266143
2.647171764121003
-1.5557922722746707
-0.14132613382448345
1.1999621652167276
0.2350333829700531
-2.9472680018783457
5.480054594333113
1.1887762541075202
4.002729568450974
-2.465980250847208
-4.727307134855002
1.906145502644439
-1.4217701403459708
3.4102746463087747
0.15463787757967912
-0.4373968194964828
-3.120756563493443
-5.985346191969528
0.0067495719445013775
0.02386970531532069
2.152741870095692
-6.128451373327316
0.5261880351609107
-1.5232787852469807
13.899751960897927
3.9815051008122566
-2.987366031341583
2.3276380323180823
1.3635964664396512
