1.301973169595364
-0.3184037742808906
1.8934791520988725
2.4235310051447
0.7762939190488685
2.801534288631556
7.791807617493353
9.679818207862427
-4.450665907567443
12.360818848880399
4.213169556291758
5.4340444476035845
9.129515914718553
-0.045893215867367415
-3.466656700108233
-2.4539932793066317
-1.1620745539311275
0.7411384836101306
2.5995950780559456
2.281931027527824
4.958720393549278
-1.5403840097875738
-1.9549791586143015
2.367020564268798
0.1665215814800134
-2.5874218793273474
1.4011027845110022
-2.1324391075673805
7.092123342253946
-0.6594017019178957
0.8000804240765759
0.9255989703334639
2.5018756636730304
2.989434662946964
-6.811214677370048
1.8975106241818238
3.359448134422548
2.3601525135000965
-1.8011383642658751
3.1779562915344557
0.1877544210820067
6.692914747935174
2.1402985154385643
6.246806202578249
-1.4034277195518505
0.1770953180736985
-9.148812285415563
-1.1013934835087673
-3.308713518975055
-2.6359442897385663
-2.8392187572533327
-3.0245943610709887
1.4344849756399913
-1.2168386461707477
-1.162786373476644
10.146347582524546
2.2784079880694974
3.7633209432597976
1.2333241440878973
-2.396345609252604
4.057218712244742
0.8209485349173957
-0.4578375330497265
-1.8663578421065554
4.9749555089350554
-0.8402725631688353
-3.048743986602073
-0.5135211761845355
-0.07062637431074398
2.5397911325737077
12.067152230455566
-1.2452904375615708
-5.143740716111669
1.398751621441619
3.9924833255053933
4.879379311706072
1.1647213462556278
0.3489750480458432
4.386362326016673
3.93740079443425
-1.6172620470308463
2.9270361976681976
-4.660521023273384
-2.045422191193956
1.7136822848622213
6.286554008195926
4.964086174766661
0.016238144987129565
5.7233192956857595
-8.240704913699524
-0.7277945947700212
1.3847158256359895
0.39674534931606964
-0.12507737220290016
-3.6087322656159313
1.392731307323767
-0.722119849124097
-2.081952555165315
-1.7430798203586244
0.5752845225079893
