-3.6145998381133744
-0.15057388339180489
-0.5681675661029624
-1.4859916849857182
3.679757950615702
-0.7896231418192968
7.5056795681406365
4.395290665349545
0.7955136850762242
-3.3897098447151466
-5.5317704165641866
2.7692024140215263
-1.0794664331285935
7.968959907742
5.79001257381207
-3.7306687603136988
8.722311132669915
8.213048639085745
-3.45218453776912
0.06881117082301612
4.280583326658967
11.343951992232515
-1.8036565348582254
1.8937556387844916
-3.328638567984863
1.3061729341815689
4.30176367782151
-4.063425240066802
-2.7577810078949736
2.428055161074334
3.2598631037389736
-0.9502891803731686
-2.2283502112058766
1.5296975426552595
-0.6864986225210143
5.204921649807734
1.9006139890411848
-4.339614928643113
-0.13226206575182012
2.8728892096666048
-2.7985399099387607
2.710276784579407
2.476859793913853
1.2832245707674865
3.9625218720679967
7.5064093644245755
12.21314462305282
-1.354040807065531
-0.5332794293791893
5.685220095795419
-0.09612798033324052
1.653560698288218
-1.6258992205682283
1.8737442351249842
-3.7233406957831834
1.3866900177093129
-0.13903863694807708
3.915008648224601
-0.6034332255467646
0.46831297264760197
-2.3178515758523393
2.6041546738463652
2.226411385306609
-0.659828217112933
2.858228793646336
3.903603167463918
-2.1195715049626123
2.2258760076001485
1.9958785166042285
-0.4837639053686767
8.392075077897408
-0.9559510274207235
-2.8394407539376196
-5.589579598480717
-3.4414471151702872
8.284136366507456
-5.7221346113873786
1.2795889423497873
1.640812020229309
0.8367253854554395
1.6069182013420944
3.2437103233678752
6.246890211033834
-4.487735603887675
-0.8630111660040274
-2.3698257117897636
-0.1973859392800781
5.598683920493275
3.7359045022140647
-4.1575834323861045
0.5619696251127398
10.22931552135475
-2.8639299487084346
1.7715802252118902
-0.31043894420222456
8.916859949391624
0.6249693524288941
-0.9286123138058996
-0.5341534181334355
4.518347846960608
