-0.22752447420755195
6.512853208997711
-6.987417697352642
4.527300655478976
4.506193768290917
-2.124592986664221
5.234942343184956
-0.5923655198432694
2.1775627905554997
1.5528481299581092
-6.734935404916353
0.08334697569374047
-4.269566838235175
-2.5392122498310834
-0.6442715529722983
8.143523542115268
0.28434689802307966
4.4887443268176765
-4.035047343360442
0.11622488472768687
3.7321763713955765
0.15762639342291923
2.4521790597313378
-4.7131734640384835
-3.4312840122585677
4.605941698324903
-1.2732000834214405
-4.099475600175631
4.393774880845458
0.7762288336501066
-1.9319583176235757
1.3270124458690913
-3.519435743911843
-2.860869864667998
-2.8267152894077174
12.330039404759258
4.161006507593142
0.26442091974245435
-2.405473260361017
-1.3977196468101802
2.4059914349879654
-4.671236514601973
1.3079262312543463
4.939422038218441
0.8429233994346287
-2.0502167223185674
-0.148418710796422
2.2314477236926864
3.0855657526303695
1.0356787259170996
-1.288326456962368
4.566989162095507
0.6624412850017178
0.9465740713115165
5.034823484965314
-1.96323235702533
-0.9955800971774815
-4.312933115600311
1.3278602036423728
1.7208955400757722
-2.3865386098754815
-5.577166795689267
0.7583341872903797
3.7456857646104416
6.189127973540739
0.8370082131218554
-0.9659914989652967
3.570661040579973
7.10317227829235
1.4290866980137662
2.948527478039649
2.9541410753125907
0.3053983781211602
4.979179378325025
3.4133395174231174
1.596486432767628
1.2943982497783582
7.711998560588118
4.9309974302324315
1.6610293532044809
0.4173702923095555
-1.2753710040940993
-4.497047743270276
5.06027127658793
4.550049218731129
-3.1116927794271687
3.0413262849983598
2.8971670892905577
-4.234592759064969
-2.8189160724116995
-1.4964539361161755
3.28488025620523
-0.3241066082723575
4.483580325936311
-0.40682836341497963
0.3082031439410363
-3.555880986972311
1.0670928996094668
-0.5730106934809045
3.102558759300555
