-4.10584726415753
4.332802449941669
6.735996393144642
0.024927016971517446
6.145184370533892
2.6537136210755397
1.384118058710029
-2.9713352094984242
-6.50739863731303
-1.2421589525004628
3.404671811736587
9.20988076534022
0.7469404174581354
0.2930303892402785
-1.0175694816871756
1.6213342480157276
2.8932637062792708
9.81468662713117
2.296981143009644
3.4776965865868084
-1.409252651956428
0.46195432214279664
4.645298474951451
-0.4740870453176127
2.7788739216312424
-1.0474004423682537
10.796535830770694
1.6359457394588057
4.800077042080654
1.8326643855742855
3.0559268227445826
-4.787003102133248
-2.277384481006299
-2.379073929441867
4.429787985943207
1.5045478378556139
6.280534282958595
3.4642375097524263
-4.322699408691886
-0.09476473676754082
6.0147609707415075
7.348417136042832
0.888523694061192
2.340458533374494
7.6723540417882345
-2.386395553853628
2.1687665768808433
-3.1019060066683926
-2.092027067807401
4.7273582183909735
2.2306033713696802
-0.3799746046749345
1.9482659693276543
-0.04464100462511958
1.121599296964302
-2.482558778146639
-1.4069909982497826
5.928412384215399
-1.6820725013563638
-1.4000116334780284
0.7509518281766392
0.6429979578048725
1.3274694841387467
5.177467537199649
1.86647137930313
2.453254031161506
0.8243061350350621
2.3901414697989893
6.030468644058213
2.398061743230115
-2.6212396528540935
5.0459847343671065
0.2800914036060629
-0.004066291633995939
2.546527049958446
0.8278929851080605
-6.264736116797078
4.485974326362084
-1.1514909381869227
-3.3015377662654677
-2.290385828214048
1.4541224083130753
0.5958484440640697
0.030749350187279322
-1.030298183881536
4.053637008626065
-5.318802441766858
8.105802994868695
0.9434700192938381
2.804258257906755
2.732113627577279
0.6611019694310697
0.1953186414930102
-0.23417857109804174
-3.783107185654991
-0.6811051772117619
-2.884103482006277
5.184498986192164
1.041610052344586
-0.47446648161899313
