2.524989045252081
6.96165534063333
2.8762598985276346
2.5855687702660872
-4.0130212517251
3.2677460853216154
-0.682575153621955
-5.744577286654554
1.7287800768262667
-2.5763991183961203
-7.334351687972434
-2.7114726026104403
2.368778775820569
-2.2386074376314773
-2.32464650808846
2.424637548677664
0.21090112440244574
-0.5772221767684419
-6.08350722355936
3.508249035010361
-0.26773202575572946
7.157468538534186
2.7190134361691145
5.526407080792763
-1.0816139158038585
3.040285420017745
1.0874677509983295
2.9406434243796475
-1.946037950303535
-4.222038536516477
3.59266101327644
2.7240452859474797
-0.8024715349637943
0.24239948118670168
1.7019207958476001
2.6317889977344664
0.4613998860991352
-0.8745986793484108
-1.1572923558813373
2.920291663812608
0.791262004929771
-2.6032182823747974
0.9991823244969869
-1.4093688313648236
3.881835647351232
-5.5580946080629685
0.7910212097804596
3.894964538758603
-0.13929470493655055
1.8933567656739876
2.8581483031007933
-1.399033657685934
-0.8237154154544172
6.535746143707428
6.347578062318773
2.1850596986493644
-4.544195485095838
1.4759758092618012
0.21639877770679972
4.40171097255882
1.0276611646537113
-2.6841545995078016
1.7219040808628325
1.4658160469070594
4.977167756008022
9.029039355254202
4.207780020165974
11.37968377193489
-1.907700081160368
11.883406945634269
2.6970218318236867
3.12313260143467
0.45342835382017593
-2.9334584177712664
2.953838798092595
1.0910765844875885
6.385632195206952
5.867019189166896
-2.2776792896310667
-0.9034305869905814
7.588017418919789
3.5913994904087465
-1.3722513814809627
4.3810094892739775
0.6216780390349522
5.433665783763672
2.9720615908372925
4.27049066633682
-0.9124459830750228
9.044469239228611
1.5365765312549846
-3.057762944821608
-4.374545425079237
-1.6588090442096957
4.221174244117865
2.5224188817564652
0.9785158215589861
2.066463614485893
1.8240662837371946
8.989606468511047
