3.5012146663819514
4.4348784314178795
2.176170734794668
-4.731353511298766
4.943030886805955
-0.21172923219771267
0.9689466614418969
-0.21988897330837057
7.64205592325171
-5.559109310499418
-0.6558612126977056
1.9272650356776837
-0.6567247383514457
0.05143865028463998
-1.3951468888229996
-0.5603674890617887
-3.3570488168662145
1.3995934308566036
-1.465851289932199
-4.956046634016391
1.6530990393515497
-2.7296865947077347
0.9043565600593513
0.13170092867306446
-2.009170586965828
-0.8348731469961291
0.8615146090210423
10.591553467123141
2.294943798835986
-2.1257162190183623
1.647780590358101
-2.187836376396335
-2.414011065063166
5.5415933935892845
3.7928920569998734
-1.0589042432910467
1.8768991921721856
0.08785591144293324
-0.3909268870607707
7.302306614612861
1.6927501471760027
10.799226837350759
7.22265525529618
2.465532517416185
-6.144878060359891
-0.1153945775965738
-0.8943600894387076
-0.9223799301490715
5.575930706385902
1.0893921698321054
-4.582500313509472
-3.1454272572527215
13.504144562395373
4.475336354342797
4.004470960123585
4.26130070951168
-2.670700806583948
-2.939123597675338
2.007310974733124
0.20100773289699833
-4.856105349672564
2.4072907490432707
-3.6254949482080883
8.22679474678695
0.4617946084921038
-0.27480559222916634
-2.308178094189775
2.2875249742946826
4.1882329262084195
5.860001742106096
3.5582090808743647
-0.836612204514231
4.2240403453495565
1.9233690132279513
-1.2117592226138558
3.1628940542630897
8.94993423242017
3.1400450001900726
-2.2515605986285605
-0.6401713151538693
4.914461389621328
0.8072138109111164
0.8696718418172691
8.14752047305897
0.2914300846784039
1.5485137792005483
1.6229076123946615
2.6644856084044446
3.494270468114789
2.749861686822385
-3.7971076239877757
0.8700580376156135
6.4740230300028445
0.0590800577332532
-3.2953647066656617
-3.8418033209687446
1.8859036846638848
0.7303422865149063
-1.7705004090978056
-0.18543655072640458
