0.6696217218985017
-3.8582887931747636
4.707742922442896
3.8716836830023103
-2.5219392240690275
3.8348717478408147
5.884373918847677
2.2932892506467715
3.144211836029749
-4.833795639438587
-10.056927334808572
0.13821675233196942
-0.45845690659870764
-4.230096712328682
-6.283908742928797
5.132669367833245
3.7192672280057772
-5.300286598568281
-2.5626065449373234
5.747728185082072
2.4770507692237134
4.071800146095397
-6.099666516872388
0.7705882749154624
1.3627363059610313
-0.07775623364329987
-0.1510548115280217
2.3090456276866433
-1.2306858618669234
2.3638566632957247
-2.14707778735815
-2.840713399207427
-2.024169759439805
3.0117581436892866
6.282924169685632
-4.942106843547216
5.921900983064366
4.909851191959648
8.13515989335382
1.1498176972906937
5.933695347893564
-1.8821950285536373
0.5743268883069532
-0.28986182057959176
1.312241417942479
-1.1360395456165187
-0.12830688111246363
0.5169265379918243
1.7912297182252224
0.7886622321695052
3.415565876509053
-2.81097744403945
-0.3759031566777803
0.5761675848232466
5.618086109745867
-5.766666353481465
2.2453539962506732
5.364110466853633
1.8088893328121582
-1.3395310090687267
-0.5748631547532581
6.067453213070513
1.506186672062754
-1.1846591711321526
4.901583026737858
-0.23630365793620461
0.6743265771071173
11.659261339784283
-3.750415544823424
-2.538689653781815
3.0098393007303064
1.9283130426896558
7.813825308626955
-1.0313952155574952
-4.337851003497428
0.5092263218334473
-1.899032243983755
-3.4120688899116445
5.972009774627938
-3.241039132448914
-0.06420433398590798
2.0091359170804894
-3.8103552900169335
2.454552419801709
2.7746688045260504
7.051690047631826
3.8787847544789416
-2.0218286628329225
-0.8857060931018887
0.7192286768428569
1.454244393928526
-3.197715155400865
-2.2149910646515147
1.6566894677600335
1.5487629840003732
-2.422841352695602
3.5200689213849454
0.8678413571122934
2.8115826985155628
2.8968337969215785
