-0.9860997006059333
1.970041358419114
3.676768187310227
-0.6716538481202883
3.8128944121951442
-4.36895423127996
9.105527191811746
2.816604126505622
-4.543200117324769
-0.6602823766855935
4.100230872358653
2.766911037990555
3.0729981789513543
10.352356773208111
-6.256424322028328
2.0006362685215886
2.39630844599352
-2.1011948262797198
1.0994792748084894
4.167499502560903
14.254934438007204
-4.791991100617025
-3.2801543740345087
-3.7843837646610785
-0.5182642058474984
1.7180680186366248
-0.3328562083124864
-1.2521815635128113
2.683654773132435
4.826488228418595
9.679574770313192
-3.364766437727625
7.025459850180903
1.1469064514780123
-4.098080265949619
1.5762472382477257
0.24630683334950465
-2.8120706680929226
6.01549877040995
8.465070692989695
-5.246763842382576
1.0272514131208716
10.552670306117786
-10.733804731074201
-0.7006056375667759
-2.925884751200552
-1.7558386230849576
1.679295698671435
-1.8521217497319662
-0.6202909519739971
3.5224830425439837
2.285306580769271
-0.3152140036756609
-1.6092060060370574
-1.366440200142907
1.018098459921835
14.480331205282607
-2.7915541908267896
3.896981997798517
-5.761653959521303
4.547457981377713
2.2343649556637977
-1.6147972189016726
3.6083371525235566
1.0194133407120924
11.27796961267974
4.042274068393194
1.4887841273345996
1.2839230945694604
1.530273337535094
0.05303385390377263
0.6504221644058821
-2.0832952331275485
-1.9881700082614104
6.756735862087691
-5.298501826942029
-0.586838851613153
2.5619225910999064
3.4965259675584455
2.366550719375053
4.319340826109509
8.689532594370489
-4.473706677567975
6.254535308184365
0.1187375859363618
6.9143727259027745
0.0017528993110667954
-1.1033148650879097
-2.4426021335355395
0.9691540228062719
1.3923343241413848
-0.1709521450259539
3.238790916913705
2.052239734652102
5.403259871097136
1.2011566650363132
0.40711272307989843
-2.353772876742667
1.5105070048671159
-0.6758112248793778
