1.4860444879785542
-0.9431727005405985
0.15790721021255963
2.6495025506367806
1.9184656038277992
-2.2969764559424384
2.7670392059703506
2.657389251044999
3.3152583658457724
6.226759487846606
2.743828641091929
-2.319420518808919
3.6196548561972044
-0.7907600854316512
0.28461414994713874
-0.12023943888760183
0.31111570056563675
3.2323639414293144
-0.2388989458004187
-3.3092639971673785
-0.5346501025714738
-1.0279509235398998
-0.7256157859949584
-3.0098378956166103
10.292274701620858
11.814517342331367
6.001420851217565
-2.8467427471055555
-3.830002852543506
-0.4407108952992038
-0.5784616157992042
2.4009465392045017
-4.626668062173009
-0.959478935519344
0.511594106580678
1.6187729426341937
0.622526526054319
0.7901640553265695
5.269386458867056
-0.8325323704269116
2.790623474428772
-2.7554016766517417
-3.260048755971055
8.201108187594475
-4.295316021617985
3.5903439236414787
-2.5304801048902323
-1.4149093983566825
2.231617182048959
-1.8159917672977408
10.539900602486174
3.0744807435117023
6.862700302220676
1.3204985784692838
3.2753938413349175
2.16130904094271
1.9998134286507496
-2.4735658466250428
3.522586972449835
0.7544494870093961
1.329676540238462
0.921286305538227
0.11825670059079871
-1.1535520787835254
3.80499645505161
4.221999458558015
5.648995375103889
-3.2707578930561887
-1.8412162434574038
-1.4500477606586761
-0.47045512275938484
6.426958768594422
3.4019011219022968
1.2970003250692037
-0.08397134645114483
-2.069228120360392
-1.0429310149085054
-2.8648302160178294
11.809753078438519
1.4173752406426416
-0.4665450517927651
-2.5506220980742658
-2.747486324572672
3.9264763779223415
7.604558949117626
1.120452129863534
-2.2153459753983884
8.727496801350698
-1.14769928587181
-4.433284334632372
0.45895075543280756
0.6434163328961404
5.667149325852698
1.7451023855017052
-3.243506798075722
1.7359300082831588
-5.2196863566563
7.923398156532815
9.47779658803897
-1.6456031628567451
