7.647076938304789
8.972145973032365
3.986818691549924
11.991088589050866
3.950684335760055
-0.7959142107468209
-1.4384260310101007
-0.6789237086090685
4.131807472278819
5.821037529594761
3.3603629140064557
2.12990278132813
-0.7247047847252164
-0.7991415486947528
0.35511908248311824
-3.4524838139857073
-5.080211089105893
-4.966864457142153
-5.821925704738664
5.04890887369889
0.5808139810104666
-0.3293769501643929
2.395627057249893
0.5705888374064043
0.863305944808916
2.524092420639828
-5.062559738285449
-0.0995306567103107
0.6492312540839784
-5.561099320406948
-5.884260927394923
-4.150662556404473
-1.1683708494708152
-0.5782982398553635
2.8786240299566255
6.225752776424695
0.7577715549697248
-6.641476714597256
-0.8620863253224871
-2.5416943261163754
-0.6949578025636644
2.744918779909353
-1.2097363007821964
-3.6784035923708487
-1.3028354532670763
-5.955704639441081
-2.7111865637200507
8.424006673639031
2.79998938321857
0.6631899311607657
6.672862175017308
-0.22915583446561283
-3.101838667407073
0.9216964033988304
1.909018234646389
-5.5785853158151175
1.7877142885947146
-4.981341195323525
-6.57306212849892
-1.322856503099788
1.187300668444124
7.30515286282597
3.0187994577808137
-1.1617034224356537
0.9116145268353453
-1.3380820592733729
2.7253030275306607
0.20049339704021352
2.104296408767742
2.81828460894251
3.818672637860292
0.28567405692661
-8.572947107293892
1.2574246187819318
1.9822620355508298
4.887740038578005
6.312853745231207
1.3026925127468525
5.957995239588344
0.3860646006052506
3.2183985068030045
-3.12674795480906
4.914202892685797
-0.24904226135160074
-4.416357681010644
-0.6440748900775859
4.590032267269042
0.10362894176998062
3.6068370224199464
1.315086601662045
-2.7289252378207527
5.261395222439505
-6.335706504324255
-1.9166197870448434
-5.86714118561149
0.41158421543343815
-0.004891431066481582
-0.6139265086280171
-2.7373289345754874
2.8288196774184664
