6.748765342307364
0.3287191075670723
-0.7746043238809535
1.0230112664890667
-3.9571247904945954
2.4305143211585185
-0.541053931272002
-0.9207995712538068
2.1307652268998227
2.3562387904000284
-2.28275307899659
1.0819398901293382
-1.0188321723635347
-1.8494906083805898
5.797689328197879
2.3358755405692406
-3.357647230490334
-4.993334934559396
-5.512363341272035
0.8543335034837941
4.780341389228141
0.09588416922632198
10.827530769745696
3.170834426981142
1.6667518633322205
-1.2221392699898264
1.8575226081512568
1.5993635506742354
0.7190412769877226
0.9052195538323229
-2.6259188151652464
4.963359131769746
-2.7201033265439687
0.9345966709380624
-2.0087147090796345
0.6592439629862484
-1.35780220943301
-1.8254266926680578
-5.152326701303322
8.304557773219742
0.9063391160886999
-2.420186460329791
-6.488630493570028
4.844731739888844
2.6836071382605016
-2.708759816677628
-3.0541524627621106
3.393733237869132
4.219787288936105
0.34497582847591857
-3.2085758100139783
-3.1337214673788525
2.0921237353660658
1.645555618352402
-2.475789723958335
-1.5264906598813746
1.747804003383879
1.4848708490579765
-1.1218633696107356
-2.9779047989141674
-3.016056381872769
3.5717628831026254
-0.17122876938499296
0.4811881451138797
-3.3465567393313624
-3.483449751101827
1.191771301380773
-0.28330736987519467
-0.20886328709501728
-0.07788904084355311
3.601400718274305
7.342653876388296
10.969916960356711
5.6826389709903085
10.56924747704856
-3.52402206355932
-1.891141172454416
-3.8325044302290463
-2.821108082515548
-1.467920868306392
2.3643872228129466
6.006154283218636
1.3674290256649577
4.550457127598597
0.5663105336475649
1.4470414316340259
4.774035974541872
-2.45695624415026
-1.0971640414289867
2.0198644756352078
5.345007485403567
-0.37140421402606183
1.9791101745448898
8.33052950930473
-1.3072566079231631
-4.749062598880647
-1.9358215170327564
4.9049948563916645
-2.338663208083528
2.9836966295359817
