1.3452252769241417
1.9765229700751628
-2.8932243802650413
-2.3977921870367727
-4.560478759093982
-0.7206440546118477
3.067591250988434
4.816736392287007
2.762174730067487
1.2028937201490713
4.18341128846769
1.426614017783964
2.399579454583336
2.7518608902318578
-0.7641114230594818
10.977496147705889
-3.3731686220745347
3.778842916334523
-3.168965954817768
0.9818175713519883
0.5544560263588523
0.09905933881787896
2.9320234106602148
-3.7958601872383264
7.64651583472838
-2.180733460270729
-1.0351657050666776
1.7142431703239007
0.5835007660241567
0.0847671503320448
4.606157541960952
1.7640515742653746
1.2549093141089642
-1.9764099578614158
0.99382122675715
-1.128060018092218
-4.8082562292544555
-5.366937451445698
5.12544735266047
12.21190862568997
0.6916815972981463
4.615909209361765
0.8839841060600482
-0.3194116121917955
15.842510738194948
1.3831433455381843
4.669934234479953
7.107347167882674
6.670377342273135
9.39774785936659
2.311783791480759
-3.8035581003203935
2.1160175115376236
2.4490150031618865
8.330196364690288
1.156367776467045
5.9839754775861955
9.556650471086591
3.597514162218149
0.4728481333416045
-1.526551714812487
11.241517904821064
6.997714947897656
4.436380793092583
5.522098891386812
3.284013003430537
2.2301851951887026
-0.7334895760294295
-3.193747509317682
-0.03632942270575581
-3.232051848231702
1.0660582777811776
1.0187025765157136
-0.8545381270166701
-0.7407893784567576
3.0789921093436012
3.901943070260671
-2.227795163469042
-4.119276376570755
-2.755195564238613
8.857343945479675
6.943726088316919
14.235718470059588
1.185454308199902
-6.826011428710585
2.6027549010538094
1.3077132300642729
1.6684684976110922
1.6698719128486719
-0.15004566259655203
0.026415170744345698
1.6678155440562097
3.7021886485587077
-4.426025760672582
-2.9589783808701213
2.5353689301912983
-2.747370385262288
3.137323127506339
-0.30863505832507143
4.176574580762816
