1.550337536038068
4.026357243143366
1.5790820661328016
-2.5332744431820275
4.379544182906733
-0.0662480533801607
-2.380704325979382
-2.7663044649046156
-0.040032395460498735
6.386946114612275
-0.22200692400273445
-3.252875579087786
-0.73904685416959
-0.16959629284935035
2.4515438275102546
-1.6670522395320808
3.797180232805837
2.9656763380197786
-1.50269684968957
-0.931019082680712
4.695762495272106
-3.6580204238526894
1.5522313610738647
4.25870529515195
4.488534367020536
-1.6731706043016688
4.902468809169482
6.243441291562712
-2.1021493905901103
5.288297198633785
0.3470040062479435
-1.4451367606319134
9.862038040692848
-3.41471047947913
0.2451528613343037
-2.1575911227164877
1.768153878935757
1.2284757849654966
2.0915346891476365
1.009587631586355
-1.7939394245191367
-0.14721597629925523
1.2432384994095944
2.486430169467605
7.121469816634601
-3.5896829437883673
0.36400758668885785
9.502736522160705
1.6428122141736115
-2.654809359854127
3.031408321127441
5.814339794631068
-2.779674630114016
7.332931116532442
-2.875091515774698
1.1721866886691026
5.231662172603758
2.0850901392006675
5.078329616628412
-1.7474361792602515
3.2880084942602394
11.476829352177274
-2.121339345846852
1.2382250280311426
5.62025726922763
-0.9176901639052119
-0.498684691547461
-0.020647727810098403
-7.033278529667264
-0.7194076588603187
-1.5135213958118379
2.9834881478446755
1.3974099846047838
3.2549717496595423
-0.29206874335077015
0.3175405822959953
0.7533721133725575
-3.078936239939977
5.735060525439859
-5.122715695522883
-0.22759609993016577
-5.766108196107008
-5.388975278965754
-2.001494100243507
3.724183937096937
0.14699202320914453
-5.585276753013495
-2.628631544089853
-4.422611355029835
-0.7857176489179349
3.972344587904571
-1.9621922689508609
-2.700367377123786
-0.0788762183423039
0.7863093811520361
-3.513037901264263
1.5739585225110837
-0.45928480112583003
1.552428301781032
15.094835854598788
