7.127946862664326
-1.4774949879612818
1.9394799251993922
-0.2231676203025046
-2.2877232510277388
-3.742857395913804
9.100830960687217
6.053851046787331
-0.08525556964122953
-0.3715263877515851
1.390778090700334
-5.903038488030109
-1.3152466036525687
1.7597095059477148
9.155483223530068
-2.31543095316075
-5.664665581695697
0.04508831022962164
-3.8511933508169194
5.145205010525731
5.659848597592694
3.524969850995388
-1.691083922082464
2.719421776081819
2.8017107418247282
1.9212784907698923
0.02752444725381934
0.7728343669435602
-2.598388107607432
-2.3517086711824904
-4.812894538914218
-3.260866267449764
-0.9309205462392145
-8.267846379306597
1.5085152531544166
2.0158002405359388
-0.09581280653441127
-5.571065904732306
-0.17588908241591916
-1.7830293923283977
8.892648097731286
8.259718714048809
1.9085657922473518
0.9500172082359395
-6.276672196311129
6.82973575809892
-2.367839298437917
3.913769739418713
0.12963555452552067
2.2485114758598472
8.85454751087061
-1.5564762427344263
0.2061618611662112
8.728838913881
11.134363240192346
2.2106586956829553
-2.4527144713282305
5.882962349704787
1.9878726152926918
9.01925739349063
-1.6021653877120083
1.4185177552416806
2.915305906485579
6.538129474414646
9.781200740029524
0.13385349953455541
5.608796393343162
0.6721420944583523
1.1126920347604732
3.212833281634377
-3.552738482257049
-0.758756796883955
2.218479013838162
-2.0675674427077317
3.6994973926661108
0.9105920238504142
9.34006258833928
0.002430985198890777
2.1218929236405137
-0.22405968984953312
-0.5830689401427698
2.5540851237994358
3.446411858905498
-1.5345191621304226
-5.331857478354975
-1.28911913600504
1.095562985569587
-4.622785435175754
1.1556812117267214
-4.08014028737712
1.205739702543781
-0.09826630223963036
4.462274860378101
2.783833823856643
-0.6004758383973154
2.798927403048937
-2.032787012296349
-0.2384704910363733
1.1408832377500913
1.6454306056547305
