9.500429802448155
3.9718908017317944
5.006527986687896
0.5785739952714566
-4.643829729794101
6.525813786136313
5.916220422369319
-6.092207463539676
1.389708861909713
-1.1516640851405917
-0.003353845508586012
0.25017397402905495
-4.063258612600681
-4.974572872693018
2.9204122548665077
-3.2692940317101993
-0.9465656966083105
-6.636122229472594
-0.6525772931788619
0.9566823215413118
-3.420606464226738
1.824942927507386
2.828111439988141
1.6098022281431499
5.2884667408839805
-1.0761654891611594
6.136968472055134
1.8668169613228969
-2.43255670332627
-2.1630057928499404
-2.0975672675191177
3.5696531693015494
10.936374392740671
6.41471463068609
0.43318764219650957
-4.005920160221947
6.131352872633638
1.3028759990111392
9.737423034884804
1.8088287841438333
-1.0264129565173525
-0.7430041465211401
-2.937797908665227
2.8883879798861978
3.1282967219137063
3.4166670163829664
5.480321848903857
1.4935721695081678
3.2891592070042464
0.7799767420221388
-3.9652510632366367
1.9381788844463343
-6.361623599913088
-1.7512303831621288
9.940595998202436
2.72869007168274
1.0301220234546042
-0.5575135508426508
3.2389321386494694
1.3674499893032463
-5.24403610686708
-0.23070524086440386
3.290701014827961
-1.8332715717750547
-1.407068766488465
2.4901727503437385
0.24683393381078103
6.859446485868073
9.062426360734786
-3.46165779556522
-4.030133861404792
-6.799836733163006
-0.4638458730289273
2.1223989663436504
2.6910717247502323
-3.256798546596301
-2.2253820136685074
4.522520123099174
0.3003360990061328
-1.72213358880939
-1.778274985331684
2.974614024431494
0.6031656949991389
-6.616788048721171
1.2092090247457845
3.7544907764244573
0.8823431251523435
0.1480015904456605
0.32244373658194847
-1.1854876553833527
2.5939127604363064
5.359255796129036
-0.6059143754241076
5.493679946812339
1.3910225832628564
-6.09523222230489
11.545603304365496
2.10935948780982
7.273742056978679
4.324509966416606
