-5.258701709898688
-1.824338014383088
-2.7973503715345953
-0.7089752385874006
-3.1492133114597793
2.423270922234745
-9.07960591910627
3.4038083109642057
7.234966237857559
-1.9733107579652174
-2.5651098097772334
3.6281744698722815
9.913227317176588
-1.585986417949338
-2.7174280458423867
0.6557379388457958
-3.579573707145162
2.5684776910635034
1.6306568099337557
1.8306082252232319
1.6219933955186507
-3.650775638098179
-1.4328914051850878
2.5031554904314604
-0.7710573516426731
1.1677241600725616
2.216469236793821
-6.603325152924136
2.7178165325707564
3.4768611641334797
0.41557191164915563
5.905226361068726
-2.7254445675538896
-1.2925356077302887
4.771789269825357
2.742644153963733
4.265664080044249
6.77185810155602
7.109751078863816
-2.545529174335234
2.1600657471646487
2.4248325040958987
6.284961094278666
6.021487042397295
1.4233356221750157
1.2310256487788065
-0.48133726115463404
-0.18711892710915073
3.221734232140549
2.7764336826454348
3.4898976978930043
1.4397882692602022
7.444360730722849
4.7135544680904085
-6.230082977566871
4.937434661675724
-1.1731996460691958
-3.250135657396741
7.125518898501855
-3.1252672595533886
-0.1951360698754262
1.4417070505177372
-0.3755577700743403
9.509982770933572
0.5194890646680905
12.371258749813832
-2.5963141059832195
-1.769874696360739
-2.795895538982177
-0.3614253604005242
-0.7896121953951403
-0.4788241446345554
0.6381063721667468
2.7534760109344685
4.654394523503116
0.9015679266325658
-0.4471965783701564
0.276982633414299
-2.215865909379193
0.695896832473451
2.6333710987261303
-0.30478453756535195
0.6592627386809207
3.1561705457174085
-0.8458081944879685
1.7401204709726157
8.99112052022597
-0.7041882734160124
-0.33526097798420373
-4.980208107914711
-2.589464283517883
-0.646321875524111
4.573818765575197
0.21787434792183924
4.630821707770177
5.096829457287306
-2.0668511526529176
-2.7024991738497155
-1.5366553134540264
1.0614818921803597
