-3.213111813369655
-1.5318503176521703
-0.5150088589748085
7.113903640100383
-3.656034191089659
11.918280104165094
2.156077432818177
5.301733082341492
11.558379406485004
-1.0565265285538896
3.808032327619579
0.4106893311399127
-0.15522756648309233
-4.545617013675499
-2.5985450862136017
7.48980750101659
-1.2157571577408868
-0.8982732611090792
2.7963112104890717
-0.8080480346946411
1.6426270036933517
-3.1087045314927932
7.981217731131158
5.403215880732917
5.252099490943192
-0.9961184510885256
2.4751910689435035
0.8546405153562481
-1.3102130131446885
2.0675413420755833
-6.599235458806966
-0.6858389698876539
12.559920398287534
1.4238363263407943
-1.1491247321527582
-1.3880855664668625
-3.932468408769993
0.08179979212001369
-3.676278655281698
-0.7355720080533023
-2.4499061253599836
-3.953095790082684
-0.0843683053908995
-3.2199317123751383
4.786340557855347
10.742802455764096
-2.958937863028942
-2.5758615763990895
-5.889112435862797
2.6792521556673488
0.6564497278058816
-1.029989050227715
3.9116622898836413
0.4451429179425676
1.0474864210684594
5.2299525253929
-1.736234196459196
-1.554314818578441
0.4005396703637657
12.506420602829081
-2.2650512829560627
0.8483738532951316
-2.961765436997953
-0.5640274175566603
-0.18374287470973316
-1.2588445707676634
-3.5658335032508512
6.928219297690333
1.8022632041769344
0.007840446981962401
-1.9967917421090136
-0.5964423123635774
4.890574675446908
8.866054535499526
-0.778255184404024
-1.1324189416697128
2.0168749512182167
3.7419207390954115
-1.4204133400884835
-5.601206445524096
-2.0295145023748065
-1.0577935115724861
5.957001308983875
1.276988634647055
1.5134505532653169
-0.5708262430283311
4.010671149642335
-0.31477433087529794
12.013590006595368
-1.8771104784718307
-0.2194099345142438
-1.2224739278310368
-1.6807367412681278
-2.5949562543135656
6.986052563871896
-2.7083982295481936
9.56665633477253
0.35133610245213254
1.4253419662808118
-1.9978459300505529
