6.807023377224537
-1.7843251003333034
-6.3031819657400465
-0.4316550676850968
4.4919334697580275
0.5676499654372724
-4.199579424798502
7.408976063116757
2.338339634251312
2.2398745947900087
3.3722196670534452
2.4133001086444397
11.987332438421129
6.335805722230191
4.708477672868254
-1.0498217256620408
-2.8964843570166896
5.4391618773434
5.851906651320591
0.5458897862450118
-1.1833694407046977
-1.2125945384443666
-1.293010798030878
3.6114112268755836
-4.354387606960898
-1.102270029281237
-3.29419549077703
4.272502333042533
2.5006362518604996
0.7469140094186342
0.1697126806848928
12.777570947487359
11.519302375468945
-5.967847405315711
7.925690285264322
-4.9806971752267115
10.04742295991513
1.484305583539435
-1.5226029059062665
0.2320324526641698
3.8519310033990695
1.4936503313163334
-2.210136742615494
2.8083815374889762
-0.39022032076696594
-5.9223989052162365
6.028362501540603
4.032172665929078
5.627623375445109
4.711323110882557
3.3892562596404554
0.5388027687949513
-3.630660646704113
-1.566912313610961
4.4432285591998255
3.174995286866686
2.7741396315434277
-1.7476844679189067
-3.215903427602764
4.142149485456473
0.8238451622155261
1.8715807970450595
1.0819612274389385
-3.379107991526009
-2.3262354775681238
1.3698334109398325
5.456138594542315
2.5485151816515366
-1.820323828640479
3.14744042287398
8.024903138243799
-2.926881581356885
0.025931910063808045
-4.457996033609553
-0.981428823039517
-3.475656813877425
0.21234757763695217
-1.8168179223053775
-2.575729820088646
2.7758247659230935
5.8653777874807
-2.73361260570101
-2.35277791659013
-0.9307492629735116
0.639758012029356
1.5741261912011288
1.0311908775191292
3.116827424715214
4.677239549574626
-0.2304951375002993
0.7483539233715919
3.8777434715768315
-3.0862949327024474
5.6722103207181
0.6226851813842063
-3.3938038965794104
1.8555712266606652
-0.0031294299389861323
-7.248082754779695
0.6301038883416967
