6.475902060163834
-0.09471049236922105
-3.5443537022572693
-4.417444898020392
8.313707213944017
1.169826910469136
0.3436623185816737
1.8116038722883991
1.75249334722896
1.2321255472272101
4.32530602729072
1.1488919086776903
4.712085666633126
-4.050859567652775
-3.4310670800407985
-2.062544770991198
-1.9032593395737027
0.8745950775119787
2.4300373834359323
2.2668296895197777
-1.9814705575785458
10.946619136844998
1.0851738989369832
2.9798823689739615
-0.31246532264858407
6.132216789906876
-3.2494831299100486
5.6707306186020325
5.388288639831793
5.925670639454516
4.984991315176563
-1.9626758231820278
-0.5741499171737692
-0.7884318500228968
0.9399415196268173
5.169002362071791
-5.541601141104614
1.4269038177459252
-3.4517677256010417
-3.8002577744703143
4.1519504170985435
-3.5349089509501077
-2.9074445591756017
-0.5305947625551681
1.4036334056585438
2.26675884399815
0.9113599394443042
-1.0273533969827788
0.21310901534049537
-0.506697253349317
5.542619597066407
-0.4808764003775013
0.7333341172485968
3.835855036707861
3.043429217117342
3.4580709885296628
-1.4591676134459393
8.965788556732964
0.04975446045756249
2.0212682086630265
3.2809134040286603
13.195866475584918
6.319939544389754
6.924346840952404
-3.2689621987808715
-3.957300795304775
3.819183550789861
7.9327566054235135
-3.6107542740174328
0.7299199308034974
3.3652487233096258
0.5591402020701495
-3.3301511269464923
0.4386809753673662
3.0836477106732176
5.413988265115774
-1.2429224856951082
-2.9914652591220863
4.4210295144437834
-0.9847954526840164
1.137441736508998
-0.9912751605698357
4.278610088553955
-1.0255970303512951
1.2704861343879137
-3.7984845331149044
0.074869162895864
-0.38900819234424877
2.501295393679446
2.0901388079613032
0.676507646827596
3.077274379883132
4.801245462466843
-2.368431282707834
9.8592007402844
1.214318650566287
-1.5809554982243665
-5.422097312240973
2.1826412219751603
4.958963374475989
