-0.7446463792796709
0.3926933045220923
-3.2485609813495557
-3.458805834748672
4.025207163595662
-0.4708148088588576
1.4111388799985838
-3.6057171133706927
-0.7001651244977886
-2.523453405496608
2.433898548208031
-2.905472614875501
-1.52692826918747
5.9853343397530345
0.5272126623471198
0.27897138601100263
-4.188253409355368
1.903902574959617
2.301044555638015
-1.546501865365126
0.6286401084003135
2.1945996150263745
-5.857160317284253
-0.6880095864340519
0.9955218762550934
3.6410575704360646
14.59964100413348
0.28374699554073907
0.4131684435006391
-0.4153284662196332
3.234927523335326
-0.37454615185501877
1.5416522930627932
-2.9272602797039737
0.19582414624413083
2.189387981043048
-2.2322864251341707
3.4644629267185167
-0.5573461428246707
-3.8034451197187513
-5.397315111344348
10.690329255660819
-0.5204857580765538
-5.599082118451829
1.1539828378259207
2.437368761600913
6.8646498967916685
5.73133892206284
1.6180046665189975
-0.3567850226369677
-0.02390183382257364
4.437372788599083
2.7385756525825906
-2.5960953748397118
-2.7125151159329115
2.4106519004764806
0.9246608502982769
5.385529263557649
8.688453034744548
-2.180884986683101
0.1741117526021141
-4.912560261220185
3.443289860188848
-2.248415405585435
0.5294354596415836
3.4125317499060452
0.850105949897306
-6.060018154577978
-1.5979516714909965
8.101278245254552
2.1509684159481695
3.662738632256156
5.519943520419261
0.8101222921830672
-2.743657207805248
-1.7016096082247456
-4.08206186198615
-1.8678661117760393
7.833536035027806
1.6116368998630894
-1.9185610428781943
3.92295276801665
-1.871095844156924
10.508191155814762
-0.1979428670801428
1.2536531921752272
-2.2242532187410045
-2.5709818936813047
0.6836230660637096
1.7876189906738942
4.895943771034133
3.5632657900105595
4.619030441847766
-1.5000322845780636
1.2606432482407708
6.506308289876234
0.6462397142953372
-2.4957082862890836
2.290599441862326
-1.6193074982461098
