-0.6550438107312584
-5.0480629799370025
2.659926774086246
8.572864447539429
2.111175960508433
-2.508602635802462
-1.2528582444890266
4.269185328878712
-3.3860123353047804
-0.4964485231000898
5.860147271443703
-4.756515350759246
1.939888077976283
-3.896303087605599
4.707960474697791
-1.552028088669637
6.146197882163794
8.339117392318244
-3.5369696784804496
-2.0599035059102806
-0.20895146126535527
4.80207531228657
3.5476909715393816
3.2543277288269077
-1.979238049860678
-1.7989911854436271
-3.019135248846163
4.024074026110901
2.0039995022656742
-0.6405166714770412
3.3256213506383556
-5.811726999299851
9.084176879905948
-4.7276064225646595
1.3123163239633433
-2.126536783650237
1.3768827096320768
-1.6749326812603789
-2.161202370994958
3.253361213097698
2.0699810626469373
-4.149118932992637
5.082520760530141
2.7165613054507562
0.9406265907354248
8.06235091169026
2.3634425718936365
8.373324952895924
-0.5549647416864136
3.34247035325306
3.641973499407409
2.043259772455018
-1.9467655006854248
-5.7518231781718265
0.599385270106787
2.3606481129847654
-4.747998943587158
-6.801974884869214
5.0592206399362905
0.17819198228420507
-1.9290775280292778
2.1433192897581264
1.4153388093069366
-7.927714922753919
-0.09548941425086838
2.1896744467035605
-3.2952747085155005
-2.8937281606667153
-0.32196578092527145
7.158928314389919
-2.733253742867923
2.7937184546319322
-2.1968680397458376
-1.078523892197403
4.09376407303319
-2.0766091408840577
-0.8784447924307159
-1.787646867641683
2.01406771665515
10.480748279439773
0.4248034279055467
0.47121619637170187
-3.432951359507481
3.5877989270980484
-2.203203282090391
-1.5402268034259325
-6.4727745339551
-2.328015979581958
3.213797698937366
2.875075021619776
-0.45569890962197274
1.0646288801799626
-1.6072860968182185
-4.023274924956659
-0.41403551959285984
-4.313871873359955
8.552169986218345
0.21361454221931864
7.0570427603369
1.2388178962191077
