7.618540812822523
12.289032196971409
5.5658175239707415
2.879216309364314
-0.27848446552977446
1.6823864033092697
4.785194241160452
0.5378275697055078
-1.1550317557183791
1.913948850899753
0.3116869372779986
2.9370244067436597
5.6326632081480215
-4.917861294936484
0.5020950353298802
-6.3534346953648635
-1.0098116994495443
0.7598770206502798
-2.4580643894133622
1.8813565666188934
5.5346347495486174
0.7260040872310471
-1.1530466762341927
-2.323607028834769
2.8760342582004577
6.804014999538747
-0.672755461346844
0.7099625368724437
-4.613427059234824
-0.11868244911472994
11.596488924667005
8.870792903620858
4.41601093960344
0.2832630384250838
-1.9130338667594573
0.38255105893983715
-0.4606366159779902
-0.17130318387053095
3.456513144257541
-2.7951949828202665
-4.810131989723768
0.34296866849228846
6.001655679044465
1.68963018366467
3.5849113008193925
-5.138903652545092
-1.8598458070097919
-0.8904218858705759
-1.5476726600341832
-1.399136046723595
-0.9752602550855158
-0.2512223245677476
-3.6267795041808277
4.040319882669994
1.6152133849140449
2.9300196768232523
11.111062934722824
1.6322970824030576
-0.0955046259245391
0.9553076525630129
4.713013875663185
-2.130290715915826
0.32477292416520875
-0.09939402132956068
-3.139697476599759
-2.167188696614928
2.9732499632067277
1.4959692570821284
2.888839874567927
4.9879293634844215
0.026558882142319124
-4.433633138297777
-1.2952989601007907
6.537679487821397
-1.2236497539972202
-8.148784809852833
2.8451178711097374
4.177464344130696
-0.3438096055177047
4.351384930274872
3.568707459054215
-2.3286310691254903
-0.5843361353907004
-0.325595240043805
1.8162325183794201
-5.534962059120617
3.2782147843779903
3.9721761047370485
1.9736027710081248
11.1042486463474
-6.48359343868222
2.875427315226477
2.6321418292479724
-5.194680605738022
1.8795660285367377
-0.5045642077279453
3.5234789198094725
8.070075779570523
3.7159222799320784
5.616833964129749
