-2.8570715930111996
0.4049422788138983
0.09505355270562366
-2.357454154111725
1.0869772697662672
1.458896994656076
5.483893581646466
9.337224976915062
-3.1632923270207645
1.3389864118910417
-3.557882721820416
0.6879199376627858
-4.257305765910184
-2.77792783612439
-1.3446540917730718
-0.4973019205239489
1.3148313743367683
-5.129614059551839
-4.361076563843906
-1.8102676409136675
2.9527541960945065
-0.3619378104908162
4.629159875880331
-2.9403112978623804
-4.429538633489437
4.05803599416245
-3.891138867018234
1.218996939479644
1.9067815918167597
2.1979546129610004
-0.2727812208638184
3.576535613491717
3.357484209343717
-0.9082508869241054
-2.23591470981144
4.649570315233034
1.214178021188977
2.8451213072848667
2.204753838094909
-3.0726218444372004
0.6313806533122448
-4.6091693914896315
6.99983083553524
0.39083147888953773
0.5959190987100195
-4.02940119300537
4.16034247366207
1.7239706409261983
6.328500468725591
-0.7435961496937609
0.5736077773870473
3.216714581886166
-1.24485505604671
7.366067524683012
11.011837845404294
6.990345219583647
-2.527861564712884
2.5015942261347845
1.8156031015752458
0.7324366836336639
-0.46030848189415075
-10.744977177763111
2.9835481218544313
-2.321799275185672
-2.384045649970124
6.427337540857382
-1.8206474004463813
2.9315544720941564
-2.9317420254462507
-5.957789276432555
0.6478018932047538
3.8437229538708304
-2.9882132401154617
-1.9813771227813795
0.762178757970041
16.567968718642852
-0.7282981110701076
-5.635300662835166
-2.633815457943803
-2.7272749613650413
0.9187166269287341
2.237820600762412
3.1243178552701147
-1.769793577469926
-5.25804355652693
-2.9460456978687812
1.0285289416912717
4.913615418032995
-4.141254833183133
1.7491798704181516
3.1954160898436332
3.4788830364447083
0.5983764939935352
-2.3310364565042594
-0.876347487215826
3.900191262682486
8.247933659622081
-0.8463463200290144
-2.242968527928939
-5.100474375699151
