5.621917898951674
-1.8957529306477026
-0.8729753395057585
-1.390202116006579
1.2550173465417982
2.0355421873606883
-2.224712569999131
-2.633316936880478
-0.26236862585636356
-0.012719049726014694
5.047002292829957
3.223854757906341
1.7208979380107428
-0.029149443163595017
2.4339566603375404
3.9223315838043202
0.1541254052429947
1.7037453831877913
4.1487383298343214
0.08247038815939849
-4.067449471416836
4.1432293010310985
-3.28532082723901
-2.4538621116768367
-3.849612440472563
0.6782811215356681
-2.949239851378723
4.617692316595436
0.7803462307967239
3.0667492281916324
7.744573429168671
-3.783682306040194
11.108928808323842
3.9939471570661835
1.3413220395700054
-6.558970410789774
-3.459406858091612
9.654447454402908
0.5024919679983137
6.345254138641556
1.3417963187633124
-6.391128079214321
3.928206499266177
-7.027582144926868
-1.0565590304091361
3.264254836842299
-4.235112446070878
-2.8166682581850004
2.094407831512155
1.736281430633408
2.125291827745261
0.5897259582079164
-4.434662955316198
-3.661021827043694
2.464569513724041
-2.3226195950668904
2.721778934234808
8.317719682236865
-1.294918705514716
0.017281003121852656
2.2530849545332563
10.98423884462712
-2.146840215474419
-2.1372070755384747
-1.0219938455120523
5.146014461107391
-1.6002470153509953
0.370770969142473
2.117881915914748
3.165629991737627
6.436405360199937
-5.193106660100743
4.209792053484729
0.6474136055012617
-1.910399485378779
2.079715349713883
-3.3557954267851806
-2.645304933369879
-3.5052853131361146
0.6399014392474796
0.10871030353196161
1.324035095578441
1.2959428056822149
1.9071374090333824
-2.4443933018267248
0.1395366613092775
1.107167026542556
-2.9175587416862894
-2.7773048904172204
4.530800363245936
1.7815616098079952
1.3583297534872154
-3.028586445452924
2.541660286057621
-3.5919479862441426
-4.102625577186343
10.695159444780838
11.684619781879027
2.027889740365552
-3.802009009754376
