13.409546818681406
0.16169379936658992
5.095239036123768
12.684569494456179
1.0475942487188494
1.9200718029118442
-3.128325179327139
2.023886017661566
-0.9662514797445263
3.5358211948525415
0.674000524479651
2.5778629912724202
5.028183447176698
2.0287893960313896
1.4121129252949858
0.6014417234795341
-1.1251785310526405
-3.4154020770564624
-4.354880759012081
2.941004827922626
0.011253158430511735
0.20874668079856362
-3.9875596369124136
-4.102309728390166
3.7001405340791456
2.3891831827785874
-5.070519637841811
-4.5677431404553905
0.22351681406063367
3.3666221976751407
3.1506770030559945
-7.056294613117473
1.3458017871413326
-0.3308266688386228
-2.8478121642352683
0.3477127371811741
1.8700484184321486
8.435037640280761
-5.090329240912323
3.5952119711297748
-0.4948090090905517
-3.669433644254263
-3.155551419623497
3.2272675217149462
2.5612721000340777
-3.2050892539840796
-8.566724539580099
1.8296523478679287
7.021095114628413
-0.026074128258608772
-1.385816044854774
1.3653380500649481
-1.2889932480071131
13.54747010509263
10.76165535647609
-2.849796181030343
-1.706447184422279
1.4464392317361976
-0.43149701913225946
6.160238942740544
-1.8016742479556376
-0.9767989671261657
-1.333248384686785
-0.8371952793940871
5.02578647885717
5.087976300531539
0.3493774405191174
-5.89236939393586
1.4507227801600917
2.5972890347352657
0.7367889781587773
2.464340040177804
2.018939009671792
-2.4444990442423884
-0.9750468143498265
-1.5565643964170992
-1.0268946305220148
-0.4270348878866266
5.071514232636924
-0.9939210625086317
3.594652433243537
0.6521290144238787
8.311078649171424
8.796484811937463
-1.6561049592759831
-1.387132273424812
1.137183191423036
-2.4158945700690033
-3.284328026991173
5.250620853164869
4.856013414681857
2.495216005460027
-0.05960225963100638
6.04934100522434
-1.9330873996478801
8.164098271448438
1.9544923643876702
2.5481639587301697
0.27327878393304705
1.6350128613425756
