4.9028949857930035
7.525204417265224
9.16795744844186
-3.712799073056787
5.383771771006032
9.087173676554174
4.270066887428697
-0.5062400344189599
-2.4390638205929664
2.9404795304986298
1.6432025572718394
11.025257243953408
14.104834080828583
2.6205795588119294
-3.6428578504404543
3.1280573022741165
-0.8952859973785838
-0.6056881139135755
-1.3214788461564348
7.636415388928333
4.761740318947779
3.6417526977454133
-3.149138584861309
-6.711770060506737
4.4781551765090875
-6.318966973356408
-8.202001734842892
-7.204447829969251
2.3418530185554487
4.667460793343453
4.0025029725220325
3.5400247363080215
-0.10820574260786447
2.8602194857882552
4.832801831352812
-1.2748374783177139
-0.039301184824873284
-3.5798039996819324
4.302891033438259
-2.779832768420774
-3.5203484692361036
-0.9022109354778416
-0.17960418149920385
2.724842632773402
3.1414403435840983
15.719969472651615
1.2162924916780744
0.8397835341853872
2.7020164148684658
2.6287687892891234
5.556576197316212
-1.9488837228564058
-0.7965748909335402
3.093399859229022
5.554691033253622
-3.234750603305528
7.999460795419343
3.3557060224498056
-4.538003355096574
8.108513174737983
2.0032118777186234
0.5512527272262251
1.0686908071969745
8.994014620769782
-0.1357863245945008
-3.4582659043387896
0.8235684291984495
-3.89475895484495
-4.7946867732306
-0.397281897748747
-0.7412801411862864
0.11159766763205237
-3.309378364268566
-1.8204602868748396
-1.3282914176498604
1.3978602123163482
0.6099390162405353
8.041194323436839
-2.909427678706658
-1.3708555976248673
-2.832479408363332
-1.2172589842615165
1.8200046137213455
10.654275735769453
-2.226434181783172
1.0761786497646546
-2.135960580230937
9.502441902938795
-0.001515743166216718
0.38925625841314826
2.4506011572363544
-0.006914484664741728
0.6007272546005606
-0.1953815981831394
2.539986195446214
-1.0026091922332132
6.519737230039533
1.0758130559365162
-0.6179401099786893
-0.5848054678436851
