10.197027360706606
0.18938582538389248
2.720002545625265
9.346038805192105
-1.5870822873440442
1.473644749864031
-4.490398063259853
-2.8269065691465323
1.2353376342703182
7.541567181286241
5.5407829597394755
3.012996205721077
6.478818007343088
-1.6741930017734017
3.0486543810319615
0.04533946887969664
4.664459033362545
5.106221514078579
3.1235470555201816
9.287126029304972
-0.21365920674825814
3.84416762149698
4.302684173404122
0.5104218666846927
-1.6486063018583579
4.08741622064484
3.2721331057913448
6.253341553416199
0.29367196447252475
6.139351726296493
-3.4907509760073205
7.289039520817503
-1.2318825642625821
6.546495127458421
7.135891982142496
2.964760655771949
2.1019565621461416
3.9320782585789447
0.5684042175301197
-0.28529385478134905
3.4474260031597197
-2.4492303451607156
3.454565038275481
-2.8935547857136728
2.8981838463064875
5.005289777656094
-2.793542369632788
2.738952045053088
-2.034377537156664
-3.726880711422507
5.340756447416971
-7.173094244941311
-1.0640516016752588
1.4910762397491437
-1.4675952540890052
7.9511279984513115
-0.2687638732894793
0.0818317996098018
1.4035285468826622
-3.242132683472821
-2.267168273826024
-0.7580364031548479
6.617281964587292
-5.04044045845622
-3.6461236706348528
0.5336675619062985
1.2647562804150212
-8.427680669995361
0.09830791611328829
-5.484594134644029
-1.5281284268483055
0.2172489698961652
6.377300863710188
6.18023024735383
3.292353997108049
8.641937724176701
3.1123358990421464
0.6851114968362048
-2.785645511445968
0.2209575192148047
9.501364647951766
-1.496735435129363
-6.513385059515235
0.7557378439357102
-0.4141967391224015
-1.8304775889036082
3.6042133199930353
-4.238430748615208
0.044869565367926835
-3.0913908632578773
-0.8166837362183452
-3.2090466435818272
0.00135720595038607
-1.8798943765138016
-5.06495620522017
-0.5514273405275176
5.816078313114043
10.8719018554819
1.205949689099493
-2.052281376487886
