0.31025545651488995
0.1891983876651468
-0.36914916472570036
0.2635159052168494
-0.15820765975276013
-5.51171060444781
1.4150104812822888
10.8108176906889
1.5143231069721672
3.8527629147534075
0.6903543431400624
1.0319477818619973
-2.9822640395030375
2.5761185685063066
0.17983167324796934
-4.550711435316581
1.194492544350095
0.024380948527450208
3.0121275150504694
-1.4357177705475377
-1.5485462192092871
4.446729472657267
-1.013762401279781
-5.162899224823608
-2.004652105908379
-1.7041291382892836
1.525094234248487
-2.141624411756454
-1.0354355583078532
-0.4394510758342238
2.174794800391802
-1.8814754547244672
-3.00476924560578
3.5242073183369502
6.208518142542455
-1.883012853612458
2.167728740636622
-4.526845954268046
-2.2272325493584293
2.687511874093718
2.585728144131913
3.827888317309087
3.018618125893788
5.601748962205736
3.7323798929426575
7.309122403488804
-1.2123458894857886
0.674371599853993
-2.1759022809736397
-0.994589088863054
2.0081889610429986
0.7214910730372432
-0.08698839712720918
3.438737954421284
3.3440994471465206
-1.3327041477507497
-1.3402182817419839
8.43711222050981
1.2221352682417712
0.20391360112813595
-1.814640047136363
0.056750867775475194
1.283245072336283
-1.1633645500122203
1.3425332461801776
7.6007600226223
-1.6982069211424915
7.0517894358875655
0.2169717135641333
0.6470642149235046
-0.9801690405410499
2.5260889921443725
-4.815631056242951
1.0097636171122835
-1.248268268364383
-2.8488495772024915
3.1257623189947603
-2.8374327721615895
-0.6899837986777906
2.3838007220560646
1.4633085169617897
12.160615917996713
-4.813799913712112
0.34115032116822813
13.68102413072905
2.8854481050635443
4.868901999906616
4.807838953523403
-2.0821661738480435
-1.1663352047919053
-0.2563657635354868
3.9133800920621544
-5.837570105072499
-0.4508279939513824
0.18120351847960475
-4.274467816472918
-6.812447056391267
3.48617190930726
-3.804852619601464
-1.1896479560853266
