3.5366819727704
0.5442846860121672
7.163833480848551
-2.007538905084717
0.502442208872384
9.59119157660252
6.463882120133619
2.382054599653952
3.0098774477794046
0.367025509599362
-2.868998249535271
3.8105103065424037
4.569268323625884
5.2136217228626425
8.644760339900177
4.453104140099338
-2.343714897535505
-4.581453362903595
2.072526303044749
3.3437454249479712
1.8577662443219198
3.9855041978968315
0.06168487540724313
6.50515688834795
-4.008929078037749
5.96536377174433
2.065906080218168
10.619996562880656
0.7025512625822107
-6.1174703626221
0.31786626865719414
0.929846679005027
1.31964846329241
0.3527884611536758
9.098593570818249
5.250961862231238
1.0195336481405837
-1.1766193568632732
-6.641640263417829
3.940548373261281
-0.6720033916914885
-0.7305980876322875
3.1016947606321743
0.1368951402045303
-2.510927040298821
6.393502717173428
-4.8041868318335075
0.3219134894281863
-3.7881213837394316
-5.071953570613631
0.8244470805149174
0.33341709645995876
0.52166220715848
7.588047004025924
7.839146263924045
2.7555145916409614
-2.2393877929132073
-5.688455087661866
5.054477492048317
-2.4253827499229463
-2.1863099112766826
-1.4698295398441017
1.7154082416854977
-3.933661703411948
-3.458580878829217
-3.1073871909891
0.8540227193499934
0.8792416538674687
1.089410728096818
2.376923949222607
0.9853689105660418
-1.0904379130969568
8.073338510874533
-3.252495718964206
-0.29373033114083463
1.3317154923312975
1.447201835511401
8.173867832828352
6.914316851803529
0.7871554678469121
1.8715900969218469
5.494882316631657
-4.069775181521483
1.4538761670157725
-0.23284218874453244
6.078820312906662
0.6263156813429338
-0.5260447092848688
7.591050746239386
-3.5891296539749966
2.5902920425671567
-0.9687289731091441
-3.150694857820244
-1.1672098532322766
5.091065197447808
4.687694854491776
3.926599650605259
-1.3256793399285867
1.2215807968170902
-0.423957705468459
