-4.793587500960222
-0.37340719376112325
2.7469972843159303
-1.8402778702145504
-4.2892319683903875
-1.7975287715504784
0.4803270995051565
-5.934089995363503
-1.4103597611365328
-1.1600333957803604
6.400179989929587
1.3219683432160796
5.342713299542879
-2.8602489189297886
-2.1969759178752493
1.9008446185869678
-1.0412827532825855
-2.741943340629315
7.568308292760689
-1.024663699529631
-0.6975132652846583
0.9106866972308804
0.40401362173640765
-1.9083462443269055
-1.9374268752154031
4.028822350125348
-1.2197464527978747
12.724807118568389
2.423031856717594
1.8922233579142471
-1.716851298430293
0.6268961193004012
-3.101115982549289
2.8046969147275056
-1.4178184935407536
6.209951111300638
-3.947795086210496
-0.39675373416690085
-4.427096658170402
3.760706027856536
-3.4388749534277325
7.109593068405172
0.3185804993612713
-3.8546359668435093
0.6054282081709068
-4.845092807667768
-2.574763355401
-0.8678706296012637
3.6054539540517148
-1.3848080391537896
5.510269860826283
-7.683272344080326
-0.9304464718213349
0.40655368675808456
-3.1639269378235504
-3.216447579849419
1.3429157381523973
-1.012534314523759
-2.132726145560753
1.231430303490802
0.7441918408552802
2.7326733834360137
3.088466760648269
-2.231762047323662
8.14906818751345
-1.610712779823169
-9.12956019993338
3.627851781385946
-1.1106042131046663
-0.7193990796108969
0.8588307513811375
4.351591585466819
-3.374603885591937
1.51859352052172
0.7684143515277
-0.2549135392535087
1.464019957222023
1.2464915182387855
-2.270485617052964
-4.431613966654145
5.716879567804349
0.5909308056132444
0.15509111308466872
1.1570630103653121
2.10409442645153
0.24725323643210473
8.150305297852238
2.120528167977918
-1.7720770465660272
0.5803901179795663
3.485927895250514
-1.7126510578475909
2.425779662222758
-5.408769612331076
11.475166379800175
-1.357904580656128
2.9602716285567023
9.12904054772653
2.4872200909848883
3.113158489851111
