3.6260211978147434
3.088284762446572
0.41613833483088297
1.0470630514963208
11.75265825122958
1.3329023730226306
3.3626407894034873
0.8247851152339432
-3.129623892163992
-1.554056882599696
-1.4538523036043673
-6.811994779710238
3.9812038918671684
-1.9723070507160156
-5.116403162048325
4.301915944780961
1.8471851831005992
-1.167343336326447
-9.04581483482059
8.481141942665797
-2.651096019414152
8.044782586315879
3.641614704139111
0.7817749895079169
10.302969331109505
-5.225095355882921
-1.461913202779388
-4.964335338416678
-4.853986951878764
-0.29777886086457495
-3.1719693163361704
1.0634539729385015
12.525175107491776
-0.4160522062377089
-2.1832029298003466
-5.0574331272362
-4.121767376097614
5.708236988559215
0.11152350543398806
-5.3510746755217244
2.4012813387621095
3.9983229742105815
2.0469073662085098
16.85432324750569
1.8136811918396756
14.446453894197916
2.031745336433671
6.877142670321765
-1.5463008003138008
2.0032527414793706
3.579842072679461
0.7753224266911145
-0.10933198362700618
6.476915733334759
6.078450679580225
-0.9868643485733104
-3.4528236160592543
0.436396082687498
-0.8192674550569921
-3.4591280743668946
1.9744900804794927
-2.881666592045139
-2.505989285309351
0.5280769477662449
3.8133720923747463
13.489328809293035
6.354068651041325
2.003127406131788
3.947889237559102
-0.8326286215837669
0.29802857996945764
0.9497055302154755
-4.590592762308398
-0.8162417871929741
1.8388816284335343
6.806055235459125
1.9930951804718524
5.446760143840814
-1.5920969944052676
5.108245524058648
-2.681863083280067
3.6942837227358623
0.030261851156423266
-3.2298305163404715
-2.693457645414211
1.4258367691860017
2.378588325233725
-3.876046246493041
1.082205567802693
0.863477344300438
1.1478484315483266
-5.213475663292919
-1.6739077475395137
-0.6835113861500303
0.1773765355575342
-0.48397597922757335
-3.2558682434239774
4.800280405497731
-2.72528143174475
-3.9822500768802263
