-5.293524545953681
-4.791997135612065
4.497210491446101
1.5233379894478256
0.8737432964318552
-0.5103892846845592
9.637520117346057
-2.440155412143256
9.035023877937427
0.08802487990034873
-4.558110893342496
0.8883010447411892
0.1904903555433392
-0.1892661022825995
-1.4230948242031214
3.2666944403367237
-8.789761295953394
0.855019039209991
3.4595007124830452
-0.465719377493484
0.39957409893901075
4.1460353638908405
1.0905420326494926
4.088844146384585
3.499787735767939
-1.6401116496685293
2.9024838330462326
1.1311338772658843
-1.905080061846491
0.4533497898417036
-0.051673373028418304
1.9545292022191112
1.6830395824574973
0.0051113589391088765
-2.3487963999974633
1.689708780810066
-3.128011623492801
8.772620381506773
-2.86259536439819
-1.1453475478738593
0.945636871554445
-2.7552257551220314
3.27734940620286
0.49050518298991885
-1.323273802910478
8.506540689516466
4.139462943596827
-4.785738163070128
-3.7616867896879085
-2.131620175978732
3.7930537425521207
-0.5119005241024744
-0.4657361036561688
3.603528919633934
-1.1704710913847693
3.0117253918414475
1.556237554238124
-2.4696880804661347
-1.169421995947458
-0.5615345542540697
0.12024820692416464
0.5859322189364551
0.5868633382122355
4.5872997025477575
0.6418966666094859
-1.3483777021355032
2.302726448751443
-2.6636927006916062
0.2430228503098612
-0.4226532370763504
-6.026691912171138
-1.5801145863123969
-2.191447299760579
-2.599418135856861
-4.2577664119009935
-2.6664219175374466
-0.7883973550687055
-7.1164409805327935
-3.885185046431859
0.38860692940663016
-0.7676829512312864
-0.3550314942297361
5.66309520867302
1.1888413620037452
1.8155438744274404
11.988818804267384
2.804448009370131
1.0705780482648963
1.548381521429417
0.010483693958353756
-1.1412315112331979
5.097660081135928
3.0953207291479785
-5.641231732867734
6.223877087238348
-4.027735572561158
3.7212625646805693
3.2005803027953394
4.065101301939732
-3.8978579915206817
