0.1454938185436724
2.477922536550537
0.8342867835781884
0.0311097863798091
-2.3839435914147855
4.241131065984923
2.7257877958602816
-4.99049748047185
3.574115963792333
4.570607815832958
5.765615043800902
-3.5049327881391887
0.295583542567189
0.9375425068567043
6.416740760369928
5.371535948199308
0.1580960012237251
1.3425516586298436
5.289450003596567
-1.4909616370158785
-1.6431739964019654
-0.23893302420225287
7.57513774834206
3.7186492770281916
9.819339406725446
-3.059551520972155
3.689080991478817
0.8705672792749479
-0.04413494376523914
2.905809671525498
1.8366357453843363
6.2117385317564615
4.888471217266169
0.8084980376733768
-0.24988708041460453
4.458674539320214
1.9521542498444915
3.1685938608090543
0.623453776809397
-1.705048795545418
-1.0789802122556416
4.89483640577858
3.1927595684188437
10.372412005915528
0.05346633722088117
5.690136298675366
1.7681095911168927
-2.5733850741410778
4.166593103949616
2.32205454618892
-0.31624900492567115
4.223089492539611
2.6391351788445854
2.7001855575998652
-2.858764058415068
2.1393132116703155
3.204956773062092
0.5978285438676015
2.617995729381532
-3.8657452175575404
-4.3098226710611085
1.221421045802154
0.6988472557613884
1.3623458615174153
11.47298363057937
2.9409292119108255
1.7858747754741868
3.4732354916647217
-2.9696318405465316
4.039670198476977
-0.22440940295995418
-6.0228999663530995
-4.219906933940035
-0.3527267375650889
-2.2610551052997616
1.7133478711065844
4.804320062090138
-5.57779068512766
0.6714228045905402
5.628990154497524
5.5753976402168695
-1.6476493278310076
3.217402212424794
-4.272246269714145
0.07499664833287296
-0.5437842120844047
2.5081329623310418
0.4409710020720531
2.03900458878566
-0.7543763335310725
2.3596442337120234
-3.2645810446444026
6.0523292653226015
1.8038628814360829
6.499584650201072
-1.1399347746487376
-3.7663762489275707
7.564782203195998
3.429250205850298
-2.050184727130232
