-0.9610185625684927
1.1079335381870923
0.02556094193045446
1.8474179570958107
3.031466709402961
-1.6634230491907607
-0.8927603821437576
0.5780833113875161
5.465231352523417
1.6155640055606482
-6.611635597513816
1.0251122237348145
-4.112101171536523
3.3764878017853754
5.961761767512527
1.9023930571043566
-0.9897033629423279
6.6741075614628755
2.469349895586915
1.5386734699009326
0.25475982186473173
0.3196298631278762
7.807828637039216
3.118331735136752
-0.5084972508096917
-4.499317690741391
-0.6411046252712158
-2.088824130500841
3.717879177993919
2.2593206131979544
0.37552495105643047
0.30658740742555307
6.048996452838186
2.5197415908850536
0.6394881224751059
-1.367104100657428
0.16241046804377834
-2.18915347002229
-0.34926043987071786
2.43275617785317
-1.4399145536271822
-1.8261194621278758
2.626824612237694
0.7051496084820964
0.2422558099004265
0.12209490265370956
-2.696422599583655
-2.2860069007899675
-1.5311987650264312
1.2328265484153877
1.4039818863442903
5.114194274847296
-1.5493240828188712
-0.6777447533300365
1.2680094411316394
6.536773134546249
1.260589907001245
3.177003193290057
1.2936865796890202
1.4391927467924979
2.2195455001995503
0.6146760265687449
-0.805198775666419
0.6914182168568804
3.7605909426376773
2.8352121691468026
2.7783732070282006
2.1841183071365906
0.1450854129434016
7.353582951784482
2.1202110583197866
5.748992322358829
-2.013643921775225
0.5576132100081928
1.9297619920689202
-5.651317754088869
1.372281133978055
-6.146735313063818
6.075469755335735
-3.2207682799083335
0.23875894462434638
1.5696781341595765
4.3650607788791165
6.892327547456631
-1.7667685522125574
-0.4081041745532739
-4.6528190842227435
2.4392494908954667
10.143107777459678
2.647755721081886
0.9823314117643376
2.749078013906343
-1.8248604575084286
6.814658448690671
3.717317968380229
-0.9299384226179466
6.535672718954178
5.287494686379034
3.141414824585226
1.0088140425292573
