1.237311277822597
1.9998759491396563
1.475904091244736
-6.288176926104042
3.097813463224327
2.548355890505887
0.6175103196010305
4.370224191348229
9.984540564189972
4.092099028541874
-8.072595834224408
0.9190095140510157
4.771814668313343
2.6116975194696446
3.5195523197456637
-3.7562583230966475
0.8570768762677059
0.2691573085037494
2.3028718141457736
4.4604959874303205
10.460711526545627
-8.299270468627515
-2.539190446406104
0.9343691930590085
-2.0767540688494384
5.48041465396429
-4.112530576873646
1.1436882648118747
-1.6202260586690915
5.63097503302345
-1.3990632022477056
3.859285463319652
-1.492540498909737
1.045629643900651
1.9835374475510341
2.3744665210408176
-0.2294798547910109
7.38721974208025
4.953705477517999
-1.8785942292682427
4.456262349552356
8.843014655548645
-5.359156784032704
3.050760451066802
0.41660293051174857
2.163685799072849
1.5191504201249106
-2.4458427655571695
-7.27583862553678
6.481851958611758
4.524295277981603
-1.674707536999056
8.175725179247474
-3.614425917108443
-5.152175071832008
-0.7999584522596861
-0.08084520090246186
10.575403457863393
1.0810484163291683
2.5822729833536195
4.134243961351385
0.6521786091429882
-4.827958772826752
6.144506114336812
9.589880659791625
-0.9269730557164699
-0.519920708981316
3.9609858694604543
-2.035533505527976
0.8131023209242338
9.483660294079284
-0.9163976666536282
-0.3828051548779458
-1.840021770463426
-2.0699714450118334
9.662577342388886
-4.228449888755522
-3.089002224544423
1.818632671156407
2.721298864847194
0.42471354868180433
-0.4690359396324918
-0.8755177275878321
-3.125987385411473
1.7750495275528413
-4.593851993990375
-1.0085273236354744
-3.4232449764947233
-1.70813693614372
-4.265626164243855
11.338425689536583
-3.813203209374273
-3.8200782959049384
-2.8820976684504616
-4.0219104008859405
-3.19033461306926
0.6731993073358762
-1.3181351806680748
-0.9363433319545409
6.945787683578228
