2.8057231489912144
-2.0726878839242007
5.76735900283436
-0.2669787205399272
1.5185645522265168
0.17571385038525586
4.302319666881334
2.4330040248058626
4.325428152309497
-1.463079896451454
4.068167802960559
3.5114378714828374
4.409357368400266
13.12006758313585
2.487119388557561
-5.937418457461902
-1.9635959726572596
-1.0616813039347557
2.458982878417781
-1.4506184479911877
3.540596205985048
1.0218978171127124
-0.15385922327943086
-4.255780484934804
-2.5557664627379006
7.003456904581453
-2.2449008526995007
2.783076820248121
-0.9625622412660464
-0.779764981753504
11.472980222770037
4.843805614494707
2.4621079530195313
4.368053650400235
-1.4225855456956968
-1.837034655656114
3.5025297735788747
-2.341553640767895
0.3393034086618212
-0.3731386567010982
-0.12049256480724058
-1.90500079864277
-3.550310954604182
2.0173497405420946
-1.876072338439183
-5.820925931334855
-1.966732716248062
-0.1261852422287387
5.948147452372827
-1.0484158745045693
-0.48415308547117564
0.36238017276715456
4.275383985514488
3.9072155557989543
-2.986344456686261
2.204274841381287
1.088464611929556
-1.3417766474492991
2.697575944228909
5.343836662100183
1.509322838259473
-0.9193587444629584
1.7543564107258005
-4.177285451508789
1.7584272992707801
-0.10296925757303654
0.21349965160740764
4.600559424919384
-1.1219075211239384
8.274227243928205
-4.540691660017375
3.9601549589430207
-13.486064881495544
0.3116943315066139
1.854097558766986
9.40116022061984
4.8175794909903935
5.092216034483796
2.39353592734346
-1.7018069177850486
-3.281162458529243
-6.763474519638589
-0.3714089415025941
0.9588850759687704
-0.042320731739026264
-1.6598816342021179
-1.5069501528571485
0.21822968267375198
4.909437562651433
2.370021000461845
1.4729615384016448
6.6871057119656365
8.33204092459942
-8.73566916325544
3.845433216873031
-1.206621735592676
6.710265079018497
-2.053966757608514
3.409875741275708
-5.088169426380938
