1.2489299452097162
-6.913529701888169
-1.2120166118888356
11.967868978005853
-0.42820352095344494
-1.0293254972648875
-1.2913467854601886
0.6411432447945834
0.3141000530856798
0.15304690387019682
0.43789353680528864
3.00015237615943
2.786055334419608
5.901078289596148
-3.821606590092464
2.685538275591966
-1.8474015272846378
-4.505177879005698
-0.27476163877010334
13.224162999347072
-4.753494408191802
0.26490090909920183
2.095875845742725
3.6002552192167894
-3.336090579656196
11.781170476837355
2.3401652839284384
-2.2676380633439304
0.953034550007888
-1.5805595591356139
0.8051931009374669
0.10856047849334333
-5.263563147744702
-5.412000286107718
-1.0266702589900554
13.371608920581886
-3.9622041278036635
1.4457210059872572
-1.1915945748976422
4.3350074705070645
1.3411092624890317
4.3674680160341355
1.7815717680680734
8.745940789457677
-2.351352376349973
-0.43348078243215493
0.20777556836415306
2.457944325624514
-0.8309559759292122
6.043382761774101
1.3552085482394407
-4.4557221892404275
8.158194654763799
-2.8399059601334584
2.8852288897695497
2.594311599045999
2.54697301857905
3.385132127557406
-2.7556877884527395
1.2395634795735637
-0.222847229794135
6.446905178584142
2.6982825975188787
6.222512789627948
1.684891517437927
4.7969658229996135
-2.631938286218417
5.752423182698154
2.892636437181719
-0.3932054210227142
-2.946612516520962
1.3573828827348882
-6.28272479803307
-1.0240494156658255
-4.9977126001613446
-5.27985054109614
3.1994823957244853
-0.12277782483313787
6.455621745022028
-5.60200424555929
8.21168496707729
1.095215738166564
3.5357416603279326
1.6545593838781245
0.5753116030133223
5.545714177013579
0.47601491005124635
0.23578908575494306
7.928959265200971
3.1158912542976656
-0.9415957555001402
2.0304400624585677
1.0568529790628398
0.055502970081513885
3.353714838712427
9.584213079249324
-1.996598087070034
0.01124632823581505
2.3699541735517973
-1.5187302809657015
