1.9966292106279664
-2.789447385728005
2.2339630398449053
1.240860084378627
6.103506828414963
-0.9501622591981493
-0.3091462028297486
-0.9808269602583397
-7.433958232007027
-2.099821680098079
0.8565544832537798
-4.896276971914754
-4.00133043683131
-2.0537769652592526
-2.6918842985491858
3.870542400655604
2.1337237682754875
1.4113554180998724
1.5143261217739332
-0.12901158807457463
-0.24897400217258847
-3.7754655563815147
0.975623001390986
-1.6170970599682808
2.7536522121235896
2.244835165695036
-2.9120737086038657
-0.7767422591051527
-1.2202732439755133
-3.4048388221234314
-2.589384575416788
12.061244925753753
-2.7902991712400946
0.42779595856710784
-3.703104239443806
0.07060722559159456
4.431216362904191
5.020928391185979
-3.296121391182637
1.1469186968687897
1.3672946925107177
-0.4769683505658543
-0.6823123590633059
2.943296854437007
-2.0772277788395366
0.008974670197252343
12.336415226642156
2.8710267736580066
-3.0504144801334894
4.571542625386587
-0.00818272251573168
3.622676666422052
-0.9804172249641301
5.48802522132085
5.239719383890641
-2.067611998550983
11.610957018936642
-2.7104988094579614
-0.6208267249853658
12.323131218989545
4.20057766630044
-2.4081680307743243
8.460782247692011
4.082406711400442
-1.9099347543957061
2.2422966749927165
-0.14683702679546595
-1.5183009339208668
1.5198444474163768
2.7793812605205392
-0.13389025867143925
-0.21671364157296508
12.316577591523195
0.6737559749096306
1.146728469410669
-1.9793696241713383
11.094866834374201
-1.683325424015063
-0.5764327041231601
0.9118464270403963
-0.09915628251845238
6.055901703192559
-1.768957436685647
-1.1630432714498475
2.441075790790616
-2.5397367735504206
-0.7102244521171898
-1.784467821583438
-0.30191062285746384
-1.4286393407989673
2.6595698147660936
-1.1368199652048725
-2.0458468647049974
-1.6946899190360263
1.6196552923138108
-0.2188031500666024
0.3605559781897882
15.132942983246126
-2.281660628754639
-3.045655135741029
