-2.6449698964724404
1.0630909443654624
0.18381225158148268
5.993115472922593
1.179086214415005
1.9164466646740634
4.717562854062425
11.214195819885816
-0.4324049428199447
7.4420471793470995
-1.34847784944031
4.346338804292445
2.8925833336837217
0.46357256400740976
-1.3744121123393793
-2.0349605212946864
1.5997544684621219
-1.0707060865627929
4.28255154360456
-1.1579943050558
10.234250244745171
1.4631708184408772
3.7265289278612497
0.30868722200335585
0.07453801680670154
-6.854475544585904
0.6354793035797582
6.925574078880176
2.2196484767667943
3.1100101677253926
-4.341033150971368
8.242233048703287
2.4337779915627444
1.2566139578851059
0.9629368806580025
2.580719167921055
2.0629374901924398
-0.7206783411644718
-0.2678369249512482
-6.6939567332544225
-3.1505987643167264
-2.0168767316193716
-4.277341585010425
7.689336768550474
-2.5236034148582314
6.928344758402092
-3.309084276358372
-4.253570356898648
-2.3750325254502567
-6.520527211468915
-4.642110564976792
-0.7843907185342653
8.441904026656633
-3.189786076749491
-1.0938251379785457
-0.3492207595611543
1.2840097793009204
1.544312292196208
-2.3716327632268683
4.4110454849992085
-4.6300014968984025
-0.25710626124756936
0.4882302202439054
2.7872013170096253
2.3901927988085068
5.085928028101176
-2.5473377551572742
5.483525917082711
4.2683519164255355
-1.753923916634842
1.1901375272992962
0.25457084640976985
1.3621667157924875
-0.570029765587424
-2.8857075916393615
2.524917212663695
-1.4438839337935385
6.245736351729272
4.484679723396909
2.464627316125618
-0.30085362475394123
-3.429013143197856
-5.158607379518443
-0.7122742062911221
2.3088268423275746
3.563003894661482
4.83250442220565
4.335479360798251
2.570093249934801
-2.475168367624905
1.97862114801753
5.352058614591146
-0.763184875166746
3.7180544686980532
-4.709244000841284
1.2916010877266562
10.770208149186459
-4.582997070677596
-0.8467763667116612
-0.4306572513003064
