-1.2477600453883095
-1.4694365479406328
-2.830672146101545
4.351546148273534
3.9328858296891798
-1.047906759283769
-5.260003449670473
2.381629230438052
-1.1257761357352987
8.996839271842031
-5.529467244111718
7.686840131775198
-1.8879676620376047
-2.3025302661713636
-1.090233413798538
3.1763228244178583
0.3513824138922075
-1.5049836872943805
-2.943625375937194
-1.8398980645863332
-2.949384568613543
0.5587961136616282
-2.372016022428694
-2.9572288670172786
2.805317527134666
-4.638648989829959
1.1722597750013282
0.11680453519151696
-1.1856154821535707
0.45342506160536583
-2.5219548028422287
-2.1444726104663445
1.0933092549343602
-0.40804936189581037
-6.336800239102367
8.494243861789634
-0.46437992416670537
-1.1472431310519544
12.682527920063178
-0.0639130556782346
1.4040731168630796
-5.592008178624925
4.614360220073079
8.316157464707798
-1.0325676017478833
-1.0825494272625114
1.229527032018507
0.7540140509056534
1.3468896309929717
2.471712772561804
-1.4708035321230901
-0.7211120989001405
0.5979684801495314
3.3348840852186883
0.5398060092689457
1.5961766730215532
-3.8977167392486054
0.9413378948663581
-5.896088296922397
1.71019419641681
-4.024244235255718
8.09018078737931
-0.19961928635893117
1.825217072482479
-2.402075257765589
12.830298494227996
1.48338152121519
-3.653440836033035
2.31731648649187
8.898563236115438
2.0642674452405467
2.47955849484478
1.3925915839159597
9.675817153580784
0.13547084380142382
-3.5134660377538323
3.558482557786771
2.437189432736473
-2.451803063811485
-3.2004307030017163
0.6855228369333124
2.6889380380694607
-0.33680814949179794
3.7256750021356586
6.207963355366663
8.026095559731935
0.5778553700398789
-2.888538567426883
1.718687104546776
8.111608135073862
-2.3989884198011606
2.419719763978334
1.2008169212188349
-0.07213838542923383
-0.2744907303463654
3.0595249094027874
4.369602204869167
11.156181273694592
2.815200609962205
-2.9627374623583256
