1.5934107409990803
2.1019910557600134
3.4494861042589213
6.079710728124936
5.128276156486941
-1.4070971558478074
1.1050055525443951
1.7506650315911534
8.824168411494318
-1.0035701744333654
-1.303889219846514
0.740991680220743
-1.50209445362167
4.528056431984191
-6.208356827481758
-3.499076601171348
-1.342382723210211
0.3241733031009343
-1.5646643173132235
0.5666139499131931
4.597673271565383
0.7843021626948736
4.364069131891408
4.427130924227251
-2.5475431674710562
-3.717624311633479
2.6284033353966914
-3.294643021851609
3.656137908784327
8.898441058371498
0.41961527538723
-0.3635347364078427
0.8116248114888365
1.6796971028988525
-5.193993035993103
1.3650310344785803
-0.01149731377311989
1.6956617124343132
4.124678710095004
-1.0484571551607373
2.698710105246874
2.387897268459322
-7.910895008367779
-0.8006344201368276
3.6889018716398003
1.3087334539573836
-4.439384296894822
-1.7333695404471898
1.4358322880139647
0.17853816626635682
-0.7715918115776332
0.02260522371595947
0.09177600111411495
-1.3599950463977635
-0.1553757240562706
-7.6139144006873725
-3.693106521123989
-2.381961260204419
2.025618777937226
1.201913906046914
-1.8840895256675365
-3.90233225974886
-3.633874666218514
2.0134250734488153
-3.9557377105583567
-0.350476407488589
3.9454300610538002
-2.263469690572621
-3.3089517144090888
-0.259968760505759
-1.9087806151512814
-1.1141991303381342
-4.124334982719522
7.883564592950187
0.5928746537348474
6.120682885517798
2.8241309720808268
-1.351637736303875
5.119988776297018
-2.573540009165105
1.9132134685002224
3.331445192057444
6.92277951964895
-0.6139277453016974
7.542843072634564
0.8617457900053371
1.123237080336657
-2.302914441320227
1.2154420093371106
1.5848545736169504
7.453200491673564
-1.2469617528896686
4.89054612285075
-2.3722200024211997
0.4091969500823299
-0.77544412305986
3.114411067223524
7.034540380947867
1.7607774240226344
-5.804811185764764
