4.442640031743764
0.617157178512195
-0.48462810584860805
-2.490608539777294
1.2140424740282656
8.328764086888734
-1.5465529436274417
-4.619247533155606
-3.104440744859034
2.439653079537341
0.42465833101253386
12.346556648967441
0.5455898532044372
0.9750618281558705
2.3501199092574625
0.7506726293073606
4.078313970666949
1.6557296058144655
-1.1665212978904582
1.6266186404121812
-3.145077735525001
-1.3516667676459824
11.106907658454107
9.944039305512769
0.251546538166669
2.3132853303097236
-1.678099615886971
-1.1004829964371436
1.442502537215188
-0.936038663165528
8.685434529782135
1.5183801114080637
-4.210422759184651
-6.057309891633467
2.8858312158186403
-3.089797475703283
4.771752616595075
1.4447763201819814
1.5371399942048276
5.8877317865607735
-3.631178447756723
3.2274213127210207
-0.15417400261131442
1.5350823114097905
0.9457415537165024
-0.3567293373174754
4.507123101022481
-0.8899893458266734
0.42060773080918423
1.5502736635200716
-2.681708955539612
6.06836154364008
5.021859664653737
-0.12703582266514601
1.4150591943287165
8.120890781112422
-4.997470442618981
-7.189668743881173
-1.4199515798535596
1.592076464270368
-4.757723376355953
0.40286375873193725
-0.9143615936672594
2.1900890181663106
2.8501959706927242
-2.8079789544707596
-1.3874126755618783
-1.42036395382961
3.6843392656595473
2.9752469840317812
-3.895789947296521
-3.082719469274953
0.6700288090585358
4.558514427530009
-0.7851745627860759
4.608912421148828
-0.5118669618208209
0.003254832539210193
-0.44840591608602864
-1.419158410601495
2.884539953339401
-0.6308516615691323
6.469887092323816
0.13919440628128465
-1.055088912598122
-3.8374095216310655
-0.21093306592211108
4.573788035848922
2.507275943537733
1.9772935943670924
-4.007251357650638
0.865671441916368
14.023043338331508
-2.6815274040725376
3.085564088396858
-1.0195274354320065
-6.202610738433117
2.352887898793796
-4.7876701942285145
-0.6622963041990845
