-3.3551528525951175
-6.484580419781182
-0.7942469270352597
-0.7893624942819353
-4.973944436698144
12.552703609673014
0.0370929060009209
2.39480517807083
-0.6989814494335975
1.3133302780338605
8.408225908777407
-1.7303063304466542
-0.04154530501090027
-3.2576503363842177
4.32017505659439
2.9653366316192553
4.72476747050546
-0.20391873359098592
0.6246001991753438
-0.284612007561178
0.8572276855224612
2.8124930397467147
2.466629387740249
4.56254274448604
3.032489764120931
2.2862395569293
10.595855479208614
-1.3792456825212398
1.3637429837255535
-2.005254336449457
0.8923501830181051
5.091826946555306
1.5301083480391515
2.8248742453524467
4.74746852756081
3.4355592698075794
2.429806307581649
-0.22053563531024875
-0.45242755474397
0.06115912016488017
-1.5868434535134002
-0.5556839769334
6.292228660891656
2.6695302681080735
3.7166221225979044
8.398159798871092
1.3550021088087816
-2.1119850445148147
1.5867507538571621
-7.958905509170646
1.92248434026458
-0.48846389069688056
4.566943980788044
3.464544958340957
11.980702660245434
5.807543653444938
1.8885058538986867
2.5740026121371975
3.7765815664513847
-3.2060681212568864
4.7611389689352706
-2.4447879730707545
-2.0473025770635886
15.061220961455694
4.688550486560221
0.5746912552606221
1.3791612293907023
-3.7632037891804604
0.254377673276694
0.49338808171507953
-1.0035351419632357
-2.3779742112721904
3.328756345671631
-0.5838024628512368
-0.453304904683723
-0.6868943968718257
3.6187916157728015
-8.360674852713155
3.932819070798039
-1.647683944475228
1.0381817200412011
7.300328237804046
9.985133288210305
0.6376695138014027
4.085844805579063
-3.8722717223312206
2.51519524913314
-5.716459416298795
2.4989815464695857
0.013430273288132732
8.118132593033632
4.118459512431775
-1.0901267110189616
3.8223892248375164
2.9055646967720725
9.79244705177758
0.6662487540871794
7.204573922978056
2.582094977135935
2.598239188419482
