-1.7286880195944005
0.9626083953207955
-2.901735521080484
0.8679118267037463
-1.959321313340316
7.381580514777017
3.926254279835446
3.219568226297694
-0.15065949098087295
10.170832602048025
1.5671043231727153
1.5439212062875818
0.4971815998372211
-3.6081044471499357
-0.6809604779093252
3.370291207131104
-1.4724704893878704
13.582824159323728
-2.5623483475180597
-2.0856038346651875
6.365689466330751
10.839159613799827
-1.616868526522207
-2.784521523319076
2.3650293112474943
3.7224287187251024
1.4895002416486118
2.3592105935912526
5.088722051108574
7.233138640269756
0.7791896053883514
1.3024565519614641
-1.2447573847198643
-1.313827715889091
-3.045755945231307
2.8834030985976833
2.434689476265314
0.38960829750777015
-2.920317468196973
4.037870922474279
3.6080913266859564
-1.2103307364250837
9.495826298029646
15.083610353792746
1.0555597238269767
2.247008841510036
2.0276606557332126
2.0738220802954226
-0.0032695561850241994
0.22467878526985807
7.615377431300409
4.191578695363774
1.2551056735324697
-0.8439062999273153
0.26659093453303717
-2.248080383221092
-2.4228930197652305
-2.2630643208555457
1.8992066309266562
3.157043823272674
-2.3829640013559983
-0.4864168140973639
11.622770389845272
0.0030645529794195246
0.5222103819243744
4.554627849886127
3.886197516672315
-1.9363665465119528
0.46780816882712867
4.602970544938129
1.3615235623762294
-2.3976070689465576
-7.788559074750668
-4.433602460919814
1.5996576320864928
3.394275151876185
-0.31447504869606263
4.03607580467769
-3.163494058867194
4.565312357584208
0.5692673870203913
4.87015508726928
5.606645365870997
1.9321724390014658
-3.940333063781914
8.683638214261741
0.24479676360149755
7.060978354378427
-0.9649290564740128
4.600438879902199
1.9390920354713421
0.8606257727534938
-5.518363585114752
-1.816822743928808
-3.3771880518576873
5.006199794540089
-2.4231379324795626
8.55271387870819
2.225415280574266
-1.6722705320878166
