0.11017771847161055
-4.1229823692313055
4.079540506342189
-0.8761379134651288
3.435987591502488
5.185297118120766
-0.9352645030805133
-0.22502537044322546
13.594268618387767
0.483540780757854
-0.06794931505857096
1.9122675304576675
8.690812344358376
3.660017110353925
-4.877548639787942
-0.8690504627884583
-3.810317600668922
2.1731437896504673
3.1255665985455217
5.8472099228569085
-5.264050844372919
7.6274877663952445
1.2224107995780535
0.33805523124859826
4.122540964328735
-0.4144664751961555
9.1066933014366
-4.987276695248927
5.379010418848534
4.090958335734074
3.656189682796527
2.7486678504514304
4.64333610968496
3.588316111930495
-1.746434876003279
1.1741247039315574
-0.8916062943470557
-4.925874918683673
-1.5967715478035365
1.5237767816460925
-0.43178866437426244
4.270331825071649
-3.3362272275557405
5.216193643011405
0.1208209694168131
0.7506910811504941
-7.982855997544036
-0.2227297323735461
-0.8549244371391673
1.9522469223414736
0.7833129727151874
1.0759810596325092
4.2365364207280996
2.8785031801272116
0.5844618732394673
2.915993200511424
1.2538024283709217
2.8693507236086573
1.2839381744902463
3.8179509076096254
0.6895384634639422
-2.6730328748841568
-0.11561648421126579
0.9061902189533981
8.733557972712852
-0.011824696210683907
2.0937102830117382
1.0887783598042406
1.6507818950648585
7.195119245128276
-5.560562047126796
1.7201500331650934
0.5789489039358715
4.197343715308221
1.4828575765694492
2.4339266978518928
11.492529500685787
-4.347507521667402
-2.7901700476660847
1.4825763200578714
0.8023322258520964
-4.1673467537527475
3.93260705500395
3.558517627161324
1.4569713526393808
4.232020362552464
0.8319797403667093
-1.6168285532058635
10.032467898132941
-4.9514573098757335
0.11437158559712109
3.8314826912516633
4.041070363182476
3.874747750340972
5.324368789879789
1.470828293627398
-2.378237454894617
2.8958264892565833
-0.02149291961278942
-2.765722075898096
