-2.1122170617474034
0.48874146829676046
-4.862315960951806
9.75256615322282
-1.9594867830318188
1.9272370840720314
-0.49385634970861714
3.452470429814838
-2.139020895137426
-1.2925386915807917
-2.0511536192410067
6.659563216842084
-1.3035573514905314
2.834075762687129
-0.7713414447661402
9.710275218113962
1.1717758903504814
0.5277267205941434
-0.13886102194938327
-0.6340993003303865
4.596668024145586
-1.9032259742928064
9.967880269606876
1.8422643964214132
-1.9070935971303826
5.900022144130488
5.41140905946553
3.2704946862965913
0.2707181515823434
-0.9808961158398615
2.027585157828618
-0.3182052316063233
0.610667662214208
2.0306459980666762
-3.7788932180843355
2.396667241437348
-0.6463686021936939
1.6407913411164667
0.6587722488469833
0.8236321314612267
1.6044087353590122
-0.1751553497758876
8.40079849372324
-3.8102244998713397
0.208574578633605
2.343085769133378
2.0087066850209965
-1.9902749894734995
5.502882854603164
-3.870988215493731
-0.6264112350011819
-6.888217470356773
-2.4867554350882686
-0.9466980115714695
0.300279603541255
-0.6906980530708154
3.189528096627825
2.765565710254741
8.690567183836949
-0.2869376563361293
2.3555468538143334
-3.5799628794192166
1.0329937174384387
-5.671696015490054
1.9044780582838248
-1.53062886754403
4.210229250237904
0.1832102983674052
-1.8178173309512304
-1.4215285242709497
8.363722485764143
1.1381836314427856
3.8479738933843195
4.975072309482961
1.7655406812799288
-6.1989212391048305
-4.291732572063853
0.07090832656361218
-3.217812840287581
3.0693551049502212
9.367680202159804
-0.3242361544935566
0.8076446615976881
2.6277901079898207
4.0225063396591505
-2.6146074855797843
-1.6995345484979487
1.6257224243661272
3.548038330149313
0.30947106607741803
2.886855687256269
8.183716641426507
3.853355213533698
0.4324187510009554
-10.698969772115737
-3.2303526093131945
1.3579838730677183
-2.6861527929820292
-0.17783781205632332
4.556748954327163
