-2.3814279500883795
-2.380600863313536
6.795965596600089
1.3892072224060583
5.366627308014826
1.5119709466010383
-5.6726148952255535
8.89256743116032
-0.828890890998152
3.146085945074594
3.9391330735554395
-2.3321328841493187
-1.4761719446875936
2.613045079668243
4.723919904591486
-4.4334823097530816
0.5784857647428521
-0.19973542658834412
5.219271845231089
2.880554304400892
-1.043005222802978
4.573199099784023
-1.68583744932694
-2.915000925664845
4.418050551908038
-1.7188141577738487
4.325188910584463
-1.0249078558441107
3.0613711706731292
-2.465087641766345
2.721788069448653
-0.22934409975673015
-1.7199217983347275
-4.8074763570950525
8.759878638638385
2.7778990026953894
-2.0555544113795854
4.781287462960066
2.1777875963934954
-6.720539180471112
1.8832191877588196
1.7487103569091018
3.2610194360581315
5.713246612080338
7.034172809408708
-7.057779562412548
6.699108218026321
-5.477569807684267
1.0988038930879387
-2.382483504205145
1.1400768754534565
-2.131650314258026
-7.218141578848777
-1.1624499669561184
-0.12833467797144088
3.3228973054380475
0.04746910413655707
3.1531193687859247
-1.9416952398076743
4.726401051818161
3.8692662808270106
6.16392736448273
0.6689746253733303
-0.8695064928280414
0.6943928292184582
0.6822166105325764
2.1849762306557796
5.965649277944263
10.24916947369892
-2.1692227678782086
-2.2730424097755026
-1.5578661629306128
6.058171831453945
-0.36452966486894967
0.02394675989490678
-5.798203696878858
3.374810237157205
-2.091271709368061
0.9648708370970508
8.267821467285252
8.314076255371514
-1.1050466506057002
-4.333459455193918
-1.406045339573601
0.9464727538342823
-2.4943603496760365
1.3153529001067565
3.3447349406741753
1.3737517522967195
-0.13675769805951754
2.6425740363519608
0.3598227981138455
-1.1683902452717878
4.8865859430013625
-6.691103449010286
-0.9457998170669795
-2.4888711727526744
0.42369339458896516
7.878212466902323
-1.267068421609372
