-4.450544549202529
1.9198914968117697
5.086177257644476
0.1364758425187263
4.753696165708474
-4.1517335509545115
-3.5569551901729666
4.939190797611075
6.041535804962227
8.333786336225964
1.3977086930643106
-1.5875664973310366
2.635849741409669
-4.482105067939355
3.631013393236941
0.7070377908082037
8.775690228755755
1.2674478499852009
2.927106488808879
8.051257866675437
2.84335197164174
-1.9133649063244196
11.98440215564865
-2.299760200342444
-3.338218501224932
-0.9267334354581696
-1.1539692412332931
3.9789109902484694
-2.822609984602077
5.957938378178508
4.093408006840026
4.1578535314210505
-0.40474338631069684
0.8746875045660865
3.677106392656265
-4.521262511974619
4.495643012313514
7.057993481016723
1.2544244504287683
-0.9961551911020681
1.163397489765662
-0.5018812210348685
-1.4046267760640054
2.54860528811233
4.8653380375835695
-0.8090771762781453
1.9940278593636416
4.169115501449203
5.17021756798494
8.438374034067301
-0.11361024341201365
-2.9743190519555798
-0.46074860778094884
3.152456128571362
9.507136124687303
-1.6168236337315567
4.631232667473765
-2.3837110216924464
1.6946416203528727
4.795001460378181
3.5189226591133007
3.770692332939297
1.551622888506108
-2.3522445563340977
-0.8743468037815694
-0.8124901952767813
-0.09364761104517275
3.6013172952666452
-2.0120537406258774
-0.7186767760230833
1.6432137418485309
6.062393234620414
-2.1707051874224876
-6.700413666184186
2.785960822860727
4.780782044407849
2.8420855260046145
1.530715245194973
4.704833961380535
7.183063036607086
1.982037673709345
1.7472496692242763
3.3292406884773946
-0.9678694458547379
3.4524926715535873
5.770561630539848
-1.867243665958416
-0.7924068985374326
0.5436106188299632
-2.218432018935963
-1.129538111549901
4.2847433341355785
-3.715507732517649
-0.5171074080088662
3.150191279631375
-1.5367764042207277
-1.6556595026881138
1.1342342387751876
-0.5949578268139394
-0.15787552318138262
