4.367789917903051
-5.205007062793605
-2.2639384659212767
6.71783203724103
-0.6168131728584443
2.0762466681960645
4.463053728741759
1.040879868688353
-2.375954333407571
2.376550190817608
4.360936068032102
2.314590601760931
-2.4234383683496183
5.852542948782812
0.15534961301456618
0.4823965127466372
3.848090094613752
3.057513565379594
4.804030510865115
-0.6139152475237744
1.0738800836456976
1.8912583072498546
-2.3565119421498912
1.1330335564736786
-1.020444931237759
1.0528355355626207
7.160322480528766
-3.703708883276375
0.21981968083311856
-1.8471843510385635
3.6750414228466624
-2.378821188176192
-0.46490148057170283
-1.2641149398433313
-2.7115845777787055
-1.5108913609776162
-2.3408704792267785
4.444242846406979
1.9833881915514615
2.987729964365957
7.968151570369804
4.690954169220456
1.3209119490005872
4.796677437811978
-0.9055125271246808
1.1332996609521826
-5.634848306448851
1.5337065085708672
-3.0186079445080116
-0.48614431760245636
1.245200847312713
-2.1947628087313444
-4.027013490679139
-1.5470836899447047
7.216600972277195
-1.082719567656345
-0.6028084892581954
9.423335287706085
7.513670305700655
0.49070147917521406
0.37837063841358065
7.539327938575354
4.993012155728602
1.747592615908537
5.703605883144933
-2.917474606803605
-0.7125925226497003
0.7676311905961203
2.367894144754115
7.305547218306829
13.731686623915655
-1.6073891540362446
0.8985321887856754
6.2359762006114146
1.3895893191312387
2.092082691377687
0.988983486123995
2.7414098227436705
2.077439836869279
-2.4676685233162567
0.04054752944061069
0.08716979925027414
-4.575674427868272
-0.6880215833353702
2.351917925996938
-0.575232147701684
-1.2080860542644918
7.188705000842386
-4.4228708879331435
9.804534399079659
-0.3707324852311191
1.2000369928495611
1.6376490346247141
0.5345048650151527
2.587698356856106
0.8447508562738948
-3.570939856389344
-3.4477532048676376
1.3957209845355738
-4.833019069080983
