-4.021169486489045
3.4194761725673937
-1.0267601178357404
4.165176285754943
1.4759428870464844
1.9682651800163806
6.74945426232874
-0.09240854062372575
-2.8662058517919236
4.450416617031408
0.4039857855070583
-1.2730712569585438
-2.6703356631160897
-0.6392836482678419
-0.9577343960256937
9.858102686784404
1.6429400310521647
-4.074091280934526
5.317957191413236
-3.2460875278875836
3.1186439504628227
-6.364483053308718
9.329281646718233
1.2454210876191603
0.6199245985013995
-2.4005222346229687
-4.570191473273757
2.902636754261894
-0.9979240380807775
2.7110481374632345
1.6111785638217013
1.7429264140953256
1.0569526827401485
1.142603641230847
9.82490856060209
9.140098765712457
-1.9009691273322322
0.5675996782955114
-2.1139575115591525
2.776115589691453
2.049877399729679
10.191757382800951
-0.21219711344749367
2.571181282705102
-4.248725824194397
4.160112047964843
2.5193234334306505
-0.7080549969180261
8.689091763811184
6.731201258326072
0.9536633695341274
5.139009505943807
-3.538515595639689
2.0932025643549386
0.7657935136648462
2.051364867497224
-4.003849962634337
-2.523967902367173
2.1824636640247927
1.4565482212125282
-1.5011031303577274
5.921513001881682
0.21005964854734077
0.5023879420421369
-3.762388494384657
2.5018574665207836
7.7421962277083525
-3.6963274325118847
1.1413160289289017
-3.725165558404072
-4.142125499674307
14.30897169695836
-1.4831877943576666
3.013958408753034
-3.007093064568876
3.2709287986359685
6.205818078498206
-0.4694676045785074
2.0645576914516117
-0.4979987433763998
4.815019015708185
7.566604980813741
-0.9602629671857974
-0.03073001637545225
1.4963274421207018
-4.9443156962998085
-0.5626152201111989
2.710295095690955
-4.354022702235572
3.2606639485050817
0.07141199203761239
3.2411786979616655
8.62400266135542
-0.26919759026775736
-0.04488448738961406
-1.5171815185527175
12.016320989348568
3.7703233925453583
3.4708721522148087
0.009734833822323792
