-4.475793475940909
11.148074198303306
5.0123731899766915
1.335640985005929
-1.8639326365947415
-1.7480243345157664
3.292927630385913
2.187422195557514
8.016447960266731
-1.643076534947661
-0.5831269413819219
2.1196822539588887
-1.7235639256874817
-2.0447579156023243
3.6257414475964147
4.5251578742940115
-4.707817911917633
7.013869924792221
0.34304694240796785
2.2963901550786847
-1.3082924176560589
2.5796797212223255
4.051941410285393
-0.40589976074962564
2.7095798718052335
-1.3402938545942633
0.11681415155089292
-2.9397228591155837
-2.336127830645548
-0.4951355958712895
-0.2478675044462184
-3.529544862748672
2.4942053679470173
0.6640191653928857
6.0996733393946485
-2.9369279074441157
8.429886231800216
0.8030883421932575
-0.0959261915248647
8.1513232386351
13.280254275565921
-0.7005157973353733
3.953325092087746
1.1416196967454761
12.599541993680806
-3.353802807014561
-0.6314769458522296
0.5745574795924666
1.4109913700168168
8.198584289438939
3.79227396534352
-2.9921158179186707
-2.380353860562981
-4.639720141946636
10.947924784971084
-2.7173350661005813
1.1877560146138548
6.394342819316356
-3.8910968078825108
-1.8449224731510707
-0.02125462386436636
1.1923652242608724
-0.5843312945698841
0.9905146831756177
5.296985270710767
8.672271542273917
-4.269413782789379
2.4231153996771617
-1.805845638486352
1.4657123105590988
2.0656302010049186
3.756518074738062
3.813660890313052
1.6350187544701504
4.270067972438544
-0.7349627635468722
-2.444494327340018
4.231775302285091
5.442231071938561
6.96958020363049
1.4413372901343773
3.7938131453042985
-3.9728282709311022
0.8597445081169443
-0.05150721754729101
0.4928789784492338
-0.8327511916469625
-1.2038450518985675
2.8886226030519166
2.188052135196184
-0.3636732213381638
1.755970838705486
-0.2658021690418037
-0.809511545242596
0.64406812059548
1.7066391732450272
-5.164343522685829
5.137564709572173
-7.929137343748822
-2.903927834404147
