7.34218966105044
3.488928395134861
0.9916739302954203
1.2638910193282502
1.8251851303216524
2.325832174841408
0.18779606624259723
1.733797215594329
-4.101157603874464
2.0886855285122072
-1.6019401501707782
-0.30840627086790834
8.875134939731332
-0.8270694581209386
1.3859116902262674
6.701362795172335
3.709893290064506
2.4360610250094132
-0.5805164761788275
-1.6706953540142453
9.863342375405713
-0.8589146059264233
2.1849704098985665
-3.0464534034758035
4.672585058355907
5.748374699213262
7.17723133788744
-3.984053999439266
9.765526953241869
-5.0383367743580365
7.798143199626768
-0.7728870831330099
4.861858173948719
-0.2833479398507012
5.303801616153349
4.005341796085074
2.1003609679210076
2.878465019832601
1.2423659836930083
-4.184318369261167
-3.223434133851609
-0.400674254800539
1.780540989575552
1.7084333219519112
1.9084682903904489
1.5110110711792488
2.6172204252673965
5.180853661700241
-0.5766205019937671
-0.7415425853991835
-4.683059313295192
1.2074604923311223
6.300857940770696
0.8802284106666806
-0.4605782920490883
-1.634071801496088
-3.2480314960782675
4.977950297607557
6.167462009331805
-0.537955210882039
5.07064666678449
8.113012818088517
-0.8251859916715858
1.2269840934993959
-2.6589009943116104
-0.9505393187089946
-1.6656482737321516
1.042221203540036
2.4490652132967705
1.1531415649438552
5.266502754778924
-2.0101863946008254
-2.1973082020331907
3.901116948748899
1.214357495939551
0.2918343554047803
1.4654414459634335
0.7913707068926493
2.495598652311251
-5.073095770097277
2.5951095928916916
-0.9245576318670985
8.58769086307231
-4.305649536833791
2.842019417200885
2.7165379958852913
-1.3848826537343697
2.465153889260453
5.024884514360562
0.7401882297340695
-1.9628043793315118
-4.017866507113883
4.621860320039231
-0.743148742397584
-3.5643247718867843
10.384071097842467
6.665535279027131
2.9072016509235024
-5.313726202840263
-1.877413535531487
