-0.31671955530683027
0.3066781670540877
-1.05673021448283
2.8063474861085185
4.066330865088808
2.5007919778237113
0.44415824324427305
3.8302253883004003
3.7931062361238608
-4.15466410971963
4.375940078117858
0.4898008150655249
-5.385311953070856
5.668275026597961
-0.9619984595411011
1.2230627510751795
-0.9038042990848002
-0.07818968249047281
1.9677641798446392
-2.595785641215577
-0.9170607637313984
-2.4515283269661756
6.009499577238172
0.611963967050758
2.1654577023614463
1.6983058734605314
-0.57735796790115
-5.098145375910469
11.056338823227726
1.2859408335834188
0.9175483681778861
3.5799402156321554
-0.6396278428308916
0.13727238874645434
8.513297328817243
4.076918325204298
1.7305548030029891
-1.2714044547526688
1.6711462694166834
-1.3120911671562658
1.806949460273584
2.2190491488868846
-5.795802123579522
6.602467284857526
-1.7618484480153227
-2.2920328303986715
-0.5322981186467121
-2.0560704038901676
-7.689981638189925
8.879454931273008
3.911457318693475
-0.6947027988760588
-0.2902673149911142
-2.2327335748418666
9.889639601770787
-1.944893080697784
1.2821881055769297
-2.3933619890648017
3.0230443161110845
-2.2436975120595557
0.008531614669437644
-7.901315606259486
0.17682893810476327
4.442480116618153
8.542020673302229
7.425998107737744
-3.9806794906324434
1.8449537714747417
3.43786328725558
2.4580831790256927
1.8677045383965174
-0.3342431130700249
4.437202034554143
-2.2719212829265754
2.489349594917996
-1.2667857133598037
-0.7571105719574716
4.0680925477509895
-0.94049930174614
-0.9592805161578364
12.188692156547777
2.257537601979336
-4.014852058466342
2.987792751632482
-2.0871809915716306
2.643065752720076
3.121084569182832
-3.335457700909877
2.5643493416242347
-3.390990396119311
5.757969605058179
-2.723940090698811
5.521398471588272
2.035911278678301
6.2680283029150505
-3.978368322461411
9.76943173017649
-0.7687745694302317
1.1845002761390608
0.7118723924768133
