2.713049024744045
-1.7698594177095988
1.8011295344039455
10.486791745799547
-1.1276727950404244
-1.9969868720289383
0.1376349101301181
1.0218342663526538
1.9523712302000442
3.1142037690443782
-2.852746571553004
3.4275269684625926
1.7229998075590967
4.4386560884103545
-1.4000629286551747
0.22331236449161962
8.805329843364895
0.9897912279422156
-2.3153810454589583
0.5959906519092911
3.2353414984271023
3.2016973006309
1.9664791553480347
-1.5967444667086168
1.0570605236920323
1.8631175770833788
4.118054106103578
-3.0944608423622197
-3.707087253705051
1.3169617390701351
5.15870507112694
-4.472963877688976
-3.1896275961576297
3.585002334802624
2.5653518205373
-1.057376730517804
3.2949349497507017
0.37611563040355217
3.0246648906067346
-3.547589432161281
1.6956731191828451
-1.663879625309863
-3.358350562812851
8.276154488493072
-1.9596695392940786
-0.28762530051443935
6.5116463413302
-0.5772139812311056
0.4081776060956701
1.1218776593496604
-2.067710941794693
-1.5725268570861897
-9.148075971880374
3.3549882122312424
-4.735468645558242
0.06560078736698594
-0.23650117417599215
3.59735211798334
4.448853029226696
2.6444836481448766
0.39796360250042273
-1.538802308188646
0.511627906557131
2.1681667631042174
-3.118080660402458
4.376117396460369
-2.0561083543465264
-0.3588378942306923
1.4944521023299882
6.695696018031184
3.3011922878889837
-2.0686048429668635
-0.9967887606171022
-2.63591775842776
-4.100592458387564
3.42622923332919
10.810059344141374
7.301310300459724
4.62236410665413
-0.17441896433406073
0.30812270464933983
0.462289136393683
-0.9589588264848417
-2.6522491388491005
-1.269364879733105
3.639093344267086
1.1583535397745188
3.5340772178540227
2.9935555717767874
3.2043477775051628
4.713573995391357
2.552046372696039
1.9779060499716357
4.670152773499918
10.794305362377912
1.6678282922322372
3.5151371790516173
0.6478527780973661
-1.3463241691026337
7.339894178729687
