1.2419112106235177
-3.30394193797021
-0.7148779845113885
12.092034873081094
3.7885306323972245
1.760614710124441
4.052083368712713
-4.657548817848794
-1.2935032783745612
-1.253500476707425
-1.729340829484443
1.915293914596241
2.0472836666213765
-6.2355293906769695
-1.4843949524034556
0.341322462588149
1.5153972915317553
4.225553832296474
-0.9286300160176555
-0.8771814798282968
5.690599317366777
8.715430042737685
2.2257794240105273
-0.14613655471188833
-0.11812425331191292
-0.8303175746661076
0.3275930801089007
2.114316926908766
3.7340175632912107
0.6889054132456397
8.13021075876303
0.6375757116059901
3.085665342913452
-0.7559949004849188
8.806626534800138
-0.7484526922790666
0.552860424819921
-0.47882706582558665
4.896761986383941
1.8363719789584008
6.823068807920926
-1.1695091685589465
3.9309860618220434
3.573825191621536
-0.9427428831882505
6.878726979704962
1.4720464126312778
-3.1826726851519407
-2.4675869266132073
-4.169221409309556
-4.398977652300662
1.989566526070718
-0.9811519408823723
2.4745147911615293
-4.584535845541584
-0.34071575483027594
2.3048864219786345
0.9641104166058305
-2.718625118273384
1.7941334978177128
2.844447529537061
-6.881479986838502
3.399613962962519
0.819958495227328
-0.8874963931656266
-0.6318824123085816
-0.9150120749981742
-2.2185247839506013
-5.3704464218267045
-0.7860697378095438
2.4761731825904945
-2.325629532734439
5.900977862613283
6.6789134556698135
5.428276480249294
-2.4564804191722636
-2.4251688039673387
-0.0728333624687893
5.596862144534068
2.0721763408252696
-0.054992974889738866
0.718244262965425
0.9733753957980406
4.273681100949078
0.5710260443027044
14.275520418357969
1.5919904704785388
12.237996038820278
1.302033600160263
-2.9753226514279154
5.070480529994892
6.0026541447060415
-2.4262016553618047
5.691341752135428
-2.4933755428693587
0.6235423714152238
4.163364855031984
3.8527343532695593
-1.3535013510583414
-1.2522859795137204
