0.2900394640539905
-3.1607739427445933
6.684527118785359
0.9428185537872936
-3.6442504956430257
-1.825349859039235
3.2913546439329684
5.530633726282703
0.2852838113255049
0.5309417583698837
2.194784453004339
6.097778766142897
2.0032667538445503
0.35651313787417643
-0.6713440237443106
6.012429577993093
2.3011579890191585
-2.767431803533587
0.1397017461971135
9.173113876763104
-6.289568507570838
-0.42931511662756516
-5.07979688444526
3.7020387964023898
0.8346328197824544
1.0846192248566286
0.05773056121843467
2.0907859705234313
0.49381702573393516
7.138400190141566
10.240249296153664
7.0931096485445435
-0.14706878452967728
2.627704573611462
4.107713952919967
-4.757389082798679
1.0509562480624668
-7.004655664683015
8.74417226007175
-6.126844291592075
2.8306365919183163
-1.4655673866811147
-5.251447895249994
-0.06262802916189883
2.922808311402502
2.0385148142797536
-4.1334756727409445
2.083269604166154
-4.332502279541421
-1.8105511247497539
5.5704148082882625
-0.4849255882288505
2.94736309181139
-4.15898538877302
-1.117345283297326
10.493862599415598
-0.20456845692335338
-0.5721138257962997
-0.07217392028323383
0.593894144922656
-2.0641052758635627
-2.5094425755649428
2.9477494207488926
-0.8174795070335861
-0.5739409216336372
-1.4040280895090251
4.3432474535217
-3.6606239863351258
1.1117043928774781
2.163222577578043
5.800165516747258
3.2853145774259973
7.118160385736758
0.5215886946806549
1.6031220127798784
3.4863345370033976
-0.4513087864162849
7.103724976861699
-0.7627078865924979
-0.6888226519938911
-0.7094622648421074
1.3901789185332336
-3.4830610301613163
-2.7346569310259943
-2.665850512453829
1.4320242196121047
1.8610862429506119
3.063554619956274
-4.614071991718738
2.38573907184933
5.218416817112705
-2.7232880744545045
0.1983029844341283
0.7938568786496769
-5.668978679634979
-1.3320137438642075
-4.034974658280424
-1.5818124696896099
-0.786070203050452
-2.985027911159589
