-1.671892037417655
1.9230589078001552
-2.7155582051396414
-0.8311050439590671
-0.299782784467439
1.9735385223626927
3.487859524324196
-1.1687554405900489
5.3920040042266875
10.259479047527215
-3.7645977337487277
-1.5066710439938626
-0.05416826423035469
-1.4030854381390239
-1.7553615416610286
-1.5477702265210782
-1.4959151058204752
-4.147088693562914
1.3043323761182655
-3.2891727591494315
-0.7084402893990315
8.326353025313159
5.178372446111794
4.4571484284956835
4.081443656155219
2.3501709530375834
-1.4578329277946562
1.8679968183374003
-7.427501677560452
1.884398153735218
-4.771857684637114
-0.016905687688917315
-0.7302917834899232
3.6706121483273724
1.5132953310457153
-2.06567274340289
0.02794580947331149
1.4301969897112219
-1.1766078237372064
4.350895119544382
-1.2164313198721666
-3.311495952477377
0.6517994456666647
-3.5051008340275915
-2.4927621264419724
4.238510571820581
0.6552749708909524
-1.315413194885103
0.5364884461311543
0.46104372938845434
-0.8887726036446182
7.3598754593200395
4.064100706083437
-6.882827655167496
-2.255051934116831
-0.5737078144640247
0.9270513366767161
-3.761569877169914
6.0922385935142245
1.9546520728359416
-1.0563711767149986
-5.136172065606688
0.14521003686543152
1.2938266123407627
-0.45120612140329835
2.6497728133934864
-3.5840577907321443
5.276021291021887
1.7358082765053213
4.288890288777788
-3.542956897998293
4.614094065341611
-4.578070517082171
-1.7432450235494388
-0.8451624163597842
-5.13832905775112
-0.004349222782932291
-0.9648545540595348
-3.032273894067011
1.332874896215046
4.46142782458343
-0.5512044129376126
1.8859673564638721
2.147977554484764
0.7296436116609424
2.653765868210002
-3.190831211522415
-4.444582907113177
0.1781461662950327
-2.6329675103787142
0.15183800050781132
3.0185475525006105
-1.0383888399682784
3.548325024469495
6.759230063545918
-0.7156908276878527
2.2770758322813016
4.2231887481026416
2.9434362683269906
-0.8905927016052568
