-3.078531139448782
-1.0365503313022135
1.1254069506605902
8.868638677549232
4.537528998923363
2.3328720145515254
-1.6651889015233925
-2.372767854855425
-1.947362828700602
0.42563444896715164
7.398622181813835
6.087311713682628
1.8021176626802242
5.254127366671515
6.870644197783948
-1.3795485368194593
3.4171042279373003
4.988814284672414
-0.4764676840213656
1.8328614878527878
0.14706416754559207
-9.070494809064103
11.164016998030469
2.2916858223313095
2.5450803474691357
0.20142457345753684
1.9814336858793795
0.5123397708699605
-1.0933093657067767
-5.530587848622637
-4.886995568361191
5.0381305528245
2.073476405955611
-0.2214475660544932
2.0219190854565365
9.130425529137025
7.048883822841344
0.8212129210958824
3.405439252758118
-2.16437474345525
3.845776271868636
0.07042525476381073
6.49206265462211
0.8107517964181548
1.1132783927329513
-5.5409507027672005
-4.056385549842906
6.454474883164682
-5.409516243693291
2.853873161753626
1.6510983520942142
-3.296626542654675
1.7701002135497177
7.31069975800916
-0.34208836768466044
-3.8367310455205104
4.2894556252465055
16.24184749833192
3.7701361273625307
6.186415391069911
-0.3870064974074665
0.2577935791241931
-0.25895255134896034
5.410075145880213
7.740328541143989
-1.9936662523196074
-3.9164644843495378
-2.0844574626655206
0.05087458143280833
-5.882322563474269
0.38998346968765285
-5.526976280422757
0.6047373806050232
0.9148790603393793
-0.1516176171297433
0.3551668429576804
0.545911122073421
0.4258515156757896
-0.19138526555115737
3.636316858113158
3.4645027587209842
7.241920182689106
-1.7679380360700963
2.057457053678605
4.325492547658136
-3.215751677349169
-1.4909588729912049
-2.658733256195846
-2.9332661525932924
0.35918995820599636
0.33129050637453894
-4.216205762716766
2.0528693485503315
-1.3727452102485627
-5.3942040206806885
2.5227410813935407
1.277205178954063
-1.8415742090807679
0.6621398941340502
-1.5465108743271003
