1.3665718272203256
-1.7311863397434384
-5.959131325522771
0.5616589854498804
-1.1689480648131398
-2.227052369199571
-0.5369173895538868
0.500348240335735
0.45166117045014365
-1.8151226531103302
4.623714458941044
1.5257018992209401
1.8117732244060472
-0.7334131502866759
-0.4764907233932897
0.9714173924144739
0.9141770593970533
0.11853383280958629
7.878226544555629
-5.986746264559526
-0.1563124921534246
-0.22787339052963662
3.249345031869983
-3.2484391686651133
-3.9478263205982325
-1.9568992955507563
0.43611892248360173
0.16301072870825875
12.299193718757625
2.124107318549631
1.3200475049285085
-0.1269249496912357
8.836179020422087
-4.47110345700537
0.3821566831125839
0.5789935436594749
11.327353611020595
5.940191945227143
-2.744795656425946
-6.673535663934198
-4.468540284184038
-4.506279184609506
2.480760439916204
4.6271423625681285
2.2537940054242864
1.2118734756283542
-0.5493385832571165
0.40168113054752336
9.518427471804909
2.955162472981474
0.22747670173164236
-1.024999074456643
-1.4350920531483011
5.00963143220111
-1.803427954756767
-2.969361824499043
1.0495871767382923
-3.655967966866034
6.974279872021469
-1.0633952319574613
-4.3543216935900855
-1.1788820084443035
-4.595150213147381
2.63723882888943
-2.8176758359695393
4.656112339030942
-0.8633117355664925
-0.7436766389131781
4.17163562889104
5.024346066250866
6.225628556984994
-0.4496838253600668
-2.246939112295843
7.6146351799048455
-1.786421058579192
-0.5290770612400988
-0.6525422765165779
2.0317046493665627
5.2237985020242075
-1.7214584968866533
0.1422311955177993
3.930276505438628
1.8653919703425377
1.168184885979577
6.096504210877674
0.6800861745151455
-4.842767069149436
-2.5805475560232485
2.944058694200209
-6.636617167503755
-2.8053125482376164
-1.9336825671129076
-4.49296303097703
-7.252842792844877
3.5763566008099708
-1.921406040785606
10.035050193227574
3.1103168818929494
2.813648004744368
9.528363142288896
