-1.198630804945836
0.30351578440766525
4.673379859152472
2.148406025505854
-2.266552280672986
4.054258249529258
-0.8922562932895381
-2.406316949077667
2.6360127832736353
0.7653255298378783
1.3445333484791477
-1.1023208630845702
-3.3896595993047853
2.933099810511721
-1.0973867807240556
-4.40816019110868
-1.18535177791169
-1.4153740575460465
-0.9782600678038045
-0.24653841426252748
2.228724790298674
9.848477497216871
2.916407989516661
9.018757650829171
-0.9745501915199124
5.046862245350599
11.139260155507426
2.0223356410462543
13.327854320232769
-0.11160934204591824
7.208901242390195
4.569428206211935
2.377389177299638
-0.5042500728804996
1.2173253840212266
2.488578922600737
-1.5645414974804401
-0.13172895260855216
1.355389097125616
-1.6921749752525659
0.9643572835826317
-2.110791408328875
1.3471024029135865
1.8294021756315377
-2.8890410594456766
-1.3603110695120022
1.3769824252329166
-1.8798117034466442
2.6968216061927768
-1.06531584871311
-0.8760071958686875
-0.7639641093050181
-1.58053274010335
-8.350323976667042
0.4655645064232461
-3.5556781644892297
1.049656017176464
1.3501780113514186
-4.191330434831903
4.293561768218351
-2.8718847512161574
1.894627323663407
2.218176201423936
-1.1332123046521618
-2.3793841454686797
-5.399441169325703
-4.079931681521049
3.310753631224647
0.29457409476940316
7.068250846583391
0.10698429338337209
2.2496980103113846
2.4585219756197434
0.350852077910338
0.5847219972991882
1.6844077706249279
-1.2254094703583633
2.855848102430909
1.1281065506090466
1.1455954039038239
-1.1413204369315777
-0.013693289109558856
4.003668937357034
4.368373936540452
0.16902645053347692
3.944464592220608
-1.341401817369566
1.0150314472044875
-0.6230025871120981
4.528379221427123
2.8671429708657112
-1.3608542715858536
4.75957114528826
0.7747583458254725
4.578286721146172
1.165926721109198
1.8048377373472981
-2.9157839973378326
3.491803200709275
3.1512204671174793
