-4.837510967680128
2.154658848171778
10.289392538001033
3.4967738791219265
-0.7783577033826308
9.941707656237103
-2.553381922336804
1.3512067839888056
-5.450052811332016
8.980493537136729
2.498286136533657
-0.7908635789051071
-0.4282607982866796
1.0186977387299754
0.4796844817899899
1.1504009413131766
-0.12435948427132497
-2.580264949251865
-1.0386395833809274
2.0003653865572897
2.4613877867529013
-1.1990313735222242
1.6364068156675229
3.3540488719378905
-5.654363785986141
0.5403963190454848
-0.6272994365242078
-7.30164787574946
11.706312122420623
7.314967109703451
4.7593132619565734
5.730093396681026
-0.3683656281174905
-0.010344295514850253
-1.8426625160668384
0.2956176206202427
-2.9441365356368725
3.516012869207383
-2.5729327663983588
6.448545659078102
-1.6835060526411447
-3.830515531217988
-5.138247123334441
6.352396290029158
-0.2706012402325128
4.7625828593357555
1.40749592699493
4.605385741601369
0.9835375386015646
0.5289096844589365
6.36694317763517
-5.77573462628318
0.891780572201986
3.7760101144097042
-4.339374958415321
2.016843878717231
-0.42447770727896816
-3.9685678889037934
5.754788487247847
7.978816793498328
-0.2883614293747167
4.0470305983387584
-0.7863363794262692
2.8444930534400052
-1.6591988413393257
0.7329829599818761
2.327378079048395
4.996277681689898
-0.16289182416691775
-0.5038918856298578
1.4413474037326153
-5.061860237459987
-3.3290903959994522
-1.6989139947923841
-3.363772811748091
3.1317937219037892
2.963653069855301
8.316841544614562
-0.8580390997159395
10.165683993414188
1.2576964223135625
-2.564423172352875
-2.8151283755537735
-1.155882769484761
1.0445402000118083
-4.866461155622602
-0.11258528940228042
-1.3374217920186
4.247307909474703
1.1457366483162008
13.406393195659074
0.6162468643065164
3.2759378551132956
3.5914675193507684
0.49161716273346656
1.742945414888956
-2.3391485128325096
-4.3176134300077535
-0.12576145627131846
3.3104401420341065
