-5.067482836613433
-4.209640676172247
1.558219844580932
-0.43647062612221293
0.978869834431604
8.405797401821145
-1.3874669425932629
0.617325324380704
-5.586180958374754
9.376713223363145
1.9271899449668928
1.4114842139859274
-2.1825365672348784
6.570077490091499
6.692969212556575
5.015658362216464
2.624793941850247
-1.8798622583670952
4.842984141938647
-2.423394051315805
-1.1742521036520512
-2.0022463843753133
2.0629398252134488
4.855347288592192
-1.186034286234473
-2.114163832388823
2.9688177169529713
1.0856422328110609
0.9425451074849533
2.586323238108627
0.07702358637437193
4.811342930765744
5.427810659358624
4.977334682465363
5.084432303894569
-0.4114798694008922
-0.2855783604900725
1.5493102137201222
-0.8682193527328537
-0.563877226674905
2.8017504587449373
9.652459861057503
-0.25245476406271056
-1.7483820333337823
-1.5095670508075103
-2.129555411767781
-4.69760833361409
6.446026821428118
-2.8480968746875064
-1.8936714430758887
1.5021881378312232
3.579944897308077
3.7005587831656053
4.574043402785063
2.077595729399308
0.02035554854163888
-2.757713725749648
-0.9503219927027211
-5.080368395128622
3.1338315958107525
-7.436635720217419
0.38447193233110966
-1.101268809290146
4.04065651438667
-0.9405798120931474
-1.2572006417681347
3.5558854392301815
3.929815731201052
7.66262839688979
-5.9370233834582224
0.8280758984946059
-2.053081552430263
3.6148810219016068
-0.5760533267761341
0.7659717307694522
-3.87273549558756
5.3419678856151
0.9309656188617543
-2.260519601001701
2.8539884260978554
-2.4670211984930672
2.8238553922734493
-1.7513108783344356
0.19817863070617162
2.384782831955708
8.983406666430977
0.27431820541979596
4.430855573122488
2.216931562748251
2.341469135248022
2.1804067345768847
0.6238101067533788
1.8311406222902604
-5.104626653672639
1.6889050414256175
5.738434232278964
2.8208096474674482
3.234369465238399
5.127632293083041
17.20126658179521
