-1.9637193210427757
1.0543123758479807
-3.3146311830715955
3.3461861815989575
0.7656067648631442
-5.583852804387234
2.0594310360041566
2.9664340876885538
7.621589621084198
-2.249300886349724
2.965321586056982
0.018757586290079422
-3.499359317565335
-0.42731836520919597
-0.14941616288162696
0.08239084046564314
-3.558647781323263
-1.11690856706013
0.5528696825637546
2.6875306853846204
2.115582219356137
9.409146160812602
1.0746896139694884
2.903477045181729
3.951936374134869
-1.5251665636136345
0.9814953368381474
-1.3789721544934732
2.8847660852851043
0.7110755898879664
3.972840746724164
-2.9423223838403407
5.6490802323578055
-0.9147238769576658
2.010636135257295
1.2289698752492177
-3.3470156972792218
-2.2179574727184237
1.1443387094031645
-0.9127646302871748
1.6193934367088758
4.6047980400135025
-2.0764432502657377
1.7855530692260975
-1.6462942247511854
5.849595023106728
-0.09742049478376794
3.2182079692251317
15.568922953576232
5.139688588258451
-0.6091903629910412
-2.2769675841310852
2.05085322297354
-5.756790738707538
-5.634367230663792
0.0986173063484619
-0.22775995594220563
1.6276588216858343
8.633404772746852
-0.7623203997237076
-3.1677973788783955
0.30631066869046375
7.311841368792498
6.393111443548861
-0.8430015772054988
-3.8648616095326855
3.128858044484609
-0.7284091026878375
5.168743261012166
0.12245702532468897
3.545181500373694
-1.431270030234706
2.7336370047043497
-1.6501181115660772
0.10899249859179135
0.7947130909181036
-2.84208753752638
-0.292759532123115
-3.8587168872869224
12.64018041492011
4.153666052135662
5.851324342816209
-1.567288951979883
1.628964660937866
0.4378964775663574
0.5824040275479757
-0.2214432093302022
4.649287290448236
-6.164330172720208
8.713624200015472
-1.8228472499975767
-5.519864946305124
-1.5794701213727813
7.320592151162664
-6.206347265761052
1.1052708178067077
-0.4116383080778814
-0.5768896494686822
3.458828506344024
1.0369686322705096
