0.35357195974050326
-0.1222992423750726
-5.637410490184644
-0.7889241866137577
8.360189768339668
0.22026376928818775
10.162348035214134
-0.1526924693305665
-3.1661718255077904
1.1825497463995172
-3.990320875525573
-3.425890859627427
-1.182559473651264
5.34058651539182
-0.5020839467174907
-1.3418449521733182
-5.726710704571852
-5.2908771209866865
-1.6339675356753376
10.071108464969075
2.0627535695119223
2.9521536408369804
-0.7745804976458279
-7.200328308523989
4.430089491360125
0.35252834945381617
-3.37571729848366
12.017458054053925
-0.9860932562432572
-5.408566871931117
-4.100993266572086
2.1250675413221463
-5.9845411704214575
4.061407990200243
6.963272114073005
-1.1656408766788109
-3.001031354211464
-4.427284929369515
0.17186295511340616
3.6714200109661834
4.8013594906383945
7.467947711050643
0.6254935662934964
-1.9758030702501053
4.418082388329084
1.8158598137547868
-3.3612237727710843
-5.07877708391466
-0.8252459005941171
-1.6422705289924124
1.0856585428542191
-0.267836273363439
-2.0028847030694026
0.6573773043439122
0.4926644218977758
1.4970417347355838
-3.7019305112795036
5.363590589853914
0.2579021064135746
6.330469942903747
-3.7601273967543385
-2.00239129520578
-2.818430971855562
0.42362221559673435
2.623801853913021
6.578153956513415
-3.982353065182582
3.364144821011387
-5.114722508023583
5.270860037023088
3.7278955170845056
3.758966192449802
-0.5018892872746934
-1.2092104565881083
-0.502474377819679
-2.0598858223600356
4.628051034621349
7.818405678996156
-0.261376775278425
-3.5557540706950777
0.9254298652000674
4.769533669645192
5.16019419623523
6.602889915148339
-2.2232254485378817
-0.2608890394423394
9.083424236215583
-1.9439861997626893
-1.8586749339813557
-0.18244555535798374
5.715870955263186
-5.652865164262599
2.251872857418135
-0.1652457116798407
-4.706375778994555
4.799437884833465
1.943149592922662
11.348233347903408
2.0888700597132015
-2.203509282254702
