1.2059075957848149
5.497458622715436
3.334540388658668
6.409018151724167
-3.142814968154789
-5.284917949492675
-1.8172363948065557
7.080496084708832
7.246048196482875
-1.9395490316951176
0.842608119271125
-3.2753251604358073
-4.104971537590163
0.8683227446553297
3.838282396176272
1.41847417777248
-1.0738731683142009
0.6517829496796907
6.4087310569187785
5.988689762352523
3.0453666787439606
0.07343805418527433
4.123118215011812
-2.6787198523400275
1.3972484849844204
4.145109396759466
-4.243573050367649
-0.9513273855797382
2.5986833400169713
2.124532253788006
-1.8173028700563376
5.818073444022076
-6.120100821669672
6.360853606735583
-3.1981913038752374
-0.5115596320045941
3.5979583171402463
10.639771798047287
4.304674071329423
8.843670761132103
-1.3361375683182353
-4.592363758720883
-0.5018633423011433
0.3265815710735303
-0.3035491209359684
-2.449639002914521
1.0166857320249902
8.73840634452568
7.497765197163597
-1.1603797500537711
-3.0992757007026963
-0.8405361339718345
2.3315122864417517
5.379253080615271
-0.34364713516623513
3.9054592529281527
-0.08325423731024939
0.892182042897822
2.6632218254792677
-2.928411795903191
0.4468851158294084
-3.4551916760860086
-2.623696635925662
-3.0133983870832264
-5.427059882475918
8.063175811131943
0.058404547588837064
1.4830512748208478
-0.0830881867598891
0.6600421797226843
1.7001320043090742
-0.23094807666157813
9.582692635196207
2.9259774933709477
2.8563105078778115
-0.2866929957493117
-3.5776010002386056
-0.2017778109506838
-3.8084273094132444
3.194425944300188
0.4875989486413691
3.1722199761293557
4.690880862468395
1.8633779262163306
-1.5221293316424884
2.7527669935520995
3.513551461065024
-1.9970116451339817
-0.023864832698169837
2.3143007289967232
0.28802959740436507
3.552391099190981
4.329289896731545
-3.2902814294631537
1.4936004004161323
-2.031374529445623
6.45528006687767
2.0591347477222097
-1.484221603025171
-1.1787335622375223
