0.3697918025210555
11.020233663314727
1.100800617323701
-2.0280692454589904
2.890415642327477
-2.8235779356919988
3.7745743780935372
5.197806642078031
0.9025169691688175
-2.613755022859193
-1.06476629265984
-5.3812936219050185
0.15577512598739338
-2.6669059535355886
7.368852890279383
-2.2699221961444866
3.4629105766730897
3.628842798702613
15.24284212643132
-0.1499080160860935
0.6204562624540071
2.6440110396051297
-0.9565584475388571
0.7839739250147932
9.092589980297292
-1.6165737137302227
0.09879234945392242
-6.863615455788487
-3.945136647933386
1.1585261126497988
2.0753625759618077
2.7127407342818337
6.432756716026461
9.989286901199097
-4.29984102198557
0.48942125767216976
0.9823112037910371
1.4303054473399104
4.641961215388842
8.357100391384012
-0.06792639510932763
-0.9551779331129955
-0.7969749138628306
-1.2733781030325515
3.905268267879312
2.507538815595832
3.080159916980283
-1.6781745629523939
0.7772085169110048
4.411294611957404
-1.8468860090333379
8.903853887754924
2.5161461929049764
-7.089811006555914
-4.19086414545998
8.196626877056143
2.4615310010270077
1.237768883766985
2.054345795458682
-0.6112566016621617
2.2598372599218064
5.776345649474826
3.856873393471442
-5.151972218860774
2.5489803085625597
14.041433120831702
0.5759446661494687
-3.637948236509561
1.0629972656314925
0.6054970951421925
-6.826406272486059
-0.5674855040268184
6.687707085166957
1.6884655278399694
-1.9029036862266762
-1.2354445196770083
1.063448882834324
4.500494485256357
-0.746786567788311
-4.871182173057344
2.4692719822662363
-0.9053160597712693
5.314139709293028
-2.522541254092338
-1.05963489411796
4.738877651692683
-2.0758574446819766
16.928031790433927
-5.006270081663414
3.5268060050216476
2.880624722396468
-2.195413545421511
2.8744192242172857
4.411840215814629
7.191063718555236
-5.50591796915621
13.791570494800395
-0.8497420212349731
1.0286964109656087
-0.999321886339466
