0.4985258472963685
-3.3776921282091226
3.7423023289420057
11.696752434488788
-3.5177531776256945
13.617823875820852
2.371631582887616
-0.49950735515520117
6.973626924696675
-1.7955190142777717
1.5269441993285584
2.717235749325232
3.1944497905506877
-0.3826125894017714
3.018309350473574
-1.4594127727832467
-2.893286024541358
-1.8697290726174058
-1.338403646752842
2.6876961168467117
-0.028520046471771095
4.1849167443177215
-0.5940065855932305
2.2033988540065743
0.7132695832757905
-0.9941736264878969
-1.3653743042992883
2.98744922684099
1.7933592405957572
3.558703524143154
5.678762212202067
-2.4875658619971066
2.1639840563792694
-6.005323412573621
2.2880813405207037
3.7151962747283305
-1.6440811350565245
2.832187916287644
5.887922794313154
-4.527378769185722
-0.32722230425548504
-2.874143303592995
3.7422587498761155
1.9497133353040714
-1.1629783342391768
6.649026752517743
0.07817032657208982
-0.4163037718021768
-2.1783269302695296
-1.7015096515003274
-1.1746984212429865
-6.322318423502213
1.8736109824002183
4.480142341942087
-0.46438758453227
-1.091050397454203
4.114291032727007
3.140556260497366
1.8367728267809862
-1.0314117616209546
1.434026601135069
0.4239315109862495
1.529341122588383
-0.5325624431172387
-0.5869830283894437
0.9293486165838459
-1.130334760749074
4.1503892158819795
1.4739365341703365
-2.055534031123689
1.2421260997119434
-1.5401953905588461
-0.28488100045739295
-0.6591640322392645
-1.0691901171263474
0.16629404087932897
0.37151707609581996
-0.40437965555396144
1.94373288240791
-2.4585727181207737
-2.5108101451026315
0.6499753769397958
0.5562325211981303
-5.039015151666903
-0.14543964359862308
-1.2132567135924774
3.4629603371026465
-3.9401006796093205
0.4067675611727569
-1.7817333215058748
3.9380613585463706
4.265391674241924
4.038345410069613
3.4842902974041916
-0.871131971256737
2.031423689029184
5.610942743408405
7.544180391205611
-0.2792062819546724
-3.009224673434184
