3.678975516735174
4.123283506630602
4.395538768381204
4.277711980753275
1.100621840416359
-2.6300779402696324
-2.185988873257525
-3.8387114566735736
-1.8797484596157743
3.06533601869229
0.7809432501650209
-0.6138559379742118
8.097162264914378
-4.05912173681541
-3.980981850121246
-1.5337831376268671
0.6416590747089161
8.416690670173317
1.4884856875087877
4.1975837845252775
4.917749764390873
4.167881645272145
6.226945000335306
7.925497423108221
1.0043729282264007
-1.2670135953225576
-5.409260913980324
-1.4782058450689057
-1.2118735908718277
0.5308685406780795
2.9194781854592593
5.044501128091482
1.1348487280214872
-4.400184672597051
3.7574533025911188
-3.738637299811831
3.057326633215305
1.4331358043455755
-3.979307362924692
5.507831619739802
-7.063563659475437
2.8284002721413573
0.8426640550587248
3.0181574367986617
-5.940479829412082
-2.5344614557846388
3.5999332782520357
9.815689208942151
5.919308875145651
-3.314710901285962
-1.1037887496313474
4.0298266049504115
0.04329214887194184
-0.5787595179091969
3.148101528751644
4.055690522176879
-1.033208278608712
0.30094172488492543
0.9108356656607781
-4.178531548897442
2.0614620032038817
-0.3069142697127172
9.295454270097864
-0.5470335213826086
4.700587136282384
0.0987637142764583
-1.1142784038604332
2.5738519390545154
-2.751909258272178
1.1603102428730012
4.779671963654832
1.8199674047718422
-1.0796106786836437
6.425481910715229
-0.9151249822852866
2.0733336767762296
3.344131714511177
-2.3146096847215025
1.00132961451467
0.5717451252667196
-1.7762139900294251
3.199221639176859
2.1588655628687445
5.647651936903884
3.8333139221075445
8.773049117926433
-2.5742864368864145
8.09839393802772
-2.9387720186036077
-0.026707451183376477
-0.6828174991343355
-3.5879751213487685
2.600936338930783
-2.5068014235588514
9.658435495913315
0.9918286494687267
-7.957721276919328
1.727406012009749
2.024405728024401
2.258780288256374
