-2.3400359739648144
1.0611409666349096
0.2958720399817326
-5.245534351621068
3.7935945531673636
-0.08066083411150654
6.464402273743825
1.15752460078067
6.552484504724271
-4.098155111673062
-0.08849014266755041
1.6287685915174923
0.561877728703256
2.298312130973902
0.6657014127455434
-1.6486037216387075
3.209176033381246
0.4838753524095124
2.571961996890434
-0.6639799767559522
6.443038607733901
2.3471981065697465
2.2451729221776406
-1.0417582976514912
-1.6735210932908668
1.4800331271563998
2.045648823101749
2.947639122960122
4.0059361775835605
0.3148215670868373
4.127841714734563
0.30946586209070315
9.944877163840173
-1.5049584398911326
3.8252855994840615
-3.3359003025567597
-0.2621067744162283
-1.7568971388353445
9.258598356668966
1.3595656324394496
1.64329806338278
-5.36256212899953
5.831889463009449
3.0042068806009308
-2.4092295707731624
1.4748766802342748
2.122615211763442
2.526018710601053
1.606109876676842
1.5965219866582498
-4.8133229641504895
4.45239409900082
4.568541126424121
0.5908958124445705
2.2303272010986785
1.1581535454277088
-0.7514033223635778
1.6837173053957888
0.8428779439138578
1.1195890681283291
6.9365266473738885
3.7496792579953713
5.178827547482571
-0.7123570477827852
-1.6104236301965922
0.5785127134164842
-0.4410281563803089
-4.263127496280378
-1.4711527703591571
-3.5702060990816857
1.5687623989542248
-0.5892209477254966
7.903784155471719
7.655759302711617
-1.925706282666949
5.811059480884816
-3.152011190102126
1.745641603409251
0.8435063753546279
1.2051746140046586
-7.235184552499609
10.733842382943905
-2.63709998702285
1.5047354231324177
3.8834658723618176
0.7641890507366575
7.71578186308102
11.926118178905863
0.06577612818200196
4.483554235792413
-3.0813234109255405
-1.3215689311004106
0.764180635621071
1.4138836520099487
2.6286257756048603
1.511488406188286
1.3570036628610933
5.579441067979605
3.237533586572151
5.455115005662848
