-0.33632274736124423
-0.36898561196110846
-1.5743162662939976
11.4596964036811
5.140227187413074
1.4255006081546826
-2.61190219821703
-3.257567515953353
2.391862008200877
3.4223131861383513
5.14017852864217
-3.3206909461679572
-2.6695574088423193
-0.6740291907990819
-0.16319246617388775
-7.088504336177407
3.9348251550896194
-1.048871592086763
15.111904367378118
3.2115088862528314
0.23602348694351272
6.4091871099567665
14.898107037006394
2.765602653571024
0.4004052547354385
0.8882028579617194
-5.671214539427323
10.625020667602843
-1.027162618562199
0.811238843001294
1.3799021317136642
1.5667563574403398
3.808507933870239
0.3886546366666578
3.7128934309723087
1.3273880897256725
8.853948283165634
-2.7842194229033597
3.0584202424744644
0.8579060891732
0.3713904757904615
-0.3685991698273676
11.689807655345849
3.924682532902901
-1.3321978460640789
-1.2377759278258353
0.3508053638291711
-0.24125346168137138
-1.8293308817494767
-3.6619132870791486
3.1721018921090254
2.3775338765129543
1.9368458921415594
10.684983149303608
-3.161870785496708
0.27398507290116025
6.230591431499487
0.19973186154123868
0.8869637490638517
-2.4745255932152856
2.126938247367902
-5.182819389582637
4.259369656015205
3.0227008377940057
2.0346282339795034
-1.2033993372792016
3.4041927140867285
1.550230460720405
4.223294131185792
7.109360449999377
-4.248863635233326
-2.828640393798592
-1.3323679131752177
0.2671521513601549
0.6648573346939803
2.307096914414458
8.854852707629458
2.1933256077353773
5.572558589979744
1.5822108236105454
-5.102805584084413
2.2326722614456243
1.483121161520428
-0.660193504101181
5.078851357385655
-4.43840524511198
-1.1951819620044843
1.946570939013386
7.547678788042626
1.544758068028032
-5.226690947271838
-1.9560542343192502
8.77421595586907
0.03182582732727138
8.783822719067945
-5.597630598697531
1.5086316363048273
5.49860388566478
0.9398074742737954
8.889992029154133
