-4.4917453118084065
-0.15006443375218687
-0.38887439812587155
8.490801662007897
-3.9284248397524344
3.783478981376737
5.861320748456755
-0.1355764936535348
-0.47995992502415474
3.7550775285478144
6.646572090643003
2.238142870738627
6.143337409532116
4.87846965514861
2.901238912012547
-0.14988988027819206
-3.454625814815592
-1.580892845106277
7.373001488842635
1.5541256187160197
4.843030540689648
-2.296083174786575
0.15301120601344897
1.3869884153943839
-0.7949506853911694
0.9509195607516077
-1.6153860747168307
0.9857129235323578
-1.1093905692319161
1.6913862975234162
-1.1621496930463608
7.847380477933001
-3.0405208955151553
-1.635888515508519
6.2573332612353525
-4.282361655746296
2.5466803333813397
-0.28945682342833867
-2.666196848917895
3.133170882697391
-0.080217592556147
5.011485836661576
1.7879161840610742
1.8747018299353946
0.8609375422414409
-0.3184686074468795
7.197330057876721
6.339032199519782
0.49249885480519257
-1.2969933419693787
0.6321567309496383
-1.04805169874254
0.9087099383592496
-2.0207625840013317
3.829248947132535
-2.223259052185988
-0.533498135084002
-0.04062999326454107
-1.2856432655694798
-1.4715089086731967
-1.8095631096464735
1.0553919947460517
0.10031277450417925
1.0688993488851573
0.6256122183970279
3.088065330786482
7.507120110934037
1.4605510902779257
0.26675279707016314
0.46164716146863805
-3.780008724995808
2.570447021027819
6.095333527158201
2.84522586620372
-3.431303687115613
-0.8047132081477215
1.269820198883754
1.687769786250527
2.5338345915639815
3.61879898361527
5.1415476162006355
1.9068374585506946
6.23154210757182
1.2642810029914595
2.39919487521985
4.01023535270167
3.0678355001210234
1.9080002459953698
6.482245269069793
1.7084838655954553
8.759124915473313
-9.617173239347796
-1.3373920966061321
5.522318169324252
9.799038712215568
-0.7148617846159541
1.010272049686569
1.49001634379272
-0.3689433261652063
-3.373591467211767
