2.5683322507164283
5.593601981138907
5.340360135054247
-1.3675144849362484
-0.018113667874418867
-7.202002717168133
1.6157752046269092
2.5115426279528243
2.9278146342758644
-2.869332262576172
-0.6914645966751898
-5.054748134563386
-2.475189415795761
7.1088671417874005
4.866844374947375
6.818866183500955
7.647024615326213
6.415672042081516
-1.8066892216685
3.8531438186591096
-0.3482243772315904
-0.8470985046209292
-2.13535714120647
0.9490044115023571
-1.3400022772583022
0.058290787127092736
0.39619393954999665
-2.669478972705627
-1.8038693429075718
6.723076333322782
-1.0326543866391087
2.275417446008751
-0.38249159380434605
-5.156173732191624
-1.517841870413482
2.93638783729995
-2.6895068194754987
1.9779611645183042
-1.7620273986963286
2.4719898674877485
-0.6124588582848727
8.685238303674934
-2.7424930181789593
-3.91128433769184
-0.984944395261415
-0.736501287672352
-2.4499047777866805
5.411426023813508
0.3073526922322711
-1.8126000452976752
5.269550500949084
1.2509025785531551
3.4074147416074396
-0.18252524831365288
0.9543399587554988
4.534016780457424
-4.046322678177178
2.846296693567419
2.640005233167873
-2.5027238990121594
10.007766928245001
10.828561496882717
1.3861415496690932
-3.0784231704771274
-0.7960619850223218
5.348701810902183
-2.5764967043084983
-0.41645898926663094
-1.7955838055059037
-1.2580686686647797
-1.0248804953242412
-0.34728159983375595
5.784761044886557
2.1323688671188803
10.462818312117301
-1.5402144651221876
-1.7081446227250283
3.8306368530455854
3.1262829175929685
4.000634743150211
8.835074018765203
7.590919159146127
-3.4716599316051133
0.9060005336776759
-0.49525876674665453
0.9816585151141013
2.6600103664008734
1.5084995918972648
4.19737871949914
7.365516335011247
0.6209668108331725
-6.271177205949128
-3.1997547477041017
-0.7672803758084084
0.5001960551889325
8.139154932041025
6.290271243088821
0.640037742564541
-3.5661336381131434
1.1827501656156538
