-0.660583193278415
-10.540797577667767
-3.700297383584482
4.848418632647429
0.051701398373443466
2.8977438082167724
-0.3356636496353946
3.4222228881858734
-2.9379984012660145
5.296352853879
-0.47291868579609186
-1.1463227420858282
-0.19081379396856077
-2.546102747488802
3.413892834031454
-3.3001006939416357
-0.4206195312862242
-5.204089893506438
2.888509350799317
-5.601371154399847
-0.8359885922356637
3.921686710854213
-8.595625720022815
3.9509877769193076
1.8917069854834165
2.2274215079370174
-0.4106419704140456
-2.539355784507168
4.778514889915362
4.800219857940372
3.87775443523398
3.402891251905143
12.369278218608232
3.316927722989905
-1.3898944951282042
6.118342381395676
3.433378248482356
1.8272011471062655
-3.945807827221257
3.369277482493474
1.0464840266212647
-0.24182060280607015
7.7067215813364065
2.079131717924522
9.625267778068393
-1.179747649902169
2.738157186944228
4.01842691571955
-2.082599840049655
2.9399424286729747
0.7575192630444649
-0.125204283342904
2.8440002711931798
7.726429236061048
3.6184023332260833
2.790453130783448
-0.696377648981295
0.46017130959263175
1.3412996648310458
2.2171103057304338
-0.06086251955595458
-2.180771751692803
4.7709678549043275
2.0932334329033795
-3.204276138680025
7.975460996947735
-1.3564988572188865
-0.6304833547429137
-5.560617692771125
3.865285288141018
-1.9497410694033377
7.689207750097746
5.190626643553788
1.6556013378334704
-6.032864424833413
-2.193215547109431
7.9212809241302
-4.642331898552705
-0.2193719589739796
-2.599992235127594
-1.2931550604611979
-2.4203075924259916
2.711069643745455
4.61759381341311
-1.3291073192345384
-2.840992952674867
0.5175680482702621
2.008256244351908
1.5132770426005
4.706049402584453
5.019821559871735
2.609392036807055
-2.4958071607214385
0.5173660355604318
0.7776102362746911
0.1330939370922706
1.1823038838963
0.732218887056334
-3.5873440816997846
1.0584704344385414
