2.2197896318513273
2.0168877655629593
5.599704417137545
3.791539588003486
2.56831084580319
1.8008450454932676
1.1783218062487704
13.566266800913496
-4.476830386564192
4.147542925506175
-3.7906106713613257
4.425995548942747
0.7581671381613186
7.727503113665207
7.3506362499597735
2.618604592242079
0.5473469154041803
0.5244302839738479
-2.129058139559033
2.860664694923793
2.307704854321573
-0.5913721776592332
-0.747034150462176
7.246938407498499
1.2522143624617008
-6.688685840043538
3.4468114857613443
1.5129630157644058
4.499348326016794
0.5688269111747737
3.429650948334388
0.9468359138397566
-0.07310642375249014
2.9918134093046946
0.5144323709136364
-3.052909394265977
-0.7686178841891427
3.3072405677811134
2.90947078901245
-1.2381187737622494
6.519548481817458
5.183330554088184
3.3459170616009395
-0.8178247766527904
9.224898317372347
-2.542477811927065
2.771885426816757
-2.905600754011081
-1.72156700185185
-1.9736812156514205
3.990906475765182
0.9081648049060287
-4.219217486344139
2.7954462603856873
10.47971718563717
10.521588955902216
-0.6897775650149245
8.54127197082511
-2.602354959868959
1.7717274502481566
-4.371450794545506
4.154979329874912
-0.6661880236875152
0.05521855680633793
2.686561752243824
-0.8588518990573828
6.7030910978769
-2.4805525351475675
-0.2669641328213329
-1.5080007319807356
-4.358578082076948
0.10654460884236253
0.8597908180906815
8.503213991249101
4.234643943878002
0.876740364332711
-2.003850214558342
-3.115237096357377
2.6406834948703763
2.4749258784914754
-1.4152964627253974
-0.7916754018823655
2.8160974143838375
0.24479943793291042
2.7186088380896827
1.695073927335194
-2.7961108209610375
-3.9257017369339824
0.42999838689339887
1.0727660795364473
-0.6372230168135633
9.75790090139257
8.77790287619476
2.7051526561429684
5.028798929248614
-1.752251146723867
-3.592709442978878
-3.137236136867984
-0.2989472977333746
-0.7040673236091015
