-5.524939310417568
-0.39292002979519264
10.848726028863059
5.569730381254297
-0.48976909643249045
-1.1465200624298666
11.149726118645576
-0.0501073911693463
-3.047388006558154
3.769837355922767
3.0010948179833696
-1.4890416735599814
0.8694995114511643
-5.544278828829091
2.307315841862244
-1.9827804524715429
-0.23687561016181646
3.287250044792914
4.892517692799096
-0.5296099448455869
3.1776291287923546
1.7265456749856605
9.074076008837428
1.194802887165586
1.8043212856784767
7.390795488973536
0.6596103263383479
1.342559721060324
-1.4277915148269107
4.637132310297385
3.8337099969636856
-1.741391814266953
-2.4055843203512177
-0.2364523535197735
0.6344532439416916
0.3155376068258611
1.9788089168238376
2.7921186694249496
1.7340586548983676
4.693452547752648
-1.117766320949364
-7.713224261472815
-1.4203910950503786
-1.723551948361729
5.482035276630106
1.2614310043492245
5.359100755115105
2.847209952645174
-1.2527443359514916
2.9243849781500684
-4.000120300927478
5.018685863494313
-1.1883956764364583
2.1215177829467424
-2.014137907858178
-1.8967975334395435
-3.9926738428077444
-0.42769577341615345
-4.30445266983693
5.367523618515499
-4.101690538030954
-0.555968457636496
3.0428388851303043
-3.0760607320740188
0.563454818704562
10.453363835781246
-4.372564010719604
2.2299951142216394
1.9084195006671725
-3.0709345324785082
-2.8695360444476217
-2.570161918034778
2.9519519490149517
0.659514135756036
-1.3792939816153091
5.385057805803515
0.6791975342191441
-1.3975994784868715
-1.4153916579985693
5.4457599480203935
0.28055535247510616
1.404343816673488
2.583128273304121
-2.0219821665618043
-0.6052808359750596
-0.8741106832124612
1.7011997186122052
-0.5964112951135254
0.8345528801500501
2.8117847074540308
0.5026559997822644
-2.664743331893919
7.796917111250303
-0.13051432173613353
-2.481919352721733
-0.5601194242527335
0.5468713405669136
6.06727121807609
-1.7844804790948792
1.2650545523675856
