-7.495289349156477
2.1577733966665327
-0.388675583255383
-3.3120293056479886
0.8800242395951383
2.8599866507949105
2.499712761770974
0.1388233453334168
3.8543243128964
0.04523206791383039
3.4889366876106402
2.899308193531657
2.18073374838832
-1.5211830146208212
-0.5792297363109435
0.11460576928547256
0.10313042874271389
-2.1770216351792637
4.743269872710093
-1.6188854898945684
-4.845127721240882
-1.9419132137448762
-1.1785837943864652
6.898458777882082
3.21037397918841
2.5444577717314107
2.721211496401372
-2.000254173430401
-0.8937696760948775
8.804431498376207
-1.3094155340473146
-1.6958181904553196
-0.43112377291341947
0.47993302717370445
-1.8649412778658399
-3.7132077452963697
2.8355676453411065
6.656978732855438
1.2466139213913572
-1.5077036673051254
-0.3432329290522872
-3.59406880934851
-1.710335631083967
2.367015497184969
15.725604869926334
5.889029935322283
5.404567389894412
1.666235514231738
8.321334552332258
5.276491640673775
-0.3472867822033049
-1.4841310281486944
0.5716967919602314
2.7508248144767413
13.517740030486
0.32079150980763416
2.426164704016474
5.679949824991871
5.4490086073054345
0.08511795122869213
5.04342362091978
0.6396956597595965
-2.025990822206322
0.7581446128059877
2.027830062787591
-0.723844454266827
-0.8032145704625986
4.908763736900622
-2.5115345837977125
1.9292556768826739
0.4736739618940663
2.875905279303716
4.578956699629945
-0.06780355640506966
14.350480871093767
-2.499763620304929
1.553974551560949
-4.3405934228451555
-1.9898987990828396
4.8346854836198325
0.011942496318348905
-1.7567478693207943
0.08374575584659814
5.930562769713437
7.867595686162225
-1.9575769757460135
2.6800595269981784
-2.1056422605141294
1.0463036244545483
8.444845288627926
4.784545656775392
-1.2470440172284176
-1.9565776053481052
4.588157228777968
0.43404827080158004
1.498233175767536
-3.0400908081720908
-2.877409420502953
3.7671043547499012
1.010321850260428
