8.018231474367079
0.17210523213461218
-0.032338856522262024
-3.8985485271397167
2.4569786356548136
-2.0387765938973845
0.35062451025945945
2.9000964791625363
-4.755602700651751
-0.7676168442336256
3.1530157412124797
4.088712903860286
1.0932395536252755
0.24542599658348327
5.988947747740869
2.63535942693626
6.627283799416951
2.1102809762607597
4.029560419099914
7.3091947676836835
-1.8889774745817065
-0.31230224785455235
7.51127660852745
-5.81942949046169
13.401033853041909
-0.7175844286608679
4.7948540961082875
-0.4225931647344091
-1.139840220946445
-1.6195375365445228
0.38127776010529724
-3.6214016943663836
-0.01344824626869125
3.015731796408661
-4.125529114609584
-2.2728236612002264
-0.6219668874675817
3.2378604727895235
0.36282860505780556
4.851088052443974
11.236583340831467
0.49813526759606314
-2.26546042679043
-2.62631732834591
-3.7519526463009907
1.2536784406565031
5.022987360026267
0.39780807455589157
-0.9566510255163865
14.050323465935302
9.283577724847314
3.51253125759089
5.780153069186273
1.1080861379073403
0.16759533636135582
6.50810941070506
-1.7781641179635699
-0.839264798053561
-3.339293320253452
-2.7097357521470053
-0.35047750147229795
2.327380956305234
-3.5036695483265716
2.1434636277428547
1.013112251896351
3.701422790442165
-3.24501813760834
-1.4123637794018336
2.5598362539425343
10.168347645011163
-3.9396982965763536
10.132247108590008
2.8047584401054966
1.1082557278405143
-1.5894064935190255
2.076200794251592
-0.6831046219883741
-1.3877989876054477
0.6426215535970153
0.24069393180139065
-0.7592358902587979
3.7733766695681696
-3.4081490537036156
8.367140843192033
-2.021767194946433
-3.005569055422141
5.6127393030984525
3.9506330883817418
0.22680346149474878
6.303630470191177
1.5673369036376157
-2.5760315390206743
0.6090726722789959
1.5054930945876908
-2.87244471409506
3.175947071758805
3.4580029427873273
-0.7285954175633514
-1.8381309308508071
-2.693208318334892
