1.2403537996989322
3.036327095096982
1.999177776155144
-5.258376034876168
-0.043320896005310416
3.9676251874011514
-0.2468882679228066
-3.080208879428924
2.401392776245638
8.182004739901469
-0.4205130603988426
3.050606405267431
-2.254214502735716
12.443161045687862
-6.973484021034929
4.882733368045414
-6.770627571872454
-0.9745828319571336
-0.3927213672965807
-0.5252032061193215
-0.6014088771041922
-4.346739848363486
-8.647671426976594
-0.722278498527071
3.1535091935974697
2.3027876404076864
3.063668822673181
1.69069873635903
-0.3682214537210986
-3.4414415235552465
-4.517224756782491
8.178358989275221
-3.9739789001358643
10.214043618548981
-2.7416596877931982
-1.4722356625221
-2.406891696094587
3.6733930292346777
0.026289662078094814
-5.011115553834221
-0.9561779869736318
-3.582937634400489
-3.255143522082446
0.4792628272622097
0.167335700407367
-0.46184038762784907
3.582589735962828
14.426847723097794
2.14093982516276
3.527436290138026
1.550435513510795
0.8095117131255299
-4.70684440866183
11.192632051611366
4.349021619262411
3.918752680334335
0.3542505747230994
1.2758765384560231
-3.1346503059020963
0.09388853524487364
-0.09172770009349171
0.24814719868136265
-5.04109236159085
-3.2965095469262935
6.970639524781105
5.582157507326383
-1.361417016426425
1.090492356978248
-0.8773798548377713
-3.5772045486765585
12.11178040459345
-0.7683404283724573
1.7314441520726973
1.8385079824831239
7.331285638740024
3.4464777109197806
0.983826007374885
2.3910508961870214
1.938574700983101
-2.9282106171634266
-0.2677333585128943
9.17135845984476
-4.247728474739502
0.07096087750446672
14.422393562911097
3.510124632889468
3.653967489040054
2.7450740630976234
-0.20530279946843388
1.3156889895641812
-0.4103920769922643
0.1205259410814912
3.0986539174703416
0.39839375014120576
1.6582026053317616
-4.468016211268028
-3.082426893415268
5.48828686117617
1.6508122539372936
1.2569055850354356
