5.103124740621354
2.867920318415256
1.6431700400354434
3.4450979319759494
-0.951460644144638
-2.490319364740545
1.4107309981814913
-3.4965257594489927
1.4155833775005728
1.517643686349019
4.476305993794757
1.910475639737311
-3.809423896535765
-2.8227572660816964
1.2235108990684955
0.07955185003707067
9.633308154345112
4.329630129140341
0.3685716019865854
-0.3631185774088159
4.155708988752702
-1.327827019286808
3.837904728122374
2.037162474427937
2.367840274894645
6.3275757481442785
13.58069783172454
-0.04901689927379317
-2.2450737075764953
1.7850050539185676
-4.881996492855472
-1.2653612261508664
-2.104405074243055
13.170548818638022
0.39333609678993886
4.155927617194696
-0.025457678238180126
1.6364697447361016
-2.8775928986323023
0.8407039434322234
-2.9306868585569017
5.772317213884861
-5.640919873062622
0.03942580673626232
2.149957060901906
1.8483068591603944
2.144065500248285
11.71548805589978
0.22961808891907198
0.34066662412807636
0.5116625837405854
2.250495874867103
1.59972104841555
2.9653229231505303
-1.3774804686726834
-1.6616564766140574
-3.3119654205855653
-1.6106755391820409
0.016644496351826753
-1.1673283640952226
2.627521866712396
10.780533477499137
-0.2952561378641958
0.018624059512627543
4.442164551373007
-4.781892043244159
-2.801051407122661
0.39062381584036726
3.539867253039671
-1.0156920099882267
1.834934373535619
2.8135881747685474
-2.213849723292689
3.1514342442862295
-5.313664674557696
3.2572478652413333
9.450074169552812
4.009282948599895
1.9998802163121265
4.737140315130002
-1.796656449610887
-0.8212203673124331
-7.421661901668985
-2.0087652435029675
-2.1999880183760965
0.9634440176093899
3.2561240489660537
-1.587285346706035
-8.119708215109055
2.3996387559664702
4.847770084824657
2.33464001413725
-0.08672727795478584
2.1857643075443667
1.7146597617115567
-4.547973390363769
5.003796091439698
2.6228878574282706
1.0670969005789275
3.3279689788083737
