-3.6791424129420975
-0.26554423844674835
4.53356789918217
3.8120199539717894
-1.8378085803915192
-4.053381420687604
17.44273841992623
-3.6944840055828627
5.111430663436488
-0.5057940129709819
-2.392436247374883
6.588400162894688
4.030510150325128
3.6343160665446863
-1.740478111591986
-3.2601027668225164
9.785446226909965
-4.186467182736228
2.571073600643391
-1.702207846689017
-3.8385347854365524
-1.0660145899105031
-0.370246469027406
8.21930230761657
-3.228734929591268
-0.8766510480476901
-0.3702553230866874
-1.5745479422433046
1.4049078733566303
5.866787141389872
1.2305664603172424
5.052590004513925
1.57620929657738
-1.9610692967726926
-4.557890025259361
1.1035336636589972
3.2498740563001363
-0.48666271857273546
0.04673511277336224
7.619340051783005
1.971464478970082
2.2480571079290543
5.119868464582029
-1.6442931697108545
-2.978013570807499
-0.9782394332674389
7.360384223667922
-0.5950950490589291
3.3579513890330013
3.450772434162559
-0.2859434460986534
1.0408383312591036
2.656889974911826
-0.20396509555377457
-0.08641856987899862
-4.019317246420396
4.062372483469998
-1.755993399412752
1.6174455866114896
-0.5392518164705742
1.7359238467543785
0.908495381931935
-1.549757425420885
-2.6111930063569324
0.5635882347854255
-7.997940853505588
2.03636735933768
-0.36846787891246685
-2.722989880256002
-2.1615919326676116
5.059872177128477
-1.435924525265696
1.6666858291310573
4.375655245087263
4.50840659431708
0.6923679646492491
0.4583389881300991
-0.41402710331881765
-1.369456471802144
1.3433962832483226
-1.3490341797453769
2.110141867334214
-3.50203109815614
-4.146824401330745
-4.975342477959435
-1.559790807975515
-3.44633845503352
-0.7290346930835432
-4.344613470291824
4.600570279039707
-4.171975555196193
2.79790745677734
3.2335854909571693
-3.9331814975800174
1.2241890906479593
1.0530154579181898
0.46682887741238765
0.6010185962837616
6.039808373397607
6.710245154336887
