0.23070716182009943
-1.5947383304620142
2.862575689719051
-1.3816271305464187
3.31688385190161
-0.20097049163474218
1.2578762311749812
-3.339178794279846
-0.14446044285599888
-0.7023353796994878
3.6760012577647285
6.498582845715389
-0.7802013931886036
-2.0297542064079717
-0.7893783853030554
-1.9156206842729606
0.737186903909828
-1.9815831464138225
0.7422408718829325
-3.419282702190994
1.8516783364223302
-4.344904590713368
3.321185565286199
8.003358582739853
-3.5381175469721753
3.0273787975784643
7.870286481328049
-1.6420522288116062
11.505001149733127
8.338309195041493
5.521584053088854
-4.141577831064709
-0.7240755865906573
5.895794116469924
-1.9230792543341562
7.258297911806639
1.892374229728376
3.6407648229557092
4.928698468436865
3.106023496973167
-6.278391234333742
0.359700869689141
4.578987241319439
3.6806610925470125
13.515075659303914
1.1443525087975446
-5.170602539158675
1.3521020740932843
-3.6150700013689194
-3.3269984407499216
-1.338773214745644
0.37187369829566597
0.791937589041398
-0.6987086085080076
4.89020495192171
0.09570094814072816
-3.364389962894389
-1.3260590104520729
11.155787859809047
-3.7660970481659244
8.276587918949286
3.2571483754335127
-2.556443837401444
2.7053250995697242
1.1520272389531576
6.9253684403736315
2.8990459729201348
6.4794850908952135
0.7653077952397818
-0.2891677214454943
3.3669213116633556
5.75035993468103
3.710390959526859
1.8862776126650225
-3.7739015888203866
5.161440804010416
-6.221319437966495
7.063567232003871
-2.9186565385683765
-3.6502602414119005
3.0536979630166137
-2.0835130315236636
-1.7783096877169526
9.207635773540934
-0.6088409563843478
1.4443070349773153
-0.7520323233202344
-0.5746239951031638
1.2714095211113494
-3.8334198908232446
16.229364585652984
3.563811524589764
-0.42109002006957463
2.203438535814314
-5.594113052824916
-3.1021254765771147
4.8854339815778225
0.030137830438026453
7.709100278246797
6.869025178016322
