-1.3416050483103639
-0.34402418499546866
-2.1330353392164816
-0.26618901651997995
3.3290816935809677
4.400606557795585
2.8377006407323178
-1.9095441467287222
-1.1218778520610198
6.914491959637257
3.1303348478545483
-4.2482948070865225
2.8986973707098533
-7.564314454011871
-0.9637752700123571
2.365648171430111
3.4473317640647814
-5.162068974228982
1.6245023045712994
-2.7481312135942515
-2.503075966179998
1.2030920483309737
3.9686205587980927
1.1872485439130123
3.25026082544124
3.754078516513637
-2.785736660376499
-2.05944789107328
13.708350934453396
10.180167702446258
-4.035536957003965
-2.602827555791478
6.269378982900168
-5.774059542772814
-2.846955169701162
-2.8161892129549466
-0.08655664502356493
0.9950114054953272
-3.169409025820648
-1.0899883530927341
-2.864649373843081
-2.886170999706859
4.370272137996242
-3.347412560735372
1.296349199078537
-1.736640681577767
7.371496259499925
6.74042288381773
3.3010590796296544
8.21643773614517
2.104649410032055
-0.9480244529321771
-6.933381831137164
2.1301408943967157
5.709606073106864
-0.6627178449574267
-0.478505730950718
6.180133105769393
4.396678901202197
4.875779912090349
1.421494774247495
6.949538503151756
2.6295163398397765
-2.6203590584937695
-2.1647201137506378
2.3489525862424045
-2.5522948618886248
5.112143967486997
-3.6563930423667346
-8.645258175394556
-0.4479100066709843
3.842107501265156
3.5241856323334377
-5.259333024851097
-3.138556149217963
-0.03305414866567791
7.040310974466417
0.6023509876433459
-0.5234151600899071
0.07957526556576389
1.21983203745605
0.9309354216890104
-0.3442884994645705
-0.5866850726481618
0.31144247994957325
-5.407473859604377
-0.35765526520884966
-1.451324797212078
0.6311114618534164
4.921553843665837
2.1160890447377896
7.738754045113486
9.193218765435908
-4.55145055236693
3.8155027929338674
-1.3970965761832501
-2.51651566076994
-0.0490791614375658
-8.802159483958155
1.6931144256263067
