1.7296909954031585
0.7495952700489075
3.6915160771113795
0.6419717048161652
8.76555278338214
-2.2742882911958686
2.9906004529176102
-5.555316788462951
0.32656521232712576
-1.4909253850978832
0.07765937351730866
-1.3269084699465314
-0.3758604741270787
5.221407644130988
-2.9073011132413944
5.272348983499217
-0.635748225670236
-0.7371370203120835
-0.24525763667971648
-5.622926402107775
-3.355838461318645
-0.6197610011537572
6.511061494326573
-4.227278948481631
0.7759195451027385
9.3197592779768
4.645546998396763
-3.8027559246440754
12.082640209482742
3.7616965627182104
-0.3792524824191356
4.779430330210877
-3.240500513953119
2.098674080019312
3.190062496060611
4.002281298916194
0.7525556863288962
0.842091249653607
4.738243245368538
-6.133578036618058
2.1188792638921816
1.5681413627813199
-2.764330841515501
5.209976213945563
1.677514435581473
9.431881910155026
-0.23032587514576608
-3.464390066549143
5.598709639001227
-2.373243845390685
6.525336920819083
-0.40239792115644946
1.0005943618180706
1.1214579491759777
0.4511549985170741
-2.4078949081133145
7.359342929562865
-1.720028996122716
8.819383589105833
0.3300899489051351
2.5199725417448335
2.8965011870250055
-2.7145078411148607
-1.6813695766522678
0.04848817511246792
-3.1399592056809222
1.8983907432491365
-0.9059146839152823
-1.7221291987202623
2.189544906593145
4.01697813384991
1.9353609116344659
-1.3259730154721594
5.037825739631877
3.4853500758488565
-0.10401879920733365
8.979151891331416
12.22045923152399
0.7028753098312037
2.046941233772442
5.412191737846053
6.064131315415087
4.1392458221131
4.4859426882723525
1.3178928273257489
6.960264657015793
4.373629392520642
-0.6314797525053923
-2.287314514592084
-3.345415925303282
-4.8932322488522
-0.06114079879405236
4.9603826878873125
2.826887600957946
-2.3410676273327033
2.0826297310481516
0.2141586488256093
2.103089518181688
3.575652411715886
-0.7427613602629459
