-1.0879109769985347
-0.035217586235377386
4.6021223347345215
4.789399903870675
3.975716120730195
0.4074212615144229
1.557283243155683
-2.3116486868606385
3.010065458989035
-0.6732526609334526
-1.8664496557733243
-1.7213479109479488
3.384208853885874
1.7609100846794075
-4.041735934399327
2.2321725753683874
-2.015096168823219
-4.218593759351559
1.3446957241477686
-0.4620713305936746
0.16090524623800698
-4.572515099254125
-1.3534360510281012
1.9043104719784418
-2.154369798477755
0.08496305264960102
0.7510320235781536
0.17773884712025265
-3.005714512396062
1.627154508832839
1.7146093819260115
2.508409536386247
3.2337875791254715
3.4761541452859026
-1.9828400753669513
-1.271053693701987
0.3091848789733918
-0.18610589352887752
-1.4896368761728596
0.469070714211584
2.420025938531518
-2.676366680265111
-3.0792616977589375
7.658816032242586
-0.8691101483351801
11.551263877057028
0.9468314359636643
1.6773975960779337
-2.5377883075708247
7.20595104088884
4.854065253796506
-0.5323240877686939
-1.130867359420435
3.380138441777127
4.545303326267128
1.9926691440347628
3.4486214153105053
5.577910085627052
6.144495761857041
-2.726959966012462
-1.6309594146331703
-7.477406132069394
-4.703954680893019
-3.7063491462344316
2.5385524432045887
1.0561850664439716
-0.4422863593632409
-2.770743161831689
4.525244535113918
-0.8925470713322137
-2.684802742546629
3.504361813665225
-0.9126285961986209
-5.001117779126954
-4.669548314734472
-3.0727991130637644
3.14901345807782
0.988242655099818
5.151282642836992
-7.0286434893273615
0.9021262512742179
2.911711570157238
6.00733251182063
-0.9377084470827155
-0.8411292538204577
-0.9402763086269014
-0.7885211631591573
-0.8848207793999898
0.7141395555234892
-2.366960546440218
1.3869977998720813
1.7913824505907177
-1.6479813815214321
1.7895339288341758
-5.7383372559493395
1.4480964268215253
-3.354890996758498
2.7514243297383674
4.386799682728759
4.1046215950532945
