1.4892044342727346
1.342803583722974
6.047088027452945
5.560802701767361
17.551752603406722
1.7641723545172834
0.7620321100292442
0.7877857503448478
1.593662576502746
5.641849892721407
8.893203279428864
1.4724070977023636
-1.9553940186481364
-0.6544066041096195
-3.038176709401836
-5.457017408367394
2.318992590040403
4.282265537059137
-1.4162443380931007
-0.5932044721953402
-2.4071659055651273
9.468053036849799
-2.5935311901262112
0.22076810496814714
-2.4389650220380306
-2.771122310668375
-1.2645974243616531
-2.105756171539749
-1.2716557639778954
-2.7732538259799497
-0.27827187318987007
-3.061800729691764
5.6932459100533
-1.9622618069442348
-3.0014359462043596
2.7709746401041997
2.61150198083068
2.289308255513547
-2.4910778470638832
9.989863848675938
2.4392299248582394
2.815916721078559
1.0718114307715128
3.8538702195093864
-0.23019794553739725
-3.725694210283814
-1.6721492434241685
1.7131289180973432
11.354006358649592
-0.5240288758037086
-0.8437882579107844
6.770437458610361
-2.0025328823364714
-2.804321727203169
2.5332748814799073
0.9985033651289665
0.4243940685397958
0.9596970794027677
-0.8255879394716653
-0.691714601045599
0.720649757203363
1.0381283855483425
-3.335625021893801
5.3569243347715885
3.2753019377847403
3.936040805836594
3.7472870688465076
0.8803237067160595
5.231234795095821
0.40533066003294826
-2.3103083642199422
-3.005787232907374
-0.5041993817397624
1.8449725804290908
-3.88806637287532
-1.3712633203404199
1.4686863753212116
-6.2949960245735035
6.700687620256503
3.059109800714812
7.421203172290319
1.4144679423028588
0.27263750612610366
-1.376583666104789
-0.67299527335417
0.8459387472179625
3.755516865651555
0.24952961937801385
-3.4958918539854427
-0.33909123991350065
-1.3436330821931963
3.3931817831462285
-0.5306653870392513
1.7124070241020184
-5.0980386826813024
1.7098311062227118
-2.0997798177471005
2.024387604480868
-0.466729957081509
2.7568445319404757
