0.5377866482131844
0.8449527394734713
-0.3286456096042939
0.37388505276364203
-0.37180399396755487
-3.1397707846394427
-2.895908619002792
5.351645913364095
-1.6403040756405445
-4.835521981367263
2.3063245718998897
-5.61152895288505
1.470182605727739
-5.980593803689307
0.18172940173098454
6.34821416563047
-3.246996459974863
0.0022744928838873387
6.802143970785419
5.480610759975743
-0.28799253679765
3.5745900639767694
5.356888385381935
0.8620003077159695
-0.41927403681518227
-2.8075546856895723
4.979140331892067
5.556170066845908
7.448617172731266
-4.445980214238869
1.049820154113785
-3.664770655992471
-2.4051826878708162
1.2140037264199186
1.0455354906751946
-2.8773719379566836
2.4600787360292324
1.9618433053325046
0.47443231383098194
-3.0795169479673707
-2.0674114163549957
6.741576297398101
-3.9693793483392517
-3.15282970287205
1.106495854353625
0.7201187506643214
0.4632831580041735
1.510732620455866
5.897991619034319
5.409081633175882
-2.8091430592368054
3.696775133214264
-3.398675677792373
5.761103399862351
0.1161024874760953
-1.9329785685694274
2.314999064785173
-1.6308532982345874
5.523994242069221
-3.2213411457297862
6.804191356272627
4.339533283034449
8.203398429222794
6.959521282932955
-5.122521037053411
0.5441403143608806
-2.8317577869435686
0.45165118135330323
-1.0164558643097992
1.3236544534765737
-1.0240816940462536
-0.7797516579712367
0.7467342533883758
5.780664950971195
-0.040044065824858414
-0.40943226905122687
1.5571084706717004
2.334898328974623
5.580906734155491
-6.088243125698762
4.959842827629016
1.1300883156361228
-7.851988685678841
-4.297120485550478
1.014742921931381
7.920502129194165
10.346022403018374
2.7846249898266073
-3.286078757907733
6.595301666762092
0.9430016647661437
-1.7309985635923077
3.1990173669042234
5.865145215055686
-4.969143123477916
0.07098503634040317
1.2184909812141689
-3.63118692145885
-1.4327497017608115
10.760484447561367
