-0.3411625604453481
-0.4244469875436906
-2.2389861962550777
2.4915574429812857
-7.182701761880091
1.9959473285085432
6.214369251601111
-2.2842470318009425
3.060393465878656
10.56818270272826
-0.18231206246988313
-4.101167506595229
1.3236636230211705
-1.7239442946793964
-0.8096287433968012
1.8501042752966521
0.6488578456132448
0.7080946912804581
-0.8036300721215127
-2.1878233269180356
1.2662895856945342
-1.3586245824459533
2.792519630004114
0.8911041776957005
0.38300467330376664
5.149722313451493
2.6479641702060013
-0.3361396279711094
2.287165376377586
2.521209777495574
6.323577385273957
6.908252319607449
2.1460895593848432
-1.7111831556950952
4.102112494694804
4.92429492668966
2.8055990896106633
-5.555583019473187
-1.1800125473636975
0.02637132837733077
-1.775484994427344
0.27537730133718585
-0.4853298826966427
-1.4241305815479652
-2.747772231058152
-0.9564500705582292
3.6644964854067226
4.311400199117416
2.3679251681202436
-0.39234604285601027
1.4991336558522945
7.882898026915611
-0.9668467445396811
-1.2205898813005245
-2.5635510502119274
-2.5082385494274915
1.083583225680875
-3.4947336120782753
4.625112214485421
-2.563115756610489
6.415265190416077
8.33836939306059
0.5956945104158036
0.9772490207951805
-1.0926457630551822
5.684112616970394
-1.352632296608033
-2.892398609875369
1.8003862826070978
0.10741537309365262
1.665365113968888
-0.03835506843653273
0.10766306914576694
3.4147271321566564
-3.8945333386934573
6.548131445867998
0.12558420922898988
-2.7489654318921146
4.967878215509353
0.1275813669723887
-6.331660859108524
0.7816717448960198
3.675223706027017
-5.393316712553279
6.694378124888156
4.698433469708139
-7.416545309795496
-1.422917926552898
-3.9784660032765133
0.09427218181560056
1.1243014200172066
5.501159692593999
-1.0224143735156437
-0.015811439051213676
-2.962133113336354
8.255398209486932
-3.416454243349526
9.952980341483538
0.7722227900013334
-0.06316698079403432
