1.7947048987218555
-3.3287087033334517
-0.951083323386313
3.5751000512169426
11.361974107440078
-3.304014796596179
1.4389512352055658
-4.8313893591076456
7.895169067593525
-1.3760958860320236
-0.3561726098058895
-2.8286612670126425
-0.7868691948514299
0.49995474238202814
-0.5136559378619552
1.7096195743614788
-0.8193674376068822
7.174057996911996
1.4409304759378574
-1.2796515321075734
-0.4329943889942043
9.936104793525601
2.776485537580422
0.13618498874843446
-1.4224848678981075
1.223875207067863
-3.3383185265741417
1.0964892069944996
6.815700698358933
-1.2153381123434719
5.666967259643078
3.2376937457156707
2.1955919589580795
-1.1817735361376887
-2.9662048625248194
2.4155304394460764
1.008183254846957
-1.6425274911111065
3.177099630930746
0.2028617493809041
7.885514689825329
1.9801985078708129
9.013768553682096
9.533545288198168
-0.068661551347639
5.984932107341482
2.608193918690392
-4.983195008675435
-2.338471195985135
0.8270522830636617
5.4078640492858066
-0.867266815488067
4.966862915690594
4.579126852938672
-1.4482809424199303
1.195382569773337
2.0939026119964024
-3.4378908044829566
6.9551176185295756
5.500681987888216
3.2938038535388277
3.9451056042792274
-1.3970856262853106
1.2855402629831338
6.34573233829366
2.934236407887517
-0.7976296482788172
-5.559488900662352
2.673414014618486
-2.0045115785049443
2.812228867719369
-0.8221634778685939
-1.8680314868115273
-1.9133666620355008
8.564790669001486
-0.09097720218215426
6.205957880113854
-2.7002870942148167
-1.5567478395497152
-3.0397175705851085
0.3008086268704093
3.081677058426259
1.0652341808124564
3.1819714589724164
-6.482501760930395
3.608941723095187
1.489252463403365
-0.20974722346012029
-0.7131484571904082
0.34835169917074355
-4.077877871057609
-0.1405318151229038
-2.988407586039784
-3.331440210575944
2.6350234101051604
-4.144087672315035
12.566236068735662
1.662311376158942
3.05710373441819
3.391064851785317
