0.8923286810818389
0.007645988280650677
2.9752491529612857
6.196795342121153
1.7696345893550778
1.935063495499323
2.889161362241355
-3.673951109722237
-2.106563558724856
5.401654401893848
-4.30086500013741
-1.3964763660047175
-0.9921923694087887
10.858178352882476
7.587461238308242
0.9954758697883646
9.332112236332899
0.5339866625104843
0.011729414825699794
0.32037878545903614
3.51053096296683
1.4332715206293467
4.092094768776007
-6.253287562676
-5.826797861951013
-0.5016343605408022
4.755597375501976
-1.3879331052930368
8.438289382328168
-2.7023960494487675
2.9671501233162654
-3.931703104472418
-3.447669242000043
-0.7341168332320432
1.4327535070207817
6.5459868817022056
0.15874150000634657
3.5198623087555205
1.2278312884376907
-1.171940521599394
-0.8483753131968692
9.613568630953647
-1.3731725821653202
-3.874791666395569
-3.4276141739224277
-4.279730768259094
-0.6423164857856529
3.930565181300611
-3.69100496554863
9.343844966251357
4.182874909382869
-2.3146654550759016
-4.979955935694961
5.360840791264007
4.76894753584651
4.568362799340732
0.3746197283960929
2.3821122820852967
-3.1056329335862145
5.758220270626914
-2.550318430194813
-0.1996377537630165
-1.8060377283644486
6.027442495467671
-1.1166945163846576
-3.0721515510628503
0.9973991718745565
-2.6471245048186636
4.4034674555946065
6.0261927697443465
-3.358794296728701
-2.585685762616313
11.573081634832226
-1.7232781601300773
0.7453392893676638
-3.4664340635243063
0.5137724877182606
8.848213037396988
6.596629682130985
0.7567680777266181
2.1156510978903373
-3.1579839881649394
-1.3187702048339989
-1.5857523050964324
2.758410353466254
2.3135771068476414
-1.7894678815500304
7.166967791451218
3.132947276427707
5.214073710783787
-0.14929357880869465
0.8345752516172584
-0.9521981527410559
-2.18077082059628
4.326699889675636
-0.6392986491756824
-3.0898693039880767
-4.222368320774512
1.8432799005774165
0.5796625219083695
