-4.510975211132406
4.058511443936846
-2.3489419884653446
4.856692984637891
4.063380925432643
-1.4425532777106116
3.6885282601812266
0.5876203244586939
-3.149623517515753
-0.7526217247960401
-1.801983663320395
-2.2717885887044655
-3.8572575421053283
3.8579439103460347
5.089057804518012
5.623285621972801
8.98821496992604
1.781309154415084
-0.6718020084553916
-7.175275883092192
6.168493160079191
5.469623798004145
-2.6542216991071395
0.619201900404487
4.266403499050683
-0.9338472409723554
0.7231354109237192
2.4707586245813893
8.731007295402012
2.495799019460587
1.356680400700025
-2.1433919871112908
1.0021237095084556
-1.666557727684509
-0.5720517403543267
2.376815112397824
-0.059037370373575024
6.069942112681084
1.7202675843935165
-5.221964905449546
1.1928852226549875
1.5704062704236625
4.562698636677831
-1.45516425402584
-3.432168726149065
-6.226460815637639
3.8694091653989657
4.541879635830243
-3.412385302149487
-2.881034431962331
2.388220351537639
3.3570915771877137
3.8429744312717986
0.49664659702845904
-4.489028249277947
-1.0705856885053096
9.368421820284082
-0.41888544094726743
1.429668970465291
1.4504175711359728
-7.147252552056633
0.4221358481214256
3.1859126949191445
0.7338355198016102
0.18724951300574522
2.5915295971207395
-4.012843997550948
-1.9044343135106825
4.466108172554887
-2.7778697898315867
9.903966855402244
-1.7359584405834452
0.6916980773597222
-2.4185932226482567
9.31898811097688
11.948708028133087
5.409215604724176
2.5487378708882273
1.606132494030279
1.8105690323252912
-2.426674756877056
1.6530795705397132
-1.0805737304648635
3.0803567512159105
-0.19858220155724157
-5.544493887759687
1.8136776276851156
1.0861035024759018
0.3299249552574598
-2.019645598728889
-0.6568280813262017
-4.295565427960348
1.8561686876417882
2.157210622923889
-1.1369128538197972
1.0751975040274158
-0.5137085845244925
0.7383012691176465
1.1838549481101674
2.410424736547567
