-3.3592789385649717
0.928448322488594
-2.5332689186367183
-1.4794444341247388
-2.89785630005128
-3.742722147101064
-3.279604106295846
0.8803938138367544
2.110868657236673
-4.065463812231016
3.629613062307517
3.805434172512034
4.026387902181446
10.318374981783785
1.1806347466853109
8.2642701394354
7.694481940283395
1.424503284132152
15.715879427842541
0.2986122410791503
1.9714125257871082
4.351692012230343
-5.225257673721915
-2.792486465075367
2.62076669708921
3.315186161379248
0.5240093291891339
-2.617501877598466
-2.016163083089066
-2.1062852954826754
-1.6837049701931615
3.2526431332612895
7.220189534832385
2.016395922505612
-4.8661492882568895
-0.09181096138732961
-1.3536379847036186
-5.509089762034612
-2.6858697655927717
8.001457550742105
-2.024485651031996
-2.7054073514364196
8.196709227483383
-3.221268123153634
1.3719256056013722
3.862723929433239
0.46703441258313644
-1.6852573001444642
0.4941302969242394
-2.591957022223593
2.945938590990447
-1.8782754933103913
-3.1091254900442182
-3.4402790791043203
-1.2663519999059991
-2.1191700375210285
7.622461224788769
-3.4004860418411345
4.442411457292795
7.587140539987013
-0.614521775467074
-0.8128195549897649
6.429811463900977
2.509512428786657
0.5229540186179213
3.119412604632738
1.2893750540668083
3.0924073657649163
-5.454870554965963
3.990754879116981
-2.3277857700409608
-0.9974737475372867
0.8646939514907788
-2.2573281872008444
1.4600184712246544
-0.8663066408645317
-2.9624922838894614
-0.15025095251415693
1.4380397179001227
-5.815278240755584
1.037745326331484
-0.6661931281493942
0.9721748838693172
-2.0326681887422184
3.090726789545747
2.371668096884027
1.4782388435064657
-4.415883665011902
0.43556310348330474
1.8245357550924817
0.751644999266375
-0.026732187161260842
-1.9239248036397887
0.3875673451009647
14.700301344882917
3.98698110888018
6.221173622442584
-0.41668087781401497
-3.811063998465257
1.607992392744828
