2.1051951331663656
0.9834433237926826
2.6090070383266895
5.043095665005588
0.041354080057413645
-3.127130766714596
-2.960067912947311
-4.155208066045456
4.479476319762397
-3.451475319493822
4.34924021886577
2.4271832425098987
13.97944834139063
5.833882232356617
-4.5863740664975
1.5326082550631024
1.0390944116036303
13.812878437311854
13.483199426698828
-2.1414830999023193
-0.23546103576179253
3.3541863197144988
-5.148811796844341
-6.085378437500814
-1.1934947819934347
8.860783866310365
3.502476405182756
3.5940951548974827
0.30003879077217355
3.9525860891618834
7.1147791550421555
-5.486972824592703
-0.4325423123128138
3.5320491458248986
5.978659425952154
-0.6919628454248641
4.0878408668444735
1.4137992939372603
0.05205051808612389
4.475025295790479
-0.0036288457657122053
-0.7763525334115317
-1.7875300592216439
0.6939433211066356
2.6257862131171255
2.311358852839092
1.6387247278823476
2.602716545404734
-0.6356423577385556
3.043559133687242
9.720773789438116
0.9672937685211294
1.9386093171198246
-5.893058063741321
4.2256616020535445
2.826165680373052
0.2217098651274391
3.433523803575037
10.367822934554495
0.9216984573915545
0.9380879482377604
-0.19273274060936096
-1.110412397789864
-2.040262289514716
-1.6482701632032581
-2.776364213614626
4.159538128347454
1.5549268572128998
1.2498012579947384
-0.3672185555846288
5.0281913074032305
0.8836339034024124
-1.0488749520848364
1.6557828736549953
-3.5955863455811308
-4.327576625778825
1.440771737468426
0.0022571643935177
0.3936403706349565
-2.7831647153818384
-2.9763468186131288
5.027724575303029
4.521660352992614
9.184667166972181
3.579614414127773
3.659783370314461
-4.5257171645543295
-0.7683446764893058
-0.20469681874835166
6.96019032290482
-0.42561132906777416
0.4616106190151308
5.535350112121218
-0.829964767195194
3.3447086445780823
4.748765038821677
-4.20026562393647
-5.359700930949249
0.7781720667242493
3.3289697123421256
