1.7721237884536287
1.1439664830964271
1.381655115014719
-0.33314573241989925
-8.170828113763015
3.732303760042597
-5.653238976019821
-0.5396153734052955
-0.2690686091173053
-0.8037815564359997
8.246033375156788
0.9698830587081981
-2.252535980153608
1.6738833447896393
1.2324561066068869
1.5864847962576372
2.282299684474113
1.8441521807263328
-3.256210124334083
-3.221884098460791
3.4122382391064385
-1.4678874782638558
-0.789778277025321
5.967273233704752
11.02225744227221
-3.0727179915357574
10.878422393588915
-1.652917254051937
-1.6881156464498817
6.261312791611066
0.14672130806345396
1.3137479712538989
3.241298536761344
0.5519570701865822
2.348851306332442
-2.556203681629353
-4.844457975206207
1.5921642490827286
-4.39598838753995
4.070194256288872
-3.9506866992258267
-3.452642545754549
-4.407428280853092
4.060307661840056
-0.3301354943521036
5.465241267231153
-1.1926356656733428
-3.661387769721146
3.3006517540491895
-1.9694400972796895
5.802487712939702
-4.0833871749213255
-5.640571324248669
3.971859350553879
4.231207128558378
-1.9266808388035477
-0.11832709407716467
6.299272850881033
-4.432303204527716
-0.1297086542476924
3.9229254914134524
-3.3434528168679827
-1.9644291151161142
7.973903338731951
5.666245441823021
-0.07533341156725545
0.19849642860722277
1.783969301148098
3.6575398407989645
3.83156796142902
-3.1463278180516108
1.7670918302851155
6.880763045320664
0.7150073040045732
-1.1512727232110267
4.270595938576498
-1.8644989632827738
2.241845850205871
-0.1573744346152835
5.604106508151952
-6.708711386466635
-3.2452913323438732
-3.906569130967556
0.757242099089891
0.7894104160111103
1.4251625655337756
-3.620058433317438
6.878353679097533
1.3666230303289963
-0.3675441603283355
8.047276440244488
-2.0455896147292085
9.461342221407833
8.890889510939736
-0.17286969627026721
1.428846430695464
-2.554958169651097
-4.3532773196198224
2.784071600034631
6.991761447526993
