0.32520993502950074
1.4255763319062282
3.477910755683241
-2.5264384961640385
-7.119227589938544
-6.445328721150133
0.8739775037895389
-4.027833191711264
4.036228948854211
-2.499896169190606
-1.3758253573239911
-2.354013787430268
3.5100202198461927
3.358345379426937
3.430382518232258
-2.1394141152877046
-2.1249127434818953
-4.1754633713495934
2.856179792646402
1.3169768931338575
-1.8726110445907755
7.560676044323929
5.954211947021722
1.8777543363106912
1.520650941796216
8.304559019935105
4.573751704604525
-3.650930484435351
-5.802900207085162
-0.8575065766995354
-1.3575637279813706
6.725376174295249
0.7374921488582915
1.968220176117677
1.4700497132068595
5.311333252105918
2.7914513113906025
-3.028084174676742
-0.22319742969092993
15.018982154163885
11.743199447951936
4.714816614995092
-1.0644833849591295
3.404307096550511
5.058570243656274
-1.1233259733116334
-4.220868221711956
-4.502478583059898
1.0859355690644152
3.1209062339947806
2.6406525376082186
1.8116761052435641
7.1991759310643495
-3.1096063595622754
4.637515662319261
-2.3975327158405593
-6.982792630610794
5.536015692040748
-2.4030086535702946
1.6477928868491878
12.614750705955519
-0.10465251954215465
1.604434281239794
5.784875162323553
6.635682692439317
-3.843642943522984
-3.2534107903073983
2.538246894122305
-1.597783892273021
-0.7726184610555801
-2.6642321632901727
-2.6363103767799063
-0.8046022216556707
3.31626957830092
3.692149667894837
-1.8567589067119008
0.005973861855125953
7.147251144991307
1.7327916425191037
11.880702027549312
0.004692257331925522
2.948100880582003
-0.4085422668667893
0.7258993305543194
4.696551026422482
2.590612510085456
-0.7168939903701594
-3.0863807053895336
2.063785545454191
4.524127989794324
12.59573423111908
-0.6958386886006718
-3.4965897675144677
2.2649342183660495
-0.5756843035712828
11.1064519257399
3.245307131368744
6.090954160761015
3.890656144861496
2.98214516007462
