-4.514957709289127
1.3823691818287458
1.0410770993085012
3.2617624320740783
-3.058014096812717
10.202514231574026
0.9039631544359226
2.677985739147337
-2.659120047211199
-0.23476139498102006
1.6271352972759079
-3.065211505508488
6.466773987954102
4.412014221500988
0.8663495898628066
4.558069510177111
0.2782769933821668
3.431656267174165
-2.01925377641392
-3.7172830353709427
-4.0861985558822775
-4.273393995444897
-2.8694570121341743
1.1775965900859307
0.8469123915804966
-0.5048817873284966
1.646118471367195
-0.09862002602966932
0.3588323838697331
1.8195024242259645
-0.3646920486016989
-1.6843382037239722
-0.7691375688946431
5.684831982820233
0.25440640772363643
-1.7142798352952364
2.074414128714316
8.522016198935424
-1.0962090043478463
-0.21563799050940202
-2.846483567948902
-1.0833492399990972
1.5685677658875248
9.879337961714299
1.2021992057090463
1.1189086567246065
7.427379693925931
-0.7477225025622578
3.555242372281838
-2.8233292036758924
-5.78821605029647
-1.6467325253758438
7.798928427583771
1.1657574206140917
-1.8592696169424308
0.52350062134276
2.3202755319960855
-2.7292319251149113
1.3398938659809625
3.879465170933841
-0.059483092847929214
0.10981921142705398
-4.075174700664685
-7.860394893481054
7.26218564549187
-0.6848812373170853
1.1448842768880843
-2.215103094203756
0.37443736359032387
4.131993414495742
1.6784339649342195
-2.952045686194698
0.9292295824260379
4.270409617321681
2.9238543799374934
-0.9528705558737596
-3.4713398015761396
1.685758051062074
2.3284124659333605
1.6941985437239744
-0.4638601907402169
3.1676956945605292
0.7612645431810428
-0.8666764382597092
-0.8925705939737292
-1.4432399230031199
8.924136615179199
-1.8945729174661217
0.3195962668587301
3.478180217553746
0.2060738564843803
1.2043520893756732
2.9543224053079054
-4.293842170559493
-1.3772861472828681
1.5835968395283178
-1.141406864474205
7.222736316065033
-3.4031665520047207
4.729330787614179
