2.3571457479007263
-1.6773529014668607
3.762440692016251
7.518922386017239
3.4618758686191473
-0.4584712624410434
8.649996848878368
-0.15101976373118836
2.887753618029975
-0.7405872532302455
4.5999928234303376
-1.6579309151876165
2.0927193886071764
-0.906125589137893
2.3976552476678346
-5.284721993953367
0.9922974778438098
-5.181732443422844
1.3281922506697292
1.7659104236870256
10.856767451910237
-3.1324739755656097
-5.763421818208743
-2.8287599063555753
-1.2645726083800661
-1.3551406346180066
10.128286523025217
9.351387256471531
-4.532966750889315
2.3409882123479364
-2.3943306691997406
-5.030392433031741
3.879603393155426
1.2058714674414537
1.1336627128694012
-3.6863877145120654
6.045944560460929
-3.3713263611903463
0.6441310105135969
-1.2064354224109972
-2.07728887183179
2.3944208364381554
0.45993457197765747
1.3831122320683396
4.394497976828123
5.710260940597804
-0.839443691413335
3.628413881033498
4.887663045838423
-1.6206661057714369
-3.204476177829264
2.504572027335829
1.4424305693884578
-2.5716513779135033
-1.2584856982601058
-0.44404773214817955
0.32982445459728355
4.181628082796616
7.694234803073306
0.285536358337958
-1.577659983330564
1.1361731133742294
-0.04807751999630735
1.1445649850822903
-3.043635825991751
6.675276454641576
4.261935818184643
-4.318365189268589
0.12167276064702826
-0.9189935156541751
10.801481167002796
0.8777672361075239
2.255973356552744
2.3589630041121876
0.6019636117295566
-3.8902365816235607
1.0818117182336366
-4.224410576662628
1.1772529624361983
3.420033258430844
1.4110956587348829
2.3683170232939723
5.075881931102321
5.817674146253575
9.565486206540397
-0.45128122792184544
4.646388426131936
4.679047790287956
-1.6502125846797724
-0.016753288569341447
-5.084408170672398
0.3188210068188442
12.233921161423307
-0.7515367140986448
-0.28205707062228264
0.5700719239513568
-3.327378896773989
0.22573845137562637
-0.752114146478037
-0.15292415247739913
