-2.445215937712778
1.7090430469080982
-1.2862811662675462
2.8270442744481357
0.768354479266395
1.875959379940559
1.652839431182227
4.749934421178018
1.7112910937373227
1.7274446164689183
5.383258458118931
1.2873775392262352
-0.9532627527789403
-0.45027507975057485
-1.1247817206470487
4.410001169053012
-3.897144051211242
-0.2544613329589025
0.2631366525504618
1.9144895559010657
4.305061201930928
0.9161000808858455
3.634642263702422
4.951488141833907
3.3542444178850683
4.758983951025586
2.0720138503912486
-3.404419184362702
-0.35979561745790267
3.3730875798737388
-3.2259949543396065
8.836459648626137
-1.2184743522548873
-0.6264045891679872
1.4759559320172453
-2.9320099111022633
-2.5836730708685653
5.1164227663848205
-1.957879782099714
3.0754119606619374
-3.3980584303513046
0.4599088659088827
3.2023985732279554
-0.8153944102477775
1.309916568504172
-2.3270627215838346
1.2029201693178324
-2.000611619048947
0.4889601132985082
-0.3661388012346345
-3.2016024589241754
0.3014252416494128
5.269730754884665
-0.7420710564822326
0.9663722587272642
3.501770149410031
1.2693433916766996
4.920180743265952
2.0103229107566216
4.408061789566403
2.4626419262918797
-4.024713974895394
7.5142218571266355
3.892031442741921
-3.7876797741539683
-4.995085190078774
-1.8003874933932953
7.231310416972416
2.732301833227445
-2.4079972918338957
4.058064367693342
-2.1441304252272984
-1.4588859886751004
5.403890496792131
3.912752595912339
-1.3113819482071178
-1.2631398974959107
-1.2608452754348123
0.9279254261553973
-3.23483542620661
-0.6265842534408734
9.238899459859098
1.4236249023124534
7.823199469217679
0.800416649105537
0.7626781093509907
-1.2090528042704578
-0.3871609398473702
0.8230250643572123
1.3924177118390897
-1.5784000915286773
-1.1076088958753012
-1.4056269106157235
-2.3983052663459463
14.107686393965992
5.578098882234755
10.321842124697447
-1.8630924196349823
6.326263327270079
3.529466610355297
