2.2335457948983657
2.815700738843261
-1.527427704199436
2.2804812364160307
-5.531528904702068
0.9851102225630746
2.5211084944736926
-0.47126575963854334
-2.128178057743429
0.1839207148726166
-0.4420723790665747
-4.3339145937200625
3.4521031486797487
5.8933438623902505
3.09249431791035
-0.7464694953375044
-0.04127804219728907
-3.210650836644888
16.62719721463153
0.1154381229221585
0.06208642795431256
3.6668682640403087
3.3486739559287946
5.241349707275097
-2.5609219268068752
0.05100513335562587
-0.9232283194770439
4.162625963352944
-3.220315147830044
-1.461910120050521
5.021949121961422
1.5667983519137256
3.27022513944552
1.4213615388656495
-0.8959694320111582
1.8832376241119788
-3.2264995110174883
2.171664164707722
-6.451673329509925
-0.07812243628985718
-0.19846733994364224
-0.8040315066040744
-1.3764587020106323
0.24932422694010548
2.314770757777773
-0.8229896588426189
2.366008053942573
0.49221688233187144
-1.42214864676139
-0.26765124156458137
-5.10020307042228
6.771571566204396
1.217862645415834
12.210383707989905
-2.224272519907543
0.8160830785161537
-0.10599814346195086
-0.20421292920194573
0.655221473205394
1.8286004515173093
8.798706870975465
-1.8519871369338707
7.132883120803302
4.268228589568487
0.6707874323647687
2.0208312363769654
-3.6398306417986426
-3.85350740862296
10.968356952489183
5.877241541776071
6.242412262628963
-2.87601727044962
-0.6569680011173795
-0.6791879718818287
2.676747753494922
-0.3571618889058559
1.6059276972693892
-0.21073452073048643
2.141128020963958
-1.9848634555855027
0.751630559282905
-2.0314161637717456
1.9382962439102887
-3.685339514539871
2.673952710369825
-3.035528611267945
3.0817807154984314
2.087065684963427
3.0688010144207816
16.994522423987625
-2.497396462234705
-2.270874525972912
-0.6462263831029559
0.43078122499627824
3.7723999781115563
1.0025119878809838
2.7557121493814094
1.4684938191369643
3.257438759914555
5.671284321752259
