0.566293946621664
2.908056934207808
-0.4625974645960603
-1.363452536070699
-3.2998374364107383
-3.3045291276695066
-2.5585730953609875
3.541268632395759
-2.154327483459176
1.6255406764810485
1.4860581947680722
0.8886499995878303
4.645476790077446
1.076674947116562
-2.5594016379923343
-0.8963820893470804
-4.528860630719697
-2.301125354916013
10.461261811274417
0.9610083572396162
1.1661759982323774
2.447073963866047
4.784484603312765
-5.1855975410992805
-3.591492842728486
-3.1446172443818377
-2.099890742766629
5.333639035077112
-0.38578287260125455
-0.2058182157195556
3.3105227933630212
2.46749305432595
-3.591449434250019
-1.2494025401800106
1.6095694453152332
5.009666692238818
3.491832312873344
-1.9433620850163504
0.48959445847897276
0.9970231789108948
6.780850362251467
-0.4458200842328915
3.988619424037144
6.980259234875943
-0.9933320968446346
-2.2397090946617753
2.827362058291639
-3.237265527064249
1.655763346020445
8.71786669748406
-6.595570620299004
4.9745419383919645
0.38824326379633267
-0.19469342128056707
-2.1294360532562138
0.1266206767350363
7.417345477566974
-2.9340617640460254
1.818742206386712
0.0892607656343234
6.412322459845284
-1.4306715753987125
6.099257353613859
-1.9808883356370313
-0.66437160725907
2.7853720507561963
-6.416953757481717
3.6005092507439684
3.5495741682328825
-0.8686478401830735
3.2565467740617975
3.8059676203007786
-0.13004722097455038
10.932141600541998
0.6106629764731829
2.240548460443068
3.4687232615411507
-5.626564226936302
9.238654316044013
-0.27668857878082054
0.722671700003557
0.7230604912889955
2.6020591659196253
5.434721249365903
1.6371312443692847
6.292826858444736
1.5850522334248685
6.880101181674966
5.240570815759512
-2.6607614585409074
7.893603964747616
-0.11108513519609295
-1.212235217452525
-3.405003365621452
3.977248627559815
0.5211562240900622
-0.20440466968351817
-3.583193633665429
7.363174044371463
3.0400835836674456
