1.798253501546806
-2.1985731142617273
-4.194601497119178
3.1501041769343168
0.49129859306364726
1.610925587194143
3.064371094685013
-3.6791458849911587
-0.18110736061987348
-2.546333544752576
7.326986901169974
0.16869974766231774
-1.9611527413093288
-1.7155492296148709
9.228298221733557
0.8251161704052583
1.1912771281847374
13.641977522835813
0.06263278612982937
-2.3664685636370972
-0.7526927617460745
5.997550584674037
-1.3782532812431736
0.40789570153437904
-0.5838707771025415
-11.04270181668289
1.592924876519631
5.514339482356661
-1.7652119469714638
-1.9039057570969387
4.4025591498035315
0.043229638889966136
2.3962337387982338
1.0028279639825013
-4.54599248063164
-2.404578867110595
3.5858876963505595
-4.337050385500185
0.4661252804871777
2.615647353260595
-0.7898074041955073
8.070793171583368
6.717748601018385
1.4233081590672438
6.938665343601015
1.414040725714449
1.8240296301213248
4.771525468063205
5.025801871887433
1.58723922272303
7.131393777926105
1.651398810284206
2.780454438321332
-4.55647694218618
-2.014023456356239
3.0702769409478554
-1.0974897984738239
6.925856218054385
2.2520381849159037
8.138484349020015
2.226206060677983
0.13171388275656917
7.26497386623078
-2.8012173149817055
-3.623318504090072
-1.1015943785466162
3.9033474772706347
0.8320013113129627
-3.3218512761746997
2.81341152515325
-2.6342294236166013
-0.005959525690846644
-0.9003471847842166
-2.3121367002695608
1.1762961277063497
3.439055881889626
-0.905326381153501
1.6878414231586458
0.9493568178238938
1.1205129758941323
2.2576699516723324
-9.361518412392403
1.952667026569475
4.0981068274742185
-1.7877931057514052
1.8748825506336695
5.323295230546112
2.906846971908433
-1.5071466546097758
2.7568123508977864
5.176003785150511
0.6434538529421854
-4.728162365094194
6.82397113818938
-2.685542538480921
-1.1960624370157142
3.9558828318362638
8.356654831041386
0.07138148687590673
2.6170732968717685
