-4.228708390232471
-2.8509642951285246
5.105171453653291
8.435943180919974
-2.323422642053315
4.248699169685316
6.198000880783121
-1.1452346398210396
2.571483611928139
-0.23368810184082692
3.694789117597985
4.915833909858291
-2.8204158197775095
-0.37934669132354293
2.13617341588347
-3.306035262440922
-0.6913784779825667
1.551561423066048
-2.304358176443308
-2.427556451363145
8.899622556585738
-4.920458348026503
-1.7169812123090957
2.681191015458541
-1.294857228387873
0.5124457062751597
1.9437973156998043
3.910888841905779
5.73679160425181
0.41388619906686896
0.12641394089532526
-1.3150200314741918
-1.8747898966106793
0.04619079685437622
3.659353109160894
-2.2928034896506873
-3.758968056655764
-3.991332708137432
6.59846212043713
-4.586457281245462
-4.065621717518859
1.6046569795787797
-2.260430627126543
9.077146480804073
-3.7790422683265237
-1.7204754274584462
1.3695604118046423
0.6248219993030631
8.367690534438994
0.2883105337433564
1.1732410728994287
0.9702986770534456
4.277818949731577
5.662041223259622
-2.111847202122052
0.7059672051763313
-1.5788095546731813
0.07604241127635486
-2.4632424771964176
-2.1110740643149195
4.084400282509486
5.77954245317038
1.8451232023306678
10.754939618365572
8.368109790826347
-1.2883218784852632
6.075930415866699
0.6119279601877827
-2.9318247985683428
-3.429133747682111
2.7307119316594015
2.594272573264798
8.770802816740328
-1.7487185846792868
-1.523623169850982
1.6334050981756327
0.8277467679773086
0.44742800966384483
-0.5414838047150766
7.344927833310734
1.7325125617921948
-5.2319583807599495
-4.452377758123486
-3.1525811387833853
-1.1300058106575785
0.09001689159033843
9.05086673978317
1.5204358207878497
1.2089742678425062
0.8425277966398659
2.635445989501584
2.208297087039943
-2.799418674299886
0.5344333467283249
-2.689262351779479
12.161860876722935
-5.153772503685739
-6.652310869723814
3.617593216551122
4.426446159031819
