5.120177280661109
4.965805455719918
-2.72015857796188
1.151945747778195
-7.049946080374474
0.5716417366068098
0.09358844906733893
3.714886808622371
-1.731529140934482
2.8223943019848674
-1.7641637279637221
2.1254628832454374
0.6167261864183133
5.370850975549514
-0.8001862409084444
-4.530948128268926
8.72270514452213
-1.1703303096747826
3.198189038120414
1.0264003158869686
2.4284701668467252
0.24931842788424846
-1.3029440629164435
-0.6618307008566627
9.53092200104525
-1.3761381238719717
2.114071226275821
-0.4227587035710741
0.4588835665150528
-2.7931695924360795
3.4877101118625475
2.245497021232513
0.27685774534993746
4.978186300723388
-0.8560176764894376
2.3144959224760973
1.5178917994931171
1.0561456175556885
1.6819519702217967
8.257331836239189
1.6666385335411151
2.3864997312401615
-0.3982960221623152
-2.481097900952069
-1.9723209449727495
6.656293692547704
4.024626712396172
4.736405621172876
12.567982981095577
-1.2815098673971297
1.8374771011148376
5.151987295105804
0.1619121124442504
3.2191333681635186
0.04637786285015299
0.2878029253245582
-0.6084382152985058
-1.6751747699477273
9.189609369351242
1.2822074509602945
-0.11450074661835698
1.5842764860644118
-1.941965213282127
-4.522858941909972
14.634224805544484
0.5937299683009156
-0.3579040065866191
-2.410477742256474
0.9110240093826922
-4.268710745092385
0.2726810768540035
13.456859819775289
0.5398223634696467
-4.448247952126041
-0.8261485633733587
4.37597472107284
4.172479432035965
10.916653241608872
-2.677987407217276
-2.944751837075906
-0.46458855000508814
-4.792796736194281
5.662850021299864
3.2223626622795916
0.026137687000788896
5.202234442969246
-3.0061549854839753
-0.34904502590151826
2.5459432399178956
-3.093063970429008
0.40861461148580924
1.8606003719062678
-4.8347536032004275
-0.9519063885308731
1.1365637921211245
5.452000462457725
0.8441562888683476
2.0627332719303753
-1.7444234311504443
-1.2160049316063555
