2.2240179354715384
-2.1237079843914484
10.980505784023517
-3.1586080643175514
-1.031420134288287
-1.5100708015379598
11.787237215667439
1.2025048554126028
4.924835175132356
0.6116281874699583
8.014497535274675
5.466302548513593
-2.471098355664774
-2.6939154762818083
-1.2717100197868145
-4.298522050194916
-2.661875666584933
9.85684890700615
-3.5881294260572805
1.2435338475674464
-1.2436005267888108
0.05566040279172901
4.545767309457537
10.46897094094738
1.3116887488073514
3.310041329442167
-0.03730294026336878
-0.27032867327611276
4.272219548940367
-4.987226252010146
3.7602736312164584
5.571106630394734
4.100874925920821
1.0910863292799036
7.433335928700739
-0.2617190543353648
12.629728435869172
2.028639932641421
-0.34456455867908453
0.08167510807303514
-0.2724852276435165
4.327341503724743
-4.175001309103464
2.6185964102869907
0.2413265000032724
0.19261401623568036
3.725152359663575
-2.6166974961508522
-2.4367677662878005
3.5810373018293644
-1.4398686064886879
-2.4966185517160957
-1.7560564019055458
1.642019124907969
8.750625363179266
-0.6220036568668563
9.221112166897445
-4.195143301769782
-3.991794400407575
-4.019318674559506
-0.12666386062326476
-0.4067476030362149
0.8004266872426955
0.5172723432280415
0.48009769408415937
1.6518077764975363
-0.8790413973962131
8.074617763332698
-2.9064290563338044
3.8068811524000266
-0.9749561170059031
-1.0183292250063776
-2.202385843048591
0.093744588003466
-2.3679521933448675
3.2228052218459537
-2.301514466532943
1.8460241671781492
0.02502367784633697
3.459873541231379
4.260950613482374
0.3945767959040739
1.402063899976419
2.409848220634768
3.4474312991826883
11.124959613820392
-2.0494391541121684
-1.839255322562916
2.9664501667163417
-2.2443407463768232
3.3804814401052825
-2.9492358915626227
-2.6356322486474033
-0.4064531620884372
0.5783337030633102
-0.12163796160939702
0.3042783372645742
-0.983468308187275
0.6802651846010918
-0.983484706975781
