-3.3939520012340942
0.10817979833760295
2.1725169283326764
0.06691861013834079
1.9939144771008714
-5.010631909802845
-1.3971069675130978
3.4131119874923552
12.147843124033047
-9.895729356835616
-3.7965034792174572
-5.403830062553344
5.292531016062388
10.74385889461861
2.6277491094808285
-3.005599251161415
-0.2153255177649091
0.08139982299088021
2.0571253976173054
-4.137516299846318
-3.475415058646962
0.1383600123951435
3.2864562336964234
-2.330816805270584
-0.016521366138212392
1.1585121409337646
10.405167873887361
2.4673445632456263
-0.5830733082011545
0.004511663780370991
1.8835566185972028
0.6636876643577341
3.116479262180421
6.31085215006743
-1.177324964738305
-5.108315825775872
-0.2629668066594816
2.7935872581522894
9.988661179589666
0.372759958859199
2.503521884489313
-5.400368140010354
0.2228055410966548
1.3870906921684685
2.498336272112023
4.4387076627346005
11.896199521791555
-5.091366829354762
-1.390744144435594
6.202077727964738
0.7198296213186117
1.1835117212597561
2.8511741433868476
3.3739274207729
-1.6745700988558907
-2.9798246359220086
0.28269459648962425
0.3779700874012848
12.145138232685357
8.735720101294802
6.5161501134346524
4.581490560010024
-1.7444982069066313
-3.198268361809756
4.9160756519092175
-0.39433169585130523
1.7150576690202735
-3.4538557314087983
0.5818913856803616
1.9062905787695874
1.8723823980649328
4.216063755473055
2.020664450084631
-1.087885145824464
-2.9475680513594087
-3.0877667654941203
-0.6566861263694931
3.4641291814699278
4.241829879734162
-1.188963049067727
2.7310132572764365
4.003412814418694
-5.228239896243757
2.8616375611879157
9.918575213309703
0.46282512546218935
6.413112546943564
6.450405106495491
-1.8152360722457694
3.5887532384594873
-1.7206231745766294
10.09222947838472
4.524619066467372
-3.8935147586362593
-3.9458340381444597
-1.3408449710734818
4.0940780656466
6.78352166580914
3.4478679915436183
0.3037229243993056
