-6.414815637087219
9.555250541173166
5.515084884328977
0.6139798492026907
0.6811552072563517
-2.1773837023468303
14.181765667672718
-3.4219823763935944
0.03953533521994
4.477294120063401
2.1539116153872753
-0.7823129584690687
-1.2761067781659758
8.65366904233098
6.208675642611774
3.1795792755715615
1.5515115181012031
-1.4277823525877718
-0.7889860952900363
-4.2328398494662665
3.2737104125707557
-1.4515508464928077
-3.571320924517768
-3.0870273439641154
-2.4577724152626264
0.41340030246452175
1.2893103423917578
2.3233820758446617
-1.7067691339177118
4.976420300518001
2.33843300980263
5.3520645409217895
6.614480580397806
0.3488095680556119
2.2075196080113835
6.268235546225018
0.16241129248093755
11.382131807974728
-0.7012858789203622
-1.4339083021446113
-5.1460600026996675
2.63687599986959
2.5441408974369555
-3.6450739657270668
9.036959263225942
6.768188003032798
1.5567657090396834
2.18826176539841
-0.013610253205635914
0.5283730543153606
3.1388134941609156
-0.2456962919315039
3.7573059353659612
7.277738631072788
5.340859425319263
1.218470043381453
-1.2503823067558826
-3.2110037315932605
-2.199477791023978
2.4939018918649047
0.5563934171875018
-4.160406625849475
1.421351903236355
-2.0240564063412574
-0.4550067233134107
-2.7647062041339674
1.2354084408890786
0.48741303417667037
2.4670465264483634
-3.258169703624649
4.253090416650071
0.12673743759405914
-1.3935492628073387
8.603936673205126
3.974985221482423
-3.9660920394951162
-2.6986293167897606
6.281788653715413
-3.1690509615319344
-3.2019981762690692
6.303580651405129
0.9263446405534067
5.086336497859812
10.95595855410929
-2.2328388096280705
-6.176727917484927
1.934010629743466
8.438744950195566
11.304920737470624
0.07176018874475311
-1.8696049818270009
-2.8009268287142612
-0.48675998297409095
-5.192962110878487
-6.324915990590071
-3.4407439670296838
5.86584884163022
5.167234769550522
-4.338446516080801
0.08046864270413412
