-4.848795268084718
2.0906570620414118
3.199597161441188
3.729307495761664
-3.7585503551097394
-0.03447028242867348
-2.395555252570547
-4.628835545197528
4.273938397834328
-1.8527948217298957
4.28614066271845
-0.8225937630099927
1.5661405728526683
3.654446893239711
5.358421144834561
3.5254413430213125
3.190018772216673
2.3023675961933194
3.363077776729465
-2.659242405291145
1.7848795310124248
-1.941457275007339
1.277641570477812
-1.7904720991908305
1.7545741274280044
-0.50214519687502
0.3725754086460883
3.8845900227786663
1.2242042750703166
0.2506995187214872
6.860666984057036
-0.3090909114743444
2.606612829724761
5.558682425610455
1.058796107309863
11.964418456861583
-0.8267034742565289
-0.47688695784463675
-2.1106579029417762
1.1399227621360914
4.901599221576158
0.9640283476319704
0.09029789862931843
-7.070338796185735
2.5545290894479145
0.2098330698481518
13.084462245515336
3.2463981818514984
-6.0457137812459205
6.05796309794916
1.27259594979503
1.014061885330714
1.0314131582044996
5.807148874445964
3.6061434972297652
0.3735814578509169
-6.591362859153823
-1.9085602072441987
-2.93951948075973
1.207902258245204
1.0286114234109176
-3.613573747978478
1.9876765009331674
-0.38115654937532756
6.928685047810336
8.462917613862034
-1.5808185554026735
3.3063601290445477
5.898615461088724
-1.327282913868402
-3.0347844397745227
-4.280293507358228
5.502087431773951
-3.3531271132682616
4.564197013936425
-6.183715600809172
2.451832973843705
-1.28171639839288
3.7451016465095623
-1.8891607954069687
-0.5711033876854708
-1.4944267312619073
11.894218503755551
-1.2944591336685156
3.8884673209933243
4.453021864275094
3.0520570114735532
6.425220229025418
7.138984328272781
3.7836858906106796
6.110533845051667
1.6053588026710055
4.351636524254889
-4.582837227017122
-7.562624378814266
-1.613636683374799
-3.476334404992251
0.38969871447779986
1.6407454055099517
0.41982427159179914
