-0.12579563729723858
2.2539977950968226
-1.2581612870713292
2.8034896796270385
2.178025017635836
4.816955002755881
-1.0788000793843524
4.724679778128046
-1.1624007929881037
5.905193804946834
1.8068686619770622
-4.133769961622701
-0.2771853521941994
2.8485606372031613
2.7127196041658683
6.820070285829133
3.3647246523848877
-2.945604052617553
-0.2043681709992525
-1.1531862663214714
-4.898140658118421
2.2902494822700183
0.0987393623231961
-7.257309914776755
2.9006593548524955
-0.12832134723189076
8.074293922050263
1.7905375887602264
-5.142570086078141
-1.8620495268976212
0.2907796228508497
-2.89553765146193
-0.5088629871927763
1.7302615570892477
-0.12128220453380756
-0.13089528456685068
-4.3183401120747735
5.711124476210822
1.077234263216545
-5.4380937169104975
-0.15917324997668456
0.25295663788893336
0.07184555655529568
-1.6614802398405495
-5.1276956810068315
4.911319815052001
-1.791343729852847
8.666432013182323
5.14181216042659
0.0637128791079723
-4.783967322443253
3.5271268183190934
2.271819027633649
0.4958199472530396
0.9579854900192951
7.785448411791638
6.6230961002927735
6.861150793435076
5.3978965781002
1.1481361654759465
-3.498527669937566
-0.5284269043234521
0.8846596596858904
0.7695204349864646
-4.062991445213617
1.3572500424488625
1.1913455261651769
0.9943484251594358
0.14285971641538023
5.4653550687372965
-4.735066463862155
6.8664923589774025
2.198176670339
3.605186379307564
-0.9888451130944971
2.6646434255065667
0.997849057809545
5.259969382237802
2.6155403408727302
-3.256605587605502
-3.8329941640719554
0.498876033358252
0.6062841318122072
4.687678934913816
-0.870819889792515
1.6507295353269273
-2.2642740580459395
3.658705145489613
1.1409350227673765
0.9113960672609145
-2.6106352807936197
4.670711976671699
-4.414546715234169
5.352940326688826
-1.729734461014201
-2.1122200663925357
-6.017815830190054
-5.315291162823048
5.609248916348643
4.529439707402704
