2.601967484500388
-3.980521304998721
2.5512889548822906
-2.9527930251763936
1.264103975476261
-0.630638267366084
7.514616539815231
0.04757512303927941
-0.3420939839294677
-0.26908439935888023
2.7136891098041858
1.9986605856646924
2.7226876168548744
1.4271019113866985
-2.4415762673477466
-2.8681679339632096
-3.2471896607446036
9.059767263751304
3.6826922380773377
-1.4422615946411939
-0.3130533446787835
7.19683634048415
6.5411863778085095
1.0400424654844993
-1.9957137048655573
5.527267162795557
0.6788892966932494
-0.015601830882575532
2.343818399415408
-3.7751632522470766
-0.23021800208931503
0.07445156148200147
-0.36590570095267205
0.8628414785107419
3.2353512368922086
-1.031892161269841
4.544813480855917
4.557475521687687
-5.334017452674178
-2.0080285704379115
0.7892319862223536
2.4970400530936474
5.850949925061786
-0.8619157285162078
3.1929974395691323
2.4644409658936257
8.081875765251796
-2.561045371852228
-1.6522447305431367
0.40644293486423255
-2.840818468041143
0.5979986590832871
-5.517657221490072
-0.6208827482432485
0.0993667887285164
-4.298284532214392
-0.30873995779208946
3.2743988011212446
-2.260646133676248
-1.838875819873666
3.1299631236876766
-0.20356334601878062
0.7297645837114666
-7.490811402157401
-1.6318841773179704
1.4936838865437463
0.2850265855369325
-3.8026361392886168
10.500236868766093
-1.0277625265663628
1.3656738107556812
7.942936787043623
-1.8098256343116415
-3.3101775336742545
2.9211223452072983
2.90701233345634
4.0124547122270675
-4.030752138801026
-0.2682520158605897
-6.741425660674304
2.6769025413208936
-1.269608563786283
-3.3166121312548684
5.700609361634843
1.5617170388565549
0.11119322319588548
7.726213248054736
1.9961294563442507
-1.5143500811376513
12.169461455747774
0.9660192150867797
1.5845256853158862
3.4559641740387455
-2.4723015964450266
-0.4284044566857961
2.798050008625249
-3.93527804499233
-3.450646608247075
-5.481351508439404
1.618567468721277
