-0.07679754539786718
-0.47149730030409465
-3.0924217412785397
-2.2686838243665317
8.604158149882709
4.5852690251125425
3.9143133880538126
4.965220437163062
0.8237526704618412
-1.1012702056546408
9.606861186458216
-6.181008239828209
3.226254101069787
-2.209215728210852
-0.03529981689963687
0.8775266651285605
-0.7226072387293985
-0.8987100875853317
-1.0557651441911884
-0.8797145697300097
-0.45222636534289395
1.0711814193790752
1.1138444068562412
6.540943477800846
3.4353984081892373
-0.989242500799617
1.4807556884258848
-2.556716087191197
-1.4622048951747724
-4.757567070579905
-4.929573500693682
2.6902778742645834
4.67717231699098
4.198104436847087
0.9999226176426925
0.3906224583589786
8.898945763303065
4.46258282121876
2.86233259322357
5.930575191063724
-0.6926784790984946
4.8483095303547135
-1.3538520657104682
-4.015165266028965
-0.5066631384419972
-0.36821808090492353
0.16819120911943422
4.347910246587023
2.042049817086953
8.964977860420603
-2.3081633775994432
1.4233865951736302
1.876757308280746
0.2371656824966054
0.9549688406997328
0.2684103832588066
3.4280088189733275
-8.029021068008777
2.1478754104180124
5.288625614015013
4.411833294951748
4.42753697028765
16.305377079074912
7.514419296080225
4.916237298739346
2.211674234086363
0.4163742175366548
0.4433557804603613
-3.189617728008792
2.4037227533330174
6.176832577936198
-1.3292141118906353
3.158852841255768
-3.258452552938448
12.823610235032852
-3.8752815393509676
-0.21489865857284152
-0.8899496048176437
-2.030175062656477
-6.669898335549291
-1.1328660681227487
6.284018212675745
2.4742624201811187
-2.1147260631994604
2.151770665229585
4.637924176792673
6.366863531123235
3.8522691995024596
4.802285830813097
2.5289541412334615
1.8291533156800082
4.550724179700648
2.2471086564062457
-3.0513011361455766
-1.9716276603633416
2.657148993120445
-0.9035535154477732
2.8406619083387485
-4.124959644949566
0.7717512943699922
