0.2742962056179778
0.7626759661344679
-1.4634990991567585
1.7288414760376678
5.476737873231104
-0.04114366276184107
-0.9615849645062544
1.404179607904739
-0.9369872833600154
2.5327469449503472
-6.011702613534496
2.607905527942146
0.1512823681412268
0.8760219266376379
4.863876267228032
3.13382217466538
6.49694619371842
0.5988252819114797
-1.7533152465270756
-0.4527487366892753
0.04135013289323273
1.2486675659635296
0.4712355749495911
-4.90443717708907
-6.99929593726798
1.8174644123092267
-3.0741017084784112
7.999316211832216
-0.9998272369865882
3.5426276827476495
2.7252745145913773
4.238150694360286
5.384073706128468
-0.550657690611978
2.167319484014519
-0.815462616597924
7.46127403198186
1.6934427505870393
-4.2101521136438445
8.090874041872599
-5.701205683742664
9.868152061804526
1.3914261463128184
-0.32785873523616393
-1.6903682619132265
-1.2026274281441658
1.1314380935423947
0.8889079391091406
6.883575581877583
-5.003986405323194
10.889029896590795
3.144252937927206
3.1880910477830295
1.9289503962289043
0.42492474959658655
-0.3663610230522878
-4.0926631992368385
1.4451014552556551
-2.4989713469687476
-2.5251037023379657
8.204757474484746
1.3514709849733861
0.7030743376918265
0.7162476884790412
0.09139459782003317
-1.1176181722207608
2.2600040045462784
1.6114413658478632
6.6924598197044975
0.12088951267097586
10.659403780552763
-3.846372006874055
-0.7043742138764415
-4.252207181852302
8.371220729672638
-4.415729854121892
-0.2970741479711795
-3.761423860240808
-0.18058954816670786
-2.924842449105549
4.399816866013827
-1.4061493000521859
0.25940746252768426
2.450255560458776
-1.0578313086088325
3.102040814461528
-1.0822828558188355
-2.811240262124774
1.3757501272260253
-0.5860601836136569
-6.526917494357836
1.4654626576090553
-1.0458082292477444
1.7055062786618318
0.559057023910873
1.4851892261417476
4.5270188309441295
1.912638280334415
0.5995852728846596
-0.4521961336854926
