7.715582797730638
-4.527733787504079
3.2601516718038264
0.3790486854758619
2.585264932585803
1.35245410310621
-3.157541785552927
1.9031828740484658
-2.5011049266355982
0.009878034397583776
0.9268775062844643
0.12100146013037323
1.467339790543398
-1.37596843262122
6.39421020500993
5.089608333051135
7.763514851119523
0.9650010410784015
5.511577561919307
-7.074815256022523
-2.572346457097007
-4.024323234740745
1.5441695776933475
-1.5576935798530744
0.46195107330416996
-2.5553320280219523
12.967216036654662
-2.5197067663703465
4.307845029577633
5.727850565117557
-0.9547922856834798
-5.472218635707231
-1.6189629695149756
3.31412097871785
-1.8876535568976696
2.8462230144235416
-2.854124544081713
3.2719638320659
3.111024213667432
-1.009781382337183
5.766080071509568
-0.228477017119305
10.399015699450349
3.193024251754636
-2.7852503018196115
-4.434005905259069
1.7807097586676097
0.2974133446729117
10.321761706113854
-1.4886615955871831
-1.2758114413505597
-1.0829321974376616
-4.881744511967514
0.1836500936676534
-1.9990714764712942
-3.5301448588348796
4.0399716287387575
3.3532392043567687
0.9865004520959416
-0.8691416101272551
-5.020056837564425
-1.123441962203803
-0.43932043938018683
0.6368700752056997
1.5640718364924244
4.169124064095386
-0.320625368124885
4.73270121715076
-0.8953271420186286
2.9820671081721177
-1.2896501038999002
1.3152585043037193
5.968103405328142
5.339824196298873
1.1329870572169733
-1.6333618700125592
3.31977168964972
0.8893136959158484
-2.79561528555718
4.102932252494313
0.3095083079328118
0.09563810254901228
2.784143330743844
-3.022301528474785
3.0895861238037488
-5.411141098029482
1.5348652037170951
-0.3157751707278244
-2.7803788029274026
2.722644401376025
4.205321172182329
-0.7211666634303293
5.803554676244429
-3.681566070693436
-1.7414308032422499
-3.0234261809099214
-0.161412730968451
6.57565733619197
2.402726134022934
6.480807617667171
