-6.379879489842969
-2.5914268195767787
2.964940416565326
1.3398905632063627
-2.2060194029558624
-4.789270251952512
3.5038549401418337
-4.8063759341124825
1.893304992677102
0.7570262962779679
2.7080910933771483
7.075897920267567
-3.863058526624563
9.529750805745387
0.30239142664836416
4.938704948408549
3.6768559666530836
4.7114577530204125
-2.1976493910639867
1.351152820189888
-3.1933312492667683
2.2414123319777657
-4.234239756116049
-2.014969785064896
1.9124978454783295
0.42245548083170503
3.608189850470425
-3.2366786833066494
-1.0140661648630833
0.40549135819511883
-5.040482202706257
3.527085670476515
-2.877532258415968
8.771622652588482
1.4277527768656055
4.92227507726647
-1.3067600101220145
11.870944377832284
0.7576088850701452
1.1999072813141771
4.751955650800461
-2.825465167189031
2.260679472539956
-3.1770998805454935
4.944547181019561
1.1024183760470572
3.094279326647838
3.3487715140632273
0.9440092326979208
0.41887575770523366
0.14611575017156725
3.1752057501249675
-1.523415075171307
0.2851173816180522
-0.34740930052266394
-0.17354086119120085
-0.9738391594408631
-2.674989432681259
1.739196996566363
-2.0320287491302036
-0.2520149155540865
4.681166900786291
-3.808605575118655
-1.4321517570496913
7.737773482363351
-3.0462831532395507
5.328374255475968
7.974635835648099
-5.675270371748461
-3.2584866673140853
-0.41712260787131805
2.8825094745883146
2.996573006423609
10.799443853937232
-0.8900807202471901
-1.2943224201593948
-0.7637486041973025
-0.19220803305147732
-0.6724801699749101
6.552885345679247
2.0715714373390575
-0.8002283475460084
-5.111768084746622
3.8422133407647117
9.279765866956081
-1.3082204928488572
1.2759328660217673
9.922350698085243
-1.8473964160794316
11.326445277156932
8.652881161902833
13.49743486017012
9.090730413749192
3.131446973637262
1.9794209787302701
2.79440832648461
7.6538754532520645
-3.473846834978534
0.6537643435364048
1.4689575658539997
