2.2488565676407624
1.936466297667923
2.0586041327361455
1.677086841836561
-2.190039942517246
-0.5035312755014727
8.381926019262982
-1.7835695679969121
7.1307537664927665
12.674115480189247
-3.2543423654528123
-1.836610511652074
2.9007149024481227
-1.3253396897176182
5.250274245618078
2.2810900635242133
-4.390798267987401
1.5605506088505554
-0.5210383425137122
0.5007894416762529
-3.422315469844918
4.237882763456579
0.3622432985498443
-2.5871039952276575
9.495844466142135
-0.745291660466298
1.0814999850649345
0.5365319081600748
8.49459270771795
0.42676073737359754
1.6370522252125106
1.4938380264381734
4.370537787430843
-5.1374016209156395
-2.3796069820154853
1.6917698901024711
5.274659226682271
-1.8316953344205595
0.2236356394421309
7.82309183728568
1.8600617220556876
-1.7898242104799338
-1.3975746775363718
-2.988345556687266
-2.741756960391334
0.9718049715499504
0.4117629501910238
-2.107047284659865
3.6305402023481994
-1.1209501702821711
5.861409740700735
0.6845064490423163
0.7379804937138799
3.407973034307826
-4.371351726722975
2.7277542357298814
1.7546911347284708
2.499745848496172
-2.3267478197070703
1.6765248733921583
-0.36139801515919623
-0.4058411247182172
-3.6960725344820147
2.657391225407345
5.153412274831946
2.371670693238734
-0.9052055833971688
1.2649389846445018
6.716484535161041
0.6982017165571506
-1.5585870676228661
-0.5150718217440018
-0.21028734700221038
3.6502590037131504
-4.347537460741931
0.2294138648560627
1.7802747955467129
-4.464948437008698
1.5037593620620537
10.911272908619123
0.8198114871727811
0.9255080907515907
-1.968084764480814
5.2883940916107255
1.6122571945326283
-3.94084605228309
1.4427842679069705
-1.44269311939773
-5.581958142229077
5.798876701051723
-2.1866725692290148
8.435872954304376
3.596503085963581
-5.445213407775229
-2.113600259055096
-4.248814146867552
2.274874580706215
-0.10586301908574394
2.159233898020787
-0.37499991214089756
