3.9354198362796904
2.9202828923894937
4.091070103314614
-1.5865878763264685
3.7124338375017434
-0.1951884939165458
-0.36487432970040384
-3.0790409535273744
-1.3372078957030915
4.141738892311513
3.6039361519213506
-3.5116301117326367
0.7736987475279424
-5.4469663232573975
-0.5876189932305707
-3.233940934320937
4.067431986182871
-1.5607997926218062
6.473485463827351
11.27336478010879
-2.7905806267420044
5.136243661976989
0.38255471263048135
-2.69329043217451
-0.9458472890154149
0.29489079597365364
-2.512271820714585
-8.350563071982906
3.2178621477614273
7.128319763606144
-3.610400840238113
2.8763084537225017
4.616430033870653
-1.2849926849532751
6.420698383799701
1.0508803489260716
9.919277789595819
-0.6977342991810781
-0.37339821964798225
2.497718409513467
-0.5181016910603375
0.6744442506027928
-0.7588280646380718
-2.8133776518137186
2.598365594521138
1.6887161684742296
3.3682752817409707
2.239518720758077
3.234852938162525
-5.595629103948712
8.679698196755172
0.07235320938390975
0.9123166551450342
2.72544933732245
8.837513097687847
1.37710375288927
-2.463785482580276
-4.720516442493681
3.825476257745999
2.2771232412061915
-2.8151499835535296
4.526987604082236
1.1503984030430447
-0.659376217591503
0.4166896419132242
1.5731506547843486
0.10194883238978095
-1.2708888476439295
0.9768095149339244
-1.4144340960089736
9.143034028802777
4.987002756223055
-2.8403588674780993
-1.7994579848055774
10.749560169369444
2.642872994501545
-0.4871008008556119
5.473434710703306
1.8412814308608842
3.734940518921456
-3.919384348532678
4.871498382788788
6.390051702243696
0.16223195551068414
-9.309893373964313
-1.6822294820195136
4.581098728487278
-2.165645619431896
-1.3000807419534806
2.3546274745757225
-2.9845098995839185
3.8832129204754655
3.125963967995698
5.58277946630842
3.911538110800435
2.2378901073132633
13.132627930634834
1.6953678606695988
1.1407781829060095
2.6285720175155483
