0.5074748609611761
-4.208461745931979
-3.5811198637850445
4.334900345112398
-4.14100193085673
10.040966384152743
4.807805212724995
2.192659478636928
2.3546240895428046
4.232131059122508
10.297019395932884
8.13479852314112
-0.9985444662200393
-0.14282601067732387
1.1269743786957946
4.141792882452827
-3.8095365797897713
11.589829956272158
6.4242290265758575
1.2657554618185394
1.6017939525201195
4.998390304626813
4.155164064933713
2.866096952996368
-2.2522686693153884
1.8382867975482307
-0.9169373900100413
-4.942486941492921
2.9208047530534085
10.628159034359236
0.4089639422759337
-8.164836719007582
0.5137978727798018
10.12092576574463
5.024765400924167
0.34015862351317433
3.2566382749734664
0.4728910645365414
1.492757514510556
0.3268326011444666
0.19111672651309475
1.1640326121131752
-0.12250396261986736
-1.9904182324060755
-1.4538514470002193
-3.8472083147575797
2.0265972968116293
0.7592877798227184
4.01632751431326
0.5438631313396385
-1.0467135323082355
0.452853399424173
-2.2054820255987524
2.597029379122741
-2.4317160415995085
-3.9374865156126635
-2.0980032912200293
12.233039817468674
1.4223469235268307
6.027903081641933
-1.1742905688771972
8.744734146608213
-0.44089095484701935
-0.4569872742720642
1.446123511785483
4.41472437979437
-0.4585864961306599
4.378036144992404
-0.2852487227051857
-0.3721902420961797
-1.6983214255775212
-3.1352457595714833
2.8390678013435213
-1.7317412441408888
0.9816451873423169
0.060443691301261364
12.738499229290824
2.2721288164020255
7.029171864123705
0.7656335447392548
-0.9623883254148944
1.8630223762413136
-0.7233801698088502
1.356080725918127
-0.8753145652022615
-1.9945818249918257
-5.105333446624662
1.658655912628944
1.7341056447416816
-2.383681294362887
-2.5649295595966777
-3.0403884613925913
0.7147030377285304
-2.5421682973138484
-2.7262260714020132
-1.6442055382693146
-2.732177128020047
0.9022801297106103
1.5318186031160077
1.0400988157254405
