-4.954252718791651
-0.0313889799876143
3.4967771461422856
-3.9514597049859623
-2.9941610708404425
8.774584553764585
-2.32393687861986
4.361264250013343
-3.2512523820045303
0.8355051848927963
0.41991262794151507
0.31758429906348273
4.628326113185414
2.167943761502758
-2.2908226593954106
-0.07397204011761421
-3.1091317994856897
6.775359416211728
1.0140742466507506
0.4311719069643547
-6.89853066587111
1.368461465921008
-2.144410214019583
3.7300796281125495
-5.529072008506181
-5.980315300023278
10.29177669788686
-2.7688736903356754
-2.22663165984796
2.1872864055418146
1.2545796066951194
11.769048047099751
1.4018975722881777
-2.9346642721556506
-1.5211831773297244
-1.9336891536166751
-0.6712233790764852
2.6094109184705787
-1.511961126732956
-0.5081094486078932
-1.8076553562044964
3.2893287176567787
-5.188123937046143
-1.5578599331384493
4.409927816312716
-1.816127110217368
3.731868450314808
0.1061798608564014
-4.825359978174948
6.3678940295180695
0.6940321982936598
7.873572719812065
2.3748554589003925
6.170090681885322
0.07503571668249029
12.58908078265664
-0.48902346062680885
2.1218183985069383
0.9090333951478582
10.273576697251697
12.82753497949763
4.03939178758162
6.403449407193081
-3.1963471949996234
8.592161616724965
-1.408947504756409
2.7097873705157434
4.745497697673317
-4.186556259891326
-1.8344725636073533
-7.8275225444021075
-1.625466785927085
4.077278222637312
0.6478850378253335
1.2631153165171851
1.1083579202359197
2.2125807557329304
-0.8261879712265736
-2.6566918495507093
3.477101354583782
0.0802034544040193
7.287091784369689
-2.13295808166335
9.94139909439233
-0.41084666592590646
4.914184789898279
2.865310160342039
6.312411724680194
2.359692959444766
-1.6692184359935789
2.8674274505983472
2.2371711479900087
-2.608551918009425
-1.8534923788256674
2.682974098270841
1.245645771715227
-1.2405113951618705
-0.08451556140557612
6.01778195914836
1.8737357612552947
