3.286702312520771
2.9123493365635156
5.012507627910389
6.331093277272318
-0.07023002695970618
-1.8055388862989874
0.07831715834194351
3.888014686563235
-0.2905877185759921
-5.1969303690712465
8.642474916965735
-2.4247660283827766
2.5984598847660325
6.9119947814440375
1.1895470947753122
-0.024864195290853715
-0.5892110176711647
-1.6501502301382494
2.277411155058453
-3.473679612664983
1.6866331986167558
-2.641629854438162
3.170122377959943
-1.9068103190467531
6.494234163195382
-3.091962598945498
-1.1977907834247123
0.8441983364942653
-3.0989579286049906
3.366645680703165
8.854503442344727
-2.172443540577308
1.2954645543803505
1.0232849968081414
-1.3234775061329134
2.039329613286105
2.5340481096809935
0.5584684908530371
-0.3899124326660084
0.6410623226193275
-0.380264498847657
3.3758280692747507
2.6341849937478097
1.2700359401985137
-2.943778896853381
5.7595174773109825
1.688761993707131
-3.057963761503654
4.3436370212829996
1.1030491798334026
2.8865353911296463
2.7883658371272935
3.056484604176645
3.7422293998118974
8.894136543101178
-0.7870732614871685
-3.653435249372589
-0.7637377125114557
4.4096834991039655
-2.626792000990417
-1.2519677319470848
5.031224844091401
2.3141570374451623
4.210331731447819
2.9701129775740887
-2.5758537439450615
-1.010865554773224
0.42165669323956445
-1.8978403675007218
-1.193860239172974
-1.744436590775305
8.749427024898033
-3.8136415947714113
0.9125153421836466
-0.20771609541583383
-3.7435082367514605
5.9656494719691935
-2.3962511042296875
-0.016471176445584598
5.197049456946585
-2.5337829865893227
2.4596373371859777
-3.8935269822662404
-3.4151758984198186
-0.9277433004704692
-2.0518134080897057
3.8046365731803045
1.4928454087574659
-1.5985584356477536
-6.712046172725744
0.5864876483217651
-3.8583706740283947
2.010289098513292
7.2884357842629655
-5.503610748022183
-7.890930492742781
9.574758989561289
2.871880109263527
1.6026213984187143
1.7232361748376888
