-0.8189676793616031
2.7526119813469423
-0.46604702711340584
0.9124373154423242
4.535532458423402
1.65904140456638
2.0027754658798367
4.835615555338215
4.591710946355843
-0.2311564075602161
0.5874634625210363
2.705596672982334
1.2930220989803463
-2.4327761814369078
-0.6208622090727257
-0.7226037170273707
4.458107488618516
6.498457662365661
0.1473830621873154
1.5908148863676446
2.2356795192576286
-4.114693120682062
-7.203530110590533
11.28662830696232
2.096707498876229
-1.4114015495404608
3.0363777330099726
1.3558974762349107
2.2057937144034394
2.978867027366424
-0.9342656072485139
11.539195505209227
7.258407075608004
-1.822552531226949
1.7296524517471759
1.764930487274657
1.2655347757381272
-2.147469646984087
-2.914698758709484
-2.340177829255766
-0.5943721259733149
-5.202909719612464
1.945823898091847
-1.8638417766543705
1.8823965852801394
2.4574570491781795
1.9925240538454965
-1.9885410693774863
0.15529794426664478
-0.9778486032980691
9.316795658318728
-0.2781003819882745
1.5128995605741302
2.288755891156585
5.427513854807291
-0.36684488511416524
6.182298970998197
3.4480022234395817
-3.5240937773971783
-0.5771057282060339
-3.012618891538535
3.1797936759974372
0.9444834763877125
11.91857357407426
-1.0482000331860821
-2.6634485234589347
7.870230414428731
0.22034222308152035
2.9899610066400966
2.9947151075207823
3.8828516293185857
1.614175334903806
-0.09402731879176937
-3.6018096407874394
4.317716401540015
11.94352366728684
0.8636114951749365
2.213826878492579
3.4193364274794877
3.823796987954899
-1.608950684600246
-1.888882044850781
-4.047720497410764
-7.069471118153666
9.953160439669388
2.462802448398926
2.023280946498017
-7.424772487632725
1.58767734003309
-2.43284661186021
2.4039712166411995
2.3600801115925436
1.5533698870432153
4.839434371769964
8.582071473063225
-0.7164183028066665
1.0235231217665195
2.2145673114446485
2.057751830744063
5.587700369772699
