-1.5465708544148917
-0.9335366506013865
3.91736121445853
-1.1669714389415045
1.0167686515849153
-4.434330466655588
1.1154017828086915
7.560868962090521
-1.0763697517472712
-0.6560813864228748
0.31590043776213084
5.046385751772935
-2.9480792600714096
3.117636201509188
-0.016336845057571936
8.24255783156995
0.07962257447281672
2.518247292176777
4.104133515667187
1.6461000368318055
1.0667224537571944
9.646430414021982
4.186332641243098
2.504197041961518
-1.9566564968740827
4.382209824131492
-1.2860982980708573
-5.30766981991271
3.4257654974362834
2.2860644087089432
4.622838051659987
11.456491457648989
1.1153560879088693
0.0006694858061192183
-0.5929656704488531
-4.466191168988362
-1.9858074192654411
-4.350567416262388
-2.8746064107433504
-0.881771546713441
1.8336615253858661
-2.083990912485723
-3.5975741372058527
-2.0945115199012743
0.14876689920386443
-5.358335369245902
15.152654679087503
4.640820686950738
-2.4988012316769295
-2.7919833408932435
-1.2392116385508418
3.8131403236748653
-0.4144849332828754
1.4791760603413633
2.2423251028327216
-1.868248268092263
3.3352677629281553
-5.750154084191817
-5.083788213573911
-1.0781968532361907
1.571941011097938
-4.650186970063632
7.086393613913192
0.25498894514804926
8.41867138242657
3.8884906173589386
4.637496953503565
-0.4380604078346585
2.320093860392838
0.5096205490648869
-2.1854809916254325
2.4063061786572812
1.2355743558433465
3.2045298692389936
5.898813952893607
1.319951574090561
-2.5754504524184236
1.179530082610365
1.8473042054619908
-0.28978545144738693
1.4254245906221932
5.120248268607284
-1.244282233997446
4.464730896361835
4.301542472797532
3.1911252617050136
3.0676967894030547
1.8719205499733844
3.504753444205795
-5.907204271494725
1.5555077540318292
2.25050761090081
0.6744579174792084
0.48059924817520083
14.317986550830705
-2.131593400151237
0.3523281087847693
-0.3820251055497782
-1.6811702952698209
0.30219747515893736
