2.340954843504542
-0.1915409809795517
-0.40189714403783344
6.848782434683417
-3.9612811580642218
2.720977443440415
0.7564802355307014
0.16845995978520456
1.8406881516379923
1.563673631848101
-1.329564843545123
4.521222129813143
1.378776683524674
5.576873879943971
11.019037919208927
-1.671555153308764
1.705203891896732
1.030204011208209
-3.1879812348474585
7.227337475825101
-2.4318411642835507
-0.862298610570629
-3.534214965579466
-2.0208113627441575
3.815372030095528
-3.244120356921598
-2.146153655062963
-2.2977284609631283
-0.7049024750506724
-2.5042813703170106
6.722403465999584
-0.11235953556770802
3.193676200507825
2.2783340989533634
5.815421100678325
-4.32646038925173
3.0287183000612474
1.0148297699361284
1.6871268749407862
-1.4284753677066453
-0.324049429281333
-0.23628811100865094
3.254155123013833
5.356819579985246
-3.2199789695627175
7.167489813387975
-1.6045991919073126
5.815426246638145
0.3369281269852011
3.405541436968404
-0.08723872224351702
-0.5194696425583121
-0.3490556888799919
4.479816906794608
2.6070199166222148
-3.69062389641054
-2.6776398556519347
-0.19375156146044908
12.234857443978918
4.10959092057162
0.5297812411399939
-1.7875261809903453
4.014924265643081
-0.880905042918328
0.1981932417455004
-1.9801663917694001
2.0555557483505416
2.4352952492421416
-1.8938385370692212
-3.2960761850008686
-0.17796372958053774
12.064991600840031
1.3005533697363791
-0.44084991217805486
-2.2157813765379846
0.19486799842781657
4.285255783570802
2.663914957595175
2.063947350169715
-2.259672422667048
-0.8912147507894141
3.970460578776618
3.3520553499204864
0.5498005951181195
-2.8742763408507046
3.1195309412570746
1.1452154242565122
1.9967461094785939
1.7354771644903455
-7.616143030738854
-6.568460787837825
3.043069027463898
-5.7243613133331515
-1.8517766745570405
-1.8336862218978065
1.4726045518556155
8.11986791500169
0.11830260271990134
-2.949830888818714
-3.180621091642009
