2.15375466681503
-3.0071777256527126
-5.056468298430265
0.5911722146621474
-4.0908896118928855
6.823659337301827
3.850778483449145
6.408096732470193
10.782259249751089
0.6791569543164834
1.5357565396590358
2.0722320706207076
2.9796036303130045
-0.4834362163765421
7.252281443470143
1.8881892613334963
-4.196483921318684
0.27063980779384833
0.8270813861796997
-0.649038338539178
5.9066170037142465
0.0291032100877643
4.182900025057486
8.149703382787308
-0.6802679580373118
2.137103282621484
2.2490865854424213
2.1641334554983542
4.6390397239742605
10.47040949001386
1.7612588901484898
1.9856531370457746
3.0754216452909775
-5.310268253890779
-3.919054410383735
-0.5351624254336187
-6.837980322326207
5.093228615882354
4.8112842451450675
1.0117007568983003
-5.754669671218994
-7.3848811846699665
-2.73225557851946
1.5214337443066488
-2.550607998352965
-1.1179609933742078
-1.0718204406793013
1.4758059679952842
-1.9988032929269908
4.860567137025139
3.865857026991322
-0.47787265497585146
-2.739205629486326
-5.550448439491482
-0.11928322470772443
-3.5895487980622667
0.5701247743914134
0.9053162503090755
0.7315939020652805
-5.279632801760243
0.355641177527084
1.7066178473399183
9.728047783387874
2.0769952354839156
3.379975216469782
-3.6525901669072427
0.20929320740814583
0.20390820114654898
2.9901786189632005
4.467123266855889
4.973118395393864
5.296097396585726
-1.1693549860746477
-4.09336346478849
-10.967257919587702
8.369176248937194
8.572688785740047
-2.7565706638285397
-0.6984307412469124
-4.726260251495125
-0.6265016761353627
1.6915216946734792
7.877870083893577
-2.103610198118898
-5.687051418171785
3.5494282836339677
5.8196396400453425
4.711802733771661
5.214903992482499
-2.193494672075425
-2.0804598677886124
10.143753638933658
0.3146340605396732
0.24242326950466683
3.560298186441612
1.8668709134832988
2.0852441640823596
-1.2819588712323504
-3.0797583257523424
5.202093534880229
