1.8634457806081772
5.387446238303231
1.0398262025662879
-2.0896388811552162
-1.0041237366279265
-5.709835006482425
6.220546228234809
3.22569180816362
0.5884031651561026
1.0076467520524568
-2.174829021017072
-0.5559833240347547
5.186978130149015
-4.5728427266795375
-4.6654508656381335
3.684082719315212
5.405986148412493
11.261303760546786
-0.8324465709729574
2.0775097158013995
-1.6803298745973252
2.9691546472121755
-1.2478462395377568
6.607141757709069
2.4583598604117167
2.9717390256446574
-2.9389123233157606
5.3399397585358646
7.592060031923417
2.8553458470067294
2.5596956557203447
-1.3690134419193036
0.8955145985704174
-2.857429954563462
2.279716304851659
1.6200632578365954
5.011168074397851
-0.8377222173714799
-2.6990607445737664
-2.213361324009908
1.7969679713525895
-4.348762537374318
-3.4515103742562676
1.0666965605669458
7.800058008214086
-6.67106780471898
-2.6283430141319664
-1.5271947907675423
2.429478320239614
-2.438054465331769
8.403143510733289
0.5182265599925884
8.761704890781388
1.4541549290195463
-1.5299640421281988
0.18450932204408615
1.4497367270407828
6.346666918772854
1.7803619776766972
2.4457859262903865
8.328148446748221
-0.09174706319503514
1.4644855512898332
-0.07279181955022687
6.057711809462271
-3.8326948888267363
-1.9267598587005144
1.923057379469687
-4.406367636348462
-3.3742245394293917
1.7324327652628706
6.2145633742989
6.038210912906562
-1.8728750064266526
4.530290974272443
0.9271881106675759
-0.9347296060017856
0.9962561717124273
3.37392036175295
1.941882491407977
-5.666527566758273
1.3454602864114256
1.8493037318529653
-4.036195678760805
3.5552395399795023
0.35955252581495767
2.8793844004089797
3.179718437530714
2.451681237948865
-2.7374403224179438
0.12474016839079204
11.210645821942894
1.8163364848970074
6.386960704977559
2.8659620722697765
4.051155215995074
-4.245076812427127
4.418800871170862
3.0885850706254776
2.4854382902224645
