-0.8506156201141188
2.8536353801024514
2.0010923758146517
-1.889258109826339
-0.7733129277415823
-3.208128184135026
1.8723574547071054
-4.079453458893477
-1.8479917919133992
1.6389975427680048
-4.287448981174816
1.1703902813829086
-0.18685772284882407
-1.397489209909263
5.457194825305726
12.041533931255927
-1.9949940033158442
10.31006103159661
-2.1635428423676504
-0.825802870671671
0.09447282044541011
10.422055949305818
5.516465143660167
4.235851909861547
-0.18293783804380814
-3.661999430691299
1.6743039975412293
-3.653339502996835
0.4141093535848299
0.2805089160237254
-4.931979715754151
-0.009394739469559963
3.7015221433400614
-4.282715734516006
-0.25245237859861713
1.5287203960620035
1.955544144643627
4.486946480790151
-0.12208469695368462
12.147285561371687
-2.149935011687375
0.9595436979136538
0.28898803996091665
-1.077825808722168
2.909577961108399
0.6151421205036129
9.445265590210184
-1.2286518220383464
-3.5753818642511783
-6.334000984276578
-1.2698236432664574
3.789727734012909
0.09946213105013543
-1.1408861056983592
1.2270598471754683
0.5136014855336607
-3.7990578169240177
1.696215775469598
-6.139502967623227
-0.6733176251768757
0.5682561096570352
5.0419323022609195
0.7012066314431111
-1.2865430405485263
8.670347544597982
4.542490424497053
0.9288955034018321
4.231406370639407
8.027344800407285
-0.41619313993720475
9.006096970231916
-0.6860273076877583
5.099603075748512
-3.381562681497358
-1.9468105815564125
-1.7714142392693115
-2.1196991446960487
-1.3717400802990571
-5.557524600183726
-2.3414123466830663
2.574275473340686
-1.1852538198011757
4.690482619172585
0.4496620333964124
-1.055323476930864
0.008935737963090716
1.4692206294349937
8.60943205491328
-4.58228511204172
-2.1016020029975797
-2.204770195385681
3.961858897447373
1.258618727597041
1.4559400060366192
3.638360637801064
5.028026691677413
3.9908383186123286
3.813773213397335
7.091856460542816
-2.7370239010301702
