3.4526810539179618
6.159357310545281
-1.4687654055201727
3.4064411693891556
6.426949812042073
1.0228644493861876
7.945237585939738
-0.06363881544141209
6.0693352381842045
0.33117321694373203
4.220545615686573
-3.506097237722939
-1.6826415975693227
5.964118225793381
-4.206070107512549
1.2058092212108507
-0.5497999125957647
0.8494239049173355
4.6133307390437
1.3635324061000123
3.592376999141437
0.12362095613131942
4.650239802605105
-1.6473756272729907
-4.728296010885216
8.915655137430363
10.026911292523142
-2.6935759259716043
6.123908563456461
2.231716864468119
-3.0218470382463245
-0.002994650431713171
-3.296673760024153
4.284391525486033
4.489336227181238
3.7758651719248215
2.6446561796412285
6.52280297857583
3.889065366705175
-1.651863583187311
-4.84666698569008
-1.849811954694571
0.47903470980739526
-1.7576433952420534
-1.5245889946405358
6.475282948720508
-0.9581756783573827
4.6917931191929085
3.0111855475195393
1.0165200735359834
2.528960758222728
4.403645919595656
1.895985102424247
-2.4797314333380895
8.25731855999571
4.242342442155412
2.619741593389765
-4.076552206823187
2.6021195457392277
-0.3260836229372512
-2.057549001814779
-2.1878917878264876
-1.9551984099115813
-7.467362479965462
4.09130927944317
6.74217243419819
3.2451089880943913
-1.8351103571876906
1.8153816333201542
-0.18032306901862089
-1.977876625770614
0.40909829501336004
-0.14342067108455467
-5.226199992530811
0.6998889314982462
-4.416448049205296
4.569207946482564
6.437797503721689
3.486157306810175
-2.6884807330906875
-0.9727956244371103
-0.8372459761357371
-1.7012596695415518
2.6568078267479547
-0.5064913638928545
0.4230877043436547
2.1822437980277742
-2.8018073847264278
-2.5615793922518053
-1.8652496330304793
4.090436065155497
-2.707331693316585
-4.865351973622637
-1.1448787881149536
6.065499008631133
-0.49374741646034337
-4.507762132265315
0.8053635680237131
-1.4888776194419933
1.404577659911626
