1.023008966893973
3.5927883979623356
-0.1891340339943261
1.2775129386912045
7.287528513378702
-3.295566878396069
4.8495462160182825
6.440516242170956
0.5851324062481089
3.7435317781506883
2.479900070353897
-3.4537347143253347
2.438215591263246
-2.4157123231433797
5.60599983899243
13.984984509731362
-6.154467940105331
3.8851746500493967
-3.229936009220644
-1.4165084359146753
8.904521001026414
9.234991314816734
-2.4337476103450744
-4.7259252739996285
-4.955521673257481
1.4271505304698024
1.7015339876906839
7.6260789077634
-0.6591133592994721
3.4326177046934614
-5.1818334603439915
7.113938995707146
1.5650972902062907
-2.933291293036638
0.06441745813845445
-3.8287213562935642
-0.9464767682958912
-0.47455092821053646
4.538343565887891
1.0173315225156285
-3.718366814326217
-4.253842759885402
3.605124243960925
2.96387754066514
-3.8930066024742342
4.286614047669754
1.987916215990451
-0.7223879556434413
2.9158056234576963
2.845523807699972
-3.952525349027008
-2.038112081648529
-2.192921406558291
0.6553873695907044
1.4082066034860825
-1.9960879966482903
10.630777173840858
1.934965216953449
-1.0712550956685036
-2.3398537450995938
3.0150790963838947
1.3607880102242549
1.9133172944621661
2.7513530307244256
4.658820125811056
-4.0843681819115565
6.142283033654344
2.6783727653950216
2.8786733258369916
-0.7224416747462925
2.164257934886818
3.0241858712015732
-1.0970869390784113
-0.6546439513642535
1.780770702910866
6.621021270863338
4.578227525244012
-1.9266847945955137
0.8172879804814841
-3.9301410052425387
-0.7024889250793338
7.326390034530447
-5.401360082328335
-1.0214490171341377
2.389316636010996
0.6776685371772269
-0.6615538328378017
0.6052482494512141
-4.262796565012726
1.6310032436401354
3.4498603966142043
-0.006986582905668342
-8.194079545134892
2.8874320937008173
3.442443138496925
-2.6268453224591517
-2.7647280983218527
12.904298184763675
5.333966395499103
10.308302688123451
