0.6969122827980623
0.6667025527698139
1.183983907104166
-7.10698034615957
7.897817868042654
7.347335674732813
-0.4951386258858105
4.055112706414973
1.7151123163594486
0.28016596728523746
1.0884460000339515
7.9794119383586555
1.3417600710135957
-0.5361391370897091
0.7446715215894142
-1.5288348653305355
7.6089559009813525
-3.6496274039647885
8.650652663081411
2.7253245413769425
0.06324403855044733
-0.1864930078863066
-0.28317286895968535
3.0275677608311513
2.5683419416569393
1.9283755864869323
-0.7953156894383665
5.681000515725207
-5.739887013367704
9.592753006381862
-0.1501529536223044
3.2585133766139593
-1.4277083509400952
0.2911250935344065
0.5446663235564932
4.013440516002273
-2.1495948843785024
-4.492446811527917
7.164969596922644
-9.220158529632371
7.671340093067968
1.859490197532119
0.08680493622230703
5.201294372534107
1.6558245970855425
-4.828932365948404
1.0037763397374504
0.7905970543990748
4.072866886307733
7.010757389949449
-3.6237225260198613
2.2605348095494118
-3.365794337024763
1.1342682667467205
-1.2136482325998992
4.214051460438091
-2.089007813896184
-0.3791399895911963
-3.4528466485603495
3.3679371576550916
-1.1132404520409873
-0.1736769892982611
-3.3758039300239515
-0.10778733088735312
-1.150729527758585
4.574381918662509
0.9920581648489355
-1.3876910242826934
-1.1171375701537896
-3.2860833353420342
-0.9306191675396096
-0.9735250796390624
0.865071101895497
-4.500324344038125
2.389759760532563
-0.47222301194502647
4.480397075635295
1.1111575934169082
2.4758552994477485
-0.336900795984597
4.272736254557355
-2.3403847987594393
1.9529259844521216
4.018712462840934
3.890358756341474
-1.5443600164945042
0.7434109899540777
-2.8262296987391404
2.5294088629513567
6.948042180473868
3.474969661845988
0.23949732789724987
-0.15458558157382463
0.9143296951743023
2.0522256923018993
1.5703444281777417
2.0405534118591753
-0.7450312190852824
6.18606443312599
5.292735623983659
