1.1690518455637564
6.44149614083745
0.20085458547989274
-1.93328460057225
-0.35552706462265093
0.91900354059903
3.657905912790871
3.0581630137532407
7.814694436786319
2.2439565435441047
-2.2745516869063853
4.483413114472841
-2.3940901202371894
1.5911612752987172
-3.9725616198417546
-2.6183258585523204
3.0319902229853932
4.865810034841427
1.5547017551989881
4.631210009735978
-1.792243047067924
3.1031252155819793
2.540467765184591
-2.9086672143995624
9.376588826547003
4.867771849677725
-2.7228021088648284
13.186786950813962
1.2841844484874119
0.9160508649619099
-1.8003245192057515
-3.3211483367506673
-1.2692993043954437
2.1815547968608247
-0.6319932803595805
2.58687531270251
-1.958554347313159
-0.6587568690437066
0.8090008127290818
-1.5740515538072968
-3.7863960137146773
-1.3673578097377475
-7.22756453779774
-0.34364012189510706
7.2337546189283914
5.520529812155155
6.002657799820038
-0.4719279559725964
9.506962748990453
4.472680624012099
2.8976854516203905
5.64739865839267
-3.2035453858530967
0.6327819728806454
-3.2232626522767003
-3.3862609191164585
0.3898187506469135
0.7435930033738567
-2.030822917336564
-3.6089554659707934
6.145964856669605
5.0489726085106685
-0.048654202468746945
3.7676408384478526
-2.2428588173582154
3.8756485946535157
11.68387534338683
10.200601552184335
2.2598585329662444
-2.4803122944090568
0.3324440694727077
-3.6949892038409673
-2.8428764127128705
4.3899639334271505
-0.10134596137563454
-1.3539606183261976
0.33601724675827926
-0.7491659594017854
-2.314041298322264
-0.7378991808177618
15.932232177288137
-5.410771939604575
-1.8057814244977433
-0.08918113899361826
1.2587196487653634
8.958696863892444
-2.4109844917758525
4.15442299776691
-0.48861783703375805
10.03384468526426
4.608692660877355
2.5522125486529306
-1.0054929680423292
1.2509860525804701
-3.6821745481574633
0.2579834511163911
2.3479514288370513
4.2634381982502365
-0.7650880188989495
2.983591359908567
