-1.5685615866977631
-2.057124455305125
-0.6725446165059532
7.404835821104239
-0.7491515279054297
-1.8706742120128714
1.7637254818191264
-1.6397454807323868
3.4638174074805925
-0.16678716652567943
4.1315056812843665
-2.570627224181602
-0.38960832960709235
1.5070214397571204
5.2256736363357925
-5.0874313141484615
-0.646388701216183
-1.2932967986128538
-1.580912488007675
-2.6336897216974076
0.43019434275754953
4.2893820776362555
-1.2246907704573924
2.410941574324106
-1.1061671554327484
-1.6438905893085725
0.020378971237840715
4.318775091411593
-0.14486073786387718
-4.940174781699914
-4.701115994689308
2.1627751909819164
-3.9174813445823764
5.741919585123409
-1.6071708404017144
-4.239954404751257
3.4021223384110786
4.671665877936054
4.111253635819509
0.5947541728488055
3.880393675674637
-1.5389720642324853
3.410297568996059
0.6001088400747965
2.85403941131478
-1.2030731944439679
5.955996072444394
-1.5966898433268255
2.4406379159008527
3.002601725271746
-3.9383195486622684
1.9268336455684956
-3.498108108736689
-1.201922167772506
1.8408417078231167
-4.5007594739039565
-1.4948619203522908
2.893217270112661
1.0365703722871729
1.6859877633386637
-2.151950847266342
4.116418720632829
-1.1861693245252822
10.80544991489301
-4.608183839398933
3.530391588434398
0.03240529237730717
3.7528228221007636
-0.8057710849952837
-2.084089419155929
1.2587307127706016
-4.423431348421046
-6.046583924662935
9.36588985340535
4.419781727014237
7.693876880008581
0.09067563514691168
4.792501439040242
4.116930371221445
11.704596038061842
-0.08345361114721514
-6.565319314048843
4.848650755365043
3.1995555833514153
-2.240463243608697
1.9974179667463305
-3.112018747277306
-5.46629378213769
6.035147032214118
-1.5096296483064617
-2.9332287728980613
0.39649639624014876
-1.3892230980989415
-1.4544025274152552
-5.496091923625989
1.1500087952290927
4.28954446534245
0.510670927760271
9.631742360163484
3.3855641470650304
