-1.2739520133269755
5.089815984958303
3.680913343091142
2.447152391780559
11.083240339160724
0.7411932500766115
-4.18970787256897
1.8981855563669527
3.7340272261504683
7.180502641710998
-1.251034242901544
2.6197936827524964
3.3338805691478672
3.9627232587666263
1.1358414049201455
1.239267140578413
3.597143287390317
1.7702994369136973
-0.80738046429222
-3.156493843510232
3.5531064067196683
4.91202537992474
-0.42746904254101437
-6.054039297794988
-2.248887890080612
-5.747526438353557
-2.639464948078923
3.256903296969112
-4.064190054413836
1.5248971938976585
0.7688928368627674
0.3980928162824871
3.3021434053565923
-2.035756100920577
0.7041303286511192
2.861926422703931
-5.100760198678618
-3.123739989216693
1.6970799120076547
9.344861221197243
-3.0922877191507387
6.064697206399171
-3.4290339313649634
0.07055121776487339
-3.9153170324256994
0.20146601691749078
7.3099577953438395
-0.4255220372147406
3.0394957819419814
1.0057070975808293
4.628528852223595
4.430953510761695
-0.8070669801244124
1.6052813436437992
3.615624652047923
11.03836254895499
-1.774550299330278
-1.3654876163063163
-2.0310197206733096
1.6252891423650615
-0.9965916243567043
1.652764358244779
-0.27287911165500567
-0.4167478221434454
4.481866758501374
-3.385227408328329
-0.5652919157991412
-1.2364505576961633
6.5264269448212895
3.8382470727146103
4.805898200258909
-8.131945896800351
3.997051536118451
0.6715204251088065
-2.5650074066030513
3.0612878036119784
1.7410374606515617
4.1741093025452365
2.1945081229170094
-3.783695395341817
-4.0342671506441965
-1.071219427943138
1.0871564000095735
2.626033275929351
4.132654398921208
-1.4551349775327196
-0.10529524527472353
3.768472163454117
4.370012915297817
1.8706277737238577
4.965723906372107
3.0021846517402087
10.317576807030655
-2.091877374725498
1.7068665094057143
7.085001401050538
2.431329721616816
-3.1802701941623694
4.040831686563779
6.559148971091517
