1.9976952559086327
2.516317904109502
1.2709115962076334
8.289719969731006
0.9803884942625455
-4.401144153105275
5.235440636282229
-1.2772862713231488
3.0084572320784853
5.500060353536231
3.771884888307122
4.0194285299737915
2.317906936507592
2.118378028003873
0.8422057337191926
0.9295368150276098
-0.5572700151664101
-0.9058979443389708
1.0233787579220321
1.0964641028715563
-2.7003351138940164
4.540399848242976
1.262564101704475
-3.1709369293322673
1.502647092785867
-1.7100540193471736
1.8039314754573539
2.2773003481746987
-2.9691917494063405
0.17921050467747524
-1.4120094520299982
-0.9854074553802217
-1.8594022842214808
-5.782667662959414
12.225335774247881
1.9676964855489076
-2.8971182147075494
3.0651393317888775
-2.295459416253964
7.291195285581286
-6.34991388829427
1.7277266292291262
4.638823994905423
0.4993298882064932
8.044316670706007
2.2658829429177554
5.213531812154863
1.8592202543386953
-1.18591208794662
3.087967294353531
5.822343623231022
-0.34504090152772837
-0.11455815713375396
8.751322042522535
-2.1778721744686766
-2.700228213290251
-3.2311714054302385
-0.2382377538021851
-2.004413302138948
5.804886200276414
0.6744895638306839
-3.3187827232051594
-0.8077289275618618
1.1534191033191417
9.211574965432517
-2.659532005666141
4.313813685209634
1.2763145538688432
4.776769726728862
2.2634416676450644
-0.902198382645326
2.433990000683387
-1.9973989998768615
-0.0660303935291656
-4.007514751086093
-2.4033321734485855
-1.697491995515266
7.049007251245759
8.904607679610388
-1.265846233698971
-2.3973549129413474
-5.106178171975854
1.9801441490549223
2.1324641803366617
-3.108351586332403
-5.132552884441026
3.016687826299772
1.4843551906474302
2.183705215287951
-0.289157415966721
0.4835880698849127
-2.3546259490881605
2.4265044233964126
9.034884509988341
-4.861590718746918
2.8178346510620242
14.78104729194302
-0.7517987204207128
0.69827171029617
2.6662093546758374
