3.9177836308492964
4.7892156469465945
3.35730598641468
1.888760083298354
5.662888493372089
1.9541204789068056
2.012663267377192
1.1407948251313969
3.228682705206575
0.521070871076232
0.9012563030558765
2.6644650940814443
-1.5965421253583525
0.5294689817110734
3.4572029929129737
2.2337414045412305
2.007161058658019
-0.963204729935782
-2.9932667281888383
-3.206005331027006
0.28772374518814037
3.627262679464523
-4.962767956679385
-1.3342891389661449
-3.9938699453016353
1.4840394226695859
8.921192876842312
-3.3348435269088625
-1.539470097268044
-8.092964260718146
-3.166516291938262
-5.754445076487351
-0.07178561762219199
4.051774666057108
7.112008467380043
-1.6030681549104258
-3.8105589676899982
2.2793344520255507
-2.1154423407001737
-1.6744574762254363
-1.1645081611002328
-1.0776467220710129
8.991406535433368
-3.254201312488533
3.932059185105928
-0.006376178605397798
4.160031034917194
1.656323235595635
7.748016768764988
5.546932894890809
7.507932861758862
-3.6217691701116337
-4.496581384788275
1.0534185630650112
0.6342866079262309
-0.1587679367815698
10.857242737769251
-2.9329055454671997
4.975157676974707
-0.7549880619744322
-2.4463708592265565
1.1462785427713593
-2.388241372211258
5.622175433444168
-1.3647053481648017
-0.646270149114403
4.2827489791998
6.028115983614326
1.835835876367236
-0.46618191855754343
-2.4746964461287955
10.996675396589543
0.7297936601353159
-2.271923187258493
2.2223681390966536
0.6724318722413851
5.911158371602674
3.362135757906456
7.809075041577614
-0.18362225926636716
-4.805842423514655
-7.442229950856075
2.994618044754958
1.3378220229157733
-2.4094233551645834
8.498726642174239
-1.766580841555991
2.86754643717456
9.362156362550932
0.3508143629698913
7.096717821803028
2.3913867704916405
0.015200599677691235
8.483441444293387
-1.37956899770963
5.74358768949059
1.9409518600410047
-1.9283470660723387
0.46737365954246224
10.50159225830926
