0.2891030423641871
2.425406980629381
1.6302293811334005
0.6244665108028788
3.9262568057827703
6.750436944799916
0.7481057086475649
4.567550374453919
-1.0949870514606936
-2.285980288136647
3.4284098191988592
0.49423610860025435
-0.49056137148692314
1.3626435777660195
2.4558130206567874
2.3677979418366806
3.118444411055568
9.914422300940663
-1.430165404437896
-0.17039744775170632
2.648851635173465
4.139784385658506
3.498922563108257
1.0416469933829349
-0.8877647904647818
0.8364305614736756
0.6123128600864641
-1.7806165134361562
6.130137221967148
-3.4520089579777062
1.0938765617367303
0.485760568044687
-2.534650848523056
6.663918816236949
4.822096242542695
-5.898553835978854
1.8952010915068898
-0.8258380191812938
0.5640747907381749
4.0024883224686425
3.708066142703071
4.179894235877371
-0.192109217094091
2.1298784319393076
2.596658835235693
10.05751694846173
7.591896400611095
-0.5911102808897644
9.205337191734516
1.5018863488391647
4.816863276832786
-3.4239692198797806
-3.1626997453066417
-6.140055621859762
6.603939581037706
1.2831020056381024
0.28011765670049726
-1.8923175060798565
-2.0027572217742886
6.596411330043888
8.843037696036331
-2.798080065140379
0.5187691365943452
0.6746116384352289
-5.900915955887275
-5.496798664892946
0.09207287523472146
7.37604267458489
1.918444817046915
-0.15118152899841816
9.791310737484817
-2.2446371561428355
-0.7379559348510691
2.226766308904284
2.404093007037398
-1.549158681859798
-5.291633515812766
-2.050089441495888
0.6549247580251875
0.7231865847571098
-0.46487431916593513
6.931978270185754
-0.6020899223577009
6.096593148164246
14.868471435617636
-1.4346931661783382
-5.070934370056376
-3.3960520108596355
-0.6008709382110851
0.5680979240944883
-2.816886866412753
-3.6023054279479503
-2.0353841675999877
-0.4161061691496338
1.7657031082418386
-1.2892280166880483
-0.34617225627217324
2.146791093598606
3.117516818498121
-0.23625056488307883
