-0.5103899491049942
3.238850292334659
-1.9257976495526576
8.746893063675913
0.4095003653668601
5.664498111355043
-0.11429464440666996
4.395191041719087
-2.817048316745132
-0.15873724629053237
0.17113538471176762
1.2796759605775907
-4.096068419162265
-2.001937092470755
-4.380996715234766
3.009725290060885
1.224349372662458
-0.8871941653752452
-6.388619135929376
9.72803855501593
-2.298308801012736
13.096859891007252
6.947777941752429
4.850470265457195
0.567646961886483
1.7264158816154211
6.95994695818479
-6.9896607469264875
5.15548021646476
-3.943523355377213
0.5104049075495967
-2.111171036653773
-1.8626777953056672
3.9830150089745526
-5.313750362811092
-0.7988065012889595
-2.518748161719608
-1.887623248514576
-0.20080392786224555
1.8139495965245287
8.78908914539136
-4.449785681815337
-1.2876961417633077
3.510902717567811
6.812010002459971
-4.341085297822288
5.885921432947086
2.1406993754748447
0.9278400353654823
1.0719671771393584
-3.132291897995263
-3.9419993743944888
-3.047805034278807
2.7238179619098983
-3.677364852881265
-0.8998206772174158
2.713422829864944
-2.6609821935886444
1.4998088291256666
5.192729182545269
-1.704330230547916
6.883861865560632
-5.923496906685015
-0.32484207634226175
-3.179508314390966
-6.311119511198735
0.004238349116338696
5.824130940164446
-1.852822382669732
4.092881323017713
-3.3721840362716624
5.339079821380267
2.9302073571841674
0.5931292902296188
-3.1219350385436977
2.2240321887626044
3.7615095084227046
2.8599156272504396
12.616395186182096
-0.35169172672454235
0.32165377938373296
0.8750164948657586
-0.5245479429559957
1.7570999537570788
0.10648066556702229
16.518564964459543
-7.354771942247319
3.8609461568237133
-1.7312272916611757
5.349697059131738
-4.273748989957461
2.4163488317853656
1.5257215682838994
3.389264610114374
7.8401230034313505
-1.780510382535034
-0.858658578586831
8.226668802706874
-3.789933946389236
-2.0332318545302517
