-3.639738134594382
-1.1223753885101826
1.7203674601468575
1.3401699272342509
-2.6894813016441184
0.5270545896343463
1.7470102244220995
4.4519909029030575
0.5918351006453173
-1.5682287114589528
3.5839663620338973
-1.52259773506696
-2.242211013816772
-0.2962583612779432
6.193721728446542
2.468441608610662
4.090267791837634
-3.3357409261544353
-1.424579820292584
-3.3659026470338675
15.416427999950931
0.27721361849314996
-0.9861051412265135
8.18877136401655
-2.3199802114266843
8.806779074895742
5.980515090359341
-3.9614407068036757
-7.974161734089819
-2.6097915708297235
-5.215234452594447
7.7225031896860035
-2.738303913762467
1.5291184374771918
2.2367651975627503
2.906832862303986
-1.532846346871096
4.770847755590892
1.916703937960377
0.384203389021355
-0.9930972069843487
6.778189989953766
-0.5647249891912023
8.593481449137267
6.0221441659120245
6.54632741133097
4.272749141115658
12.929619993217116
0.6395896509635405
-1.4162518389883263
1.2887043633745263
2.481319684601771
4.413983452850221
-3.578521944160425
-6.056738160841189
-0.420263349128429
-3.7460787662413657
1.939495496360916
0.5032225543201012
0.9282780766727771
-4.109963259288334
3.759609003299615
-5.29920850322212
-3.29285260858886
3.132318129349418
2.2013917612978977
2.5967989330394956
1.9200446511183764
-0.45309770699669194
3.645946862774954
-4.347223749904088
1.9331371884053774
8.49180800580616
-1.571378445824997
0.12364590167579192
-0.24606381944761022
-4.7347143416221105
0.8573554013140432
-1.4509093813706293
-2.4384596859424015
9.181575094919728
4.504845137300341
3.873201957578956
3.830255940733662
1.67085530107061
-1.8022160013819002
-4.439481087614689
-4.781599792424066
1.4264961899947717
1.6172470848244291
-2.974433362331075
-2.36812996794497
9.249107484965476
3.6396166502482497
-1.7366737190890706
0.2948707739256584
0.5812593925730318
-0.6748194179057431
-3.224320163289947
-4.232352693036556
