3.2648027216471203
-3.296605889457248
2.13355292626108
-3.3974882248461364
-1.3770521105358098
3.901855742278994
-2.534663965247455
8.698846221803446
-6.485814712254621
-6.511349953887499
6.480771597702526
-0.37968179109209554
-2.0183955672662472
5.367926975069965
-0.3050766019886705
-4.194606137076267
1.1028357581322092
-3.523229991955281
-0.08076726678853248
1.1422760921353163
-4.065882837620417
-6.820517316698826
7.154704114685904
2.1353552586140854
4.4484971547129355
11.618091471106046
1.8666082684776084
-0.44526780607001754
3.3784945660463386
6.324535869202868
5.766154716398068
-3.870242881350244
-0.5490398180721837
-2.8255209376093315
10.356625459417357
-1.5066206289294457
13.562948738744403
-1.1299527601088168
4.998400874683528
-0.3700998684172671
-0.9492603966482815
-1.326812483400118
10.048798753926965
2.2959585773557345
-0.6346164984191892
-2.8556275890807603
5.981309290275087
-0.3460023904870796
3.6712570601356624
13.130526981600285
6.467312440675993
-0.944309612622221
-4.096533306757674
-2.4428134594212256
-0.2828298962987782
-0.03028094036623763
-4.251509317260369
2.159394559089903
5.025443110102453
1.746904127698024
-5.903573492835894
1.0056517977115091
-4.0000705526504685
1.7120593000058033
-0.17551597868176
-0.742461613672567
-1.8306837131532725
-3.914940003882922
-2.8224814551774204
-2.4595017945772497
-2.369966851630522
1.747346658602015
2.6628887548856204
-0.6015869444849189
-2.9561634716438836
1.3211753890780153
-0.4225991986830674
2.535176312292116
-3.0889897112152918
-4.3244511872632945
6.987444881394955
-0.6420055578787265
1.280824292988502
0.8038745342465723
8.527315418790185
3.2112511422371233
1.5205000072327695
-4.940918525681238
-3.4390793389468013
3.751094968654865
-0.2184564375032318
-5.04950972764219
6.907875256505221
0.02514121676239256
-0.4508600971560981
9.187778396394267
2.0960683982767447
-2.278678643204407
4.968438436736469
-2.8176428772343978
