7.543548278669154
2.8805884960540213
2.5135737653789936
0.4286781424162842
15.43609704601223
1.428772755809762
-3.9889542466656778
1.0817227967263088
4.531997110130216
-3.9195971111562082
-5.360971576455734
2.180229160609016
0.47806286712521895
0.12612259736542203
1.129381590928175
-2.57766386122651
2.9272559877862214
9.624086032097983
4.590883879804523
-1.512387039932257
-5.731035655854151
1.6261317234169832
-3.5732739825528315
-2.9641088183431314
1.712708106795882
0.5432832610742341
5.353232974057105
4.108902951270222
12.270373258828089
-2.910526385098976
0.25281191089057187
-0.7620895755415713
1.2994845844562635
9.945345306601617
-4.458285353250437
-0.29722048408791785
-1.6596160041792203
11.860043563398772
1.3261400251487483
4.540380469377111
0.0790038278247
5.5183580165529476
-9.760128385423819
-1.5263742900011903
-1.8480636845666414
12.409172540092625
-3.2581697694329086
13.89553990787198
0.02241561873275819
0.17521466364564078
0.751546344728413
3.4655658284216884
7.078964745209072
4.651716330336008
-1.6492181564399717
5.48901193235295
4.4885830056756575
-4.100301292885709
1.890596197489958
2.0987511193006294
5.466013541502726
-2.2972597804989987
-1.115820146910676
9.311216563177066
1.7159367053201744
-8.069196818866796
-2.321177118265089
-2.07524725962818
-1.320786430035744
12.501887327918375
-2.131781394894437
-1.3768746568387151
1.381208552622144
1.3342735083339363
0.950163667149827
-1.6832546749438808
6.806498031487621
0.6773752758416093
-1.1688435041499743
1.0225546721115815
-2.9275557430726393
-0.9008326691400734
2.381382155274148
0.8084399752836964
3.7695580409428393
0.5832078875816211
3.86757111679312
-0.813006963560571
1.8350004496953893
8.080052661290589
-2.5420781696184163
4.528898412434741
-0.03727545362996117
0.5761257768807351
0.17396819706181157
-2.2159711435499165
2.2236893243351696
-2.1403499852712433
-1.6121818364970273
4.087871137878352
