-1.6744554598989974
-0.8877554522077574
5.709496368599934
1.0364115025336615
4.7527146226293
-1.0929334759193923
-1.925638646725303
-3.830671843731411
-0.9745386157752232
9.179224607465718
-2.4902319182750894
7.790339342771092
10.598307603182256
-2.0116055256956207
-5.262719329429888
4.802353376545774
-0.14708349110516522
-1.1087328779941394
-0.8713273083664146
9.805745048021596
-0.15853713818162996
-2.2318319953970933
1.2824805799456651
-0.7451910469584436
-3.4552346810762122
-0.2590007605103719
-2.180889108645883
-3.123776798508003
-1.5690658966451432
8.428293882577169
-2.7964259748749343
-1.5181834542529655
-2.38049980476095
-0.03723475019580465
7.077561748979666
0.5483825552878546
0.051202528233970465
3.585681087839143
-1.804190558536169
5.57638383243722
-3.163563257756768
-0.720336324923247
1.5900694165539224
3.135192048972201
3.1619298801847413
-5.5974414860079005
3.487050596327614
-0.6231065153105905
-1.218069310943322
4.540565654611875
-2.8243771508990947
-1.402445563179248
-4.137350839485446
9.578602071059223
-2.223906656954879
-0.058173434330649275
-0.6339543763707877
-2.8086730383198266
-2.8473144276635844
0.22668806939977382
2.831400622024715
-2.2143282332827137
1.6023452418367017
-2.5345598352777383
2.2273974097215703
-4.020919648789404
2.3351288709432008
4.985307590215026
8.605569018760479
-1.2917922493829626
5.062100231216097
-3.5940781556023698
2.2002170762313815
10.521605224385803
-3.057401041565875
-0.92429416879871
-2.542259862699
1.9159887745201198
-4.3094652051372915
-0.2827453424622761
-0.8202716613055905
-0.5696940388514281
0.7305913271251436
4.286250428321473
-3.2825926961716334
0.22712057124808152
-0.262974406002441
1.0291391247721724
0.039284717887846106
8.354715023931483
-0.8855889702014033
0.4639708488656039
-1.313194312679684
-0.5440699567868306
7.576606778954449
2.587181897570022
6.565214150957982
-3.7599673629150976
0.94177469348702
9.122612764787704
