3.2513155921920562
0.10645874195362512
10.716664515371956
-0.7405889620996164
3.1141159795087936
-1.6912188300899142
-2.2644093466707296
1.3087299683210663
2.187052210327985
7.537987084730586
-1.601916183982893
1.8971153909128644
4.694530842521289
-0.1450981784775861
4.163424133852542
-0.4218358907685372
-2.321199684510362
-0.4732217360040665
0.5164086272349433
6.5916157893227
-3.8363715768566164
5.387367934734902
-4.6769963082106845
-0.945001823373304
0.5009944297333218
-0.7635130809466819
0.802581653169776
0.3298196725291508
-1.3123202652922252
-2.0063705059765518
-2.607901680183827
-1.2968618397337395
3.5803689790699975
4.52269649559296
-0.6503815969522765
5.9882595450967635
3.3525737598297827
4.377968102520711
-2.2653009525560206
-1.688890973412551
-1.5363924027384614
2.2669464833197592
0.3677889761966168
9.419756653589015
-1.4312501928278265
0.24551369238897486
2.768918155130092
5.310010464849715
1.7275005111318693
10.35740447887842
-0.3920906451632767
0.17396939834148323
-0.8425799723148653
4.754027197807798
1.733381467641218
0.05626602944538385
-2.2907079380273188
2.5446684019575585
1.6849630256416266
3.4342138900432833
0.5362166349574593
-3.6624525160874843
-6.756738780822997
-0.25523049886900173
9.436569453705305
2.8393497163026145
-1.9661742940003566
3.8108958781927287
0.38007545731749603
3.4104529075307495
-1.6196573025088559
1.7953005805443354
3.9652479964427325
-3.8772060556419703
1.2682750535835874
-5.566854021483309
8.185626141481388
5.81560882680471
-3.548869912442534
-5.001095806638999
13.677333341098958
0.03599240597115777
1.4218595085060013
-0.718752844450673
-2.7449763870286934
2.065971921511929
-3.6934518770366447
2.9824938845705287
-1.6999433120263063
5.59680554186882
-3.1742038711262737
-4.768023057973247
2.856929497486919
-0.3505828193793725
-0.021859792481914365
0.8632704350171326
4.6565948330994775
7.371562833343292
0.32143896430438
1.5951362544640717
