4.463642971172604
-2.354197932435826
1.4879468394777002
-5.354787634846784
-1.009848875594611
1.876254468563956
-1.3345467899510615
-2.5253744255656327
8.248908558554287
-0.6044326523373531
0.5948785426076564
0.31623455735684564
-4.6020840432184595
11.942032485273963
-9.263847508862577
-2.556084191786079
-4.7031933556412735
5.924610293237672
3.20055834486671
-1.8563030328048558
5.616129752997796
2.392132967003736
0.018357296516281103
1.0079087081438
1.104548251331173
-0.22334602556302313
1.8845426527027418
-3.2524383531865735
11.263468745158601
2.0664616442522927
-0.08678858088009395
8.432288402212265
1.4872147464611167
0.4057341821521969
3.8298135439280028
5.733585564343385
1.1537561023620155
1.0355715672056076
0.3529202685416585
3.376614568594409
2.642675484089964
-2.8599951933573955
-1.8341538408851774
9.03479155696557
-0.40981233143325646
1.6071837111764005
-6.218250535765229
-6.65343408946623
1.204462860818937
3.4147071851255264
-0.5479008534140268
-1.652712146923835
1.765901961570201
0.7496913572146987
-0.1547537913041572
-4.303048692382239
-0.7628950950657598
-2.386894382953696
-2.7087131828550084
5.715131450787387
-2.22350849399991
-1.033479663613861
3.566232456645586
-2.8968018497827868
0.16934732986490078
-2.190531594799651
1.4878609253357853
-3.1553101601347944
1.4480526501970328
-0.2830328158159918
1.8169151732774123
-2.7657869216713173
-4.072345338155498
8.693644468273561
-0.7924035440624386
-6.597324798973986
4.2895777314294925
3.999840744729828
1.2690610017762216
8.342574228264217
-0.4074239989943354
-0.05160085588880603
3.43563344298006
-6.00741930894511
-0.2668284511142991
5.5144140864575535
-3.635882077312546
2.9194918324444075
1.3861865304882817
-3.6033854755014376
7.3462418390259145
-4.345893133712593
0.49005958377718434
-1.067990507414807
3.2352698251336536
-2.10150287473014
-1.266184931048171
-7.0930678687900475
5.733531373220856
9.369108642174453
