3.8340257307784995
6.699039177950729
2.573985795020464
-4.414173058705919
-4.084707004031074
-3.8794607151964096
4.078652590832195
2.493426129417398
-0.2726494418649284
0.8874878734739959
0.7577597789589771
5.491088782116565
0.6754575052167283
-2.269865564137312
-0.5289814791459158
1.02252207248674
-3.1547157131651846
-0.9816379793235281
1.5228025543846737
4.286685436273412
-0.1986145036746806
3.589446827602308
5.241006197974217
-3.772701849332123
1.9793844731973214
-0.9745520495258997
-1.491508380467821
-0.9092401897392093
1.7886148970670397
-0.8462539227508217
0.49329282740416935
-0.9342146462489933
0.6130478106440039
2.9679631317492134
11.036379257355247
-4.285149891785599
2.736596725104703
3.4343657831337078
-1.2603509142523586
-0.27926575768749967
-3.460917799210149
8.215804538209241
0.3852311128621311
0.43489663256109146
-3.1117423242402116
0.9160432950669908
-2.61845030397414
-4.234080059530095
4.450426632159808
0.20463485406016305
7.184058976388364
-2.518926328271066
7.888879671841832
-4.9854087268726275
0.23172037008473495
1.2711530580527488
3.035861739386438
-1.1129032447503366
2.6826232321446364
0.43494604809446336
-2.992184440399708
0.5556917415661795
3.53303473934084
1.932333666297622
-0.5313713374205381
1.0608019265841402
4.086078925662482
7.798631617706998
-0.937292537083418
5.341939149547467
3.4854202666628984
-1.643958799742658
3.3639800684096817
-2.469251608603611
-3.179114975472311
2.6115728762907833
-0.6136178818730453
-1.169198507043383
2.803680978515764
8.223713791265471
-2.7166183049573474
-2.0142558519838563
-2.909642551154096
-2.5363365006622516
-1.2171153793861875
1.7985692744793307
1.6019181631338437
-6.893054978147616
8.383601330544932
-1.108824157365379
-3.52542077293771
0.8083732946972587
-0.1420534427999799
7.657476766767646
-3.4778347335552002
-6.001165114224713
6.729486983734043
-1.122304869264874
-5.753811470226912
0.6160770019485673
