2.0198842832587376
1.4766358113094233
2.732548581119288
0.3716995986229058
-3.2371189579484843
2.4776837878298483
4.7724498243187155
10.259374574655872
-2.396788563895184
6.056692622074973
1.1624818444509946
3.3401034747492
2.785959658635404
11.962559788170871
-7.430201290059769
5.8760043220205
-1.284582853228319
-0.018632048203548586
2.54549682742123
4.978913830195769
-5.8758200149966004
-2.6123556715009917
4.066590699143653
6.378330833784284
3.14939188602158
1.7957572477530308
0.3717869553404074
-3.725022195810311
-0.7298339717602084
-1.2436470940094657
8.254542246086718
-4.694396798585427
-3.656251146461138
1.585061092314199
-0.14351636987626332
-6.336913401008181
5.814242223426023
-1.4348944045570216
-0.7840025927263752
-3.981656259423021
-4.272425383476175
-1.319325158165209
3.231744521194928
-0.9579509713843255
1.8342084077564162
0.9858536850791779
-4.629153163340209
-1.2593513433340802
10.774823298466861
-1.7727963027198073
1.6866775435850796
2.224221095264353
-2.800438058028864
1.2669056453888379
-1.177352439023112
1.2397611031450078
-7.573018307979651
-0.6583643340132447
-0.7086938488557576
-7.35189805161496
-1.633239770818342
3.1976354832725318
11.696485676684754
8.099954904126582
-2.534856795438795
-3.4144162714888395
4.649807643530515
4.894735180075508
5.8450745314740855
-1.5549723356157479
4.463452330948143
-1.5897580364456596
2.1884434389783776
4.393383867657846
6.413993500628052
-1.0555652887829146
0.49622555403486557
0.2689494528106944
4.002499199233023
0.8194342352719575
-2.314600027302209
7.168213255497504
-4.576007511659873
-2.128459715652463
-0.48530706902020093
-4.351262764283338
6.404848871103783
-0.1333022169927055
-1.4969974110517343
-0.44094442027556136
-0.2719343637450541
10.824989896921405
-3.548743536144954
5.738958268265755
5.294304821164711
-5.978055869916079
4.039002589870545
0.7438034848162992
13.042494126934304
1.2698322899678518
