1.1003425647795195
12.736015999202799
-4.9358485222116135
1.420769822437446
-7.3773947142155905
2.1398309498935344
-4.901255498781676
-1.2613637327977947
8.867534197869151
1.1014846368275415
-4.377644496287212
-1.8277030772895166
9.649500407940794
4.208789191670259
-1.0597688724319143
2.6056958933039684
-0.12081318975798527
3.058478898034778
1.6500372258665554
8.774166941556402
-3.342404443472426
1.0613667494458932
1.4807328674033577
-4.3405113697596205
9.826420686725127
-3.4085894022142433
2.1616167273673446
-0.3224932411455959
1.9978399710526156
-1.1933708860045296
3.6449855925412047
1.5803755320336175
-2.853542565657954
-2.4560366062794174
3.3861998894439265
-3.2774444959162414
0.2273877683631288
3.3599943773798135
2.4356461193215044
-3.1738785892773524
0.3718678520942245
-2.492491801615005
3.149018815073163
2.6048513283426034
1.8851799735407577
0.7973663390443846
-1.1573362772379658
2.9111995862542805
2.8005477898180358
-2.2974864613179684
-1.1786484018103272
5.179301914209513
-4.742256315260429
-1.8604504413259078
-0.33225884564753805
5.046971448179384
12.530505106581181
0.9421475402716046
1.5391391668459873
0.0788558873169992
6.0181944788710435
2.3146107745339726
8.346205863541629
3.337939796333669
-0.5195937322890898
-1.0907462540284074
-1.5103539680669837
4.034951889705882
-1.2885195299715817
3.714309395767659
0.6129263578615307
0.1402804153166349
1.741261328569577
-0.34600641616233785
9.605356968037151
6.100858039679961
-0.42072119485224635
3.6983039645658753
-0.23463035724983056
-2.0553555325888895
-1.791304307691466
5.145073318926993
15.496180899134536
2.2440954779685227
9.82743482700027
-1.1326573602671184
-1.12187646750941
0.9443649165880261
6.7522316157768785
5.648283713248679
8.61420953605065
0.5302725908419452
-1.875141144672595
-3.7601381465104873
6.665514692604244
1.4710424993087758
-1.4956115099823788
3.8200542896212477
5.363847392426857
9.60749961083516
