6.880642421272704
-1.2662223743091934
-2.743666601476682
0.3465673409073833
0.8728064653527863
-1.0875239874533502
2.254299543055809
5.503432197781903
5.3363100488659025
3.9980754226736632
-3.9347746303914364
-1.8283336932630654
1.8239947981932838
5.757743624649919
-1.5225513573669778
-1.5778427394943364
1.8255052349195673
3.940798023936357
-4.374824584754489
-3.5965821162101097
3.1186477922964286
-1.9822399055132536
-1.1610828961121844
2.3774635547094003
7.4655128969704005
5.993768569110528
5.649016366875552
0.597023709433097
4.631315266917032
-7.028531047503975
1.509169651008317
-1.0560385725163466
1.352255505362346
4.8988148237854405
1.1472365114747571
-1.734286514382301
-1.0676293822243719
3.371529705772626
-0.22321012261237727
-0.9465551088928272
-1.449962356155861
-2.404763261846143
3.577468565650669
3.408568774829109
0.5589160736093494
0.04375965496265227
4.30365165314091
-2.4855339351000825
-0.1652602021072717
-1.0814442953019021
0.2971327226628479
-0.9153562568454514
9.056093485159128
4.318708347427782
-3.18034160464054
3.1550407822733866
-4.058203885886285
-1.7008234081543643
-1.1082915393639672
-0.33963804932296937
1.474522752670929
0.35776716469046765
0.24787117095184175
1.8453049288661854
1.8720409267553082
3.187471074007515
1.6458221078454096
-4.767388980794546
2.603880044205685
-2.8367875578083876
10.839715464615718
1.405588216538205
-3.2294572349891975
6.504857036729817
1.9409837715821476
0.6065184991324166
-1.4064899930619994
-1.4023528677816497
8.657375399520173
1.5864179844674051
4.193528087709361
6.115763077221046
-4.4834822853841505
5.154334441756211
-5.0831257699722805
-0.4029269365307655
-5.653475124339633
-0.09096029716717868
-1.5158009918846826
-0.8485986946696138
-0.8049031539144272
-3.867794226178116
0.8919576272449152
14.850235072302459
-0.14914778713281812
-0.7183660350391329
2.118383379466719
-0.16926739880775016
-0.31316670775457656
7.6584302845933125
