9.639731269363896
1.2492300147680244
-3.7706313358340715
-3.037526427580354
1.5903818460254144
-3.347302145711345
-5.659057146221917
-3.985709319106902
-2.1745360162566776
-4.657900733355169
-0.2462653549989994
3.301095929570291
5.797593501320715
-6.734783509573135
2.349641786340806
-1.750733353102034
0.710338022187821
-6.443717008538996
1.6198343804560955
14.295526178676647
1.2334485071589905
1.8348496805130745
1.3924773965879012
-2.663592171567931
-3.326387242908763
1.7254945426876818
-2.7124441592975894
2.9643655381767697
-2.1695421856167347
-1.782208733917364
8.36134264372326
8.361474048309999
6.175036718760574
1.2388546248381873
0.15211006078786718
3.7504671036043185
-1.6303554119476813
-4.582393369402281
2.2422731455688836
0.9915924294815829
5.892258751016028
1.1633555094797188
2.595862439546048
2.181527522251499
-4.681682768150623
1.6067184666576524
1.9516960880892604
-2.2982458463564823
3.229398784095646
4.101054305924842
1.5926709751784252
-1.118809674706784
-1.0321393235805085
5.863153802455592
0.9559618286160276
-4.254929288720235
1.450622831552183
-3.6390290582362828
2.993586109991755
-1.4312486735304533
0.2661474085917074
-4.487223993618457
2.7329060174529345
7.076965687786291
7.527947514893553
7.804472650826901
2.0133665607086035
4.0160984150706405
9.804834750023918
1.7103353393623233
0.2330616884446537
-1.712192074128279
-2.794089002398826
-6.823211910479296
2.891892938783581
9.171780475951124
-2.066453460947235
-2.0635456408202653
7.229792505316698
4.352171758185077
0.49915371512116086
2.3242706161171633
2.598737283576104
4.994821670763142
-7.268510468487211
-0.9322121226931949
0.18133303743394968
1.2520222319205332
1.2558359044197647
7.181016150268284
-5.1907540081465635
2.2202634449447096
3.363263499251099
2.8880739335375276
3.5247351435487593
-1.2005879053075417
-4.268001621292194
2.0153970191168784
10.1658719199878
-2.7965292658232235
