-8.322057363630329
14.551709191951502
-0.2815058001564859
1.7041021145804058
4.574941538495605
-2.001536507852839
-2.690718032951297
6.364893786220916
-0.41609480493977646
-0.08819875417018098
-5.7905729712304375
0.32404175497654564
1.2262366058691168
-1.8103169369982801
-0.9226145298575883
-2.5566897493332403
3.4485541003696545
0.6684207752003349
5.702268910019461
0.8196879369131489
12.157066460870723
-1.1948274833498858
1.1771469570799222
0.337700928374426
0.6105245048910133
-5.420812771310613
11.974225611679628
0.5087752058293236
-2.0540485727248567
-1.2820786215451887
-0.3614909781499519
0.8367701285605761
0.9766009511904734
1.7756258195260408
-5.292674409141237
10.7729374006921
-0.49886693513434044
-1.5927141817345039
-0.09286148528230015
2.0487164522254164
0.7075521981907218
-3.59344230146006
6.483370942039423
3.2063089297373866
1.2082243155903036
0.0008343516499762702
-1.2345760065603413
5.953179708916222
4.140022001310482
0.7574132192288078
0.2359929082031538
1.5504703705899545
0.21737943976014323
-1.528903040957512
-0.42449645942235525
2.8396854696051954
0.3998967404093151
0.610359376239721
-3.6887870273608456
-0.597467964283437
1.6772994750554606
1.9545994115582692
-1.0378494259298643
-0.19738106484316548
0.09972988218413092
5.442204361793456
-3.9976223223068805
3.511219311043699
-2.243202736475383
1.7925327676226284
-0.07053367285635247
2.2076233088583135
7.8501072895041935
-0.3427658992588221
0.3003142326795679
-2.1714895535482808
-0.09598190844683926
9.418119551761281
1.7330313740378294
-0.5342231790259755
-2.7730141486246485
7.415533547635849
-3.14504058254256
-0.614761062835115
-0.23537377535814696
4.179467843925454
3.173326706211594
5.994188498372125
2.256677053432444
1.118546085555651
5.039151246504055
4.722004923191841
-0.6352407340523634
-0.35993925472761007
1.0450464236699144
2.592389219866889
-1.7773742485505486
3.458779413707901
-4.985938092898213
-0.09497659938825573
