-5.02721266559116
1.6902720825668656
2.8696949455435004
1.7685527597477306
2.481328230452753
1.5840454331889693
1.4380825762300298
2.8382133561729566
3.5886891701325165
-5.602755014759148
5.005883228472476
-1.8383564182921528
1.58129909098798
-1.0255539436406853
8.244919699531867
3.5348056663771708
6.725712748969877
3.7539767946835543
5.445877964752132
-0.018960361486407437
5.340153803463921
-3.4610964617743782
2.458682563519752
0.5789198077534673
1.2317939362980361
-2.5198009412637243
0.7813281596856256
2.9104168405137982
3.9239704231275585
-2.7345566972859823
-4.994272130376164
6.2065448886097965
-0.559295642662502
-4.396697576203146
-0.9864529494685044
1.4206630457372924
1.840449634074417
3.0140193808495077
9.27157615238612
1.9919178179210175
-0.20589801106499495
-0.807021904053112
6.545985628471557
9.243787039993165
-4.928651227103589
2.0867133705380825
-0.3931598807917691
4.804044276758026
6.951959944862739
-0.147159214121651
1.8815853559706213
-2.084212971134387
-6.59230758466618
0.5461605118308412
-0.29945571705451957
2.5273684540810706
2.0612285733351596
1.928466142038555
5.833191168761903
1.0985473304476896
0.19571115353122087
-2.8088223208548357
-2.302043286995719
-3.023439482457072
-4.942526471057933
0.7719009847685876
-2.9753081380808597
7.103627019619214
2.5316088257640272
2.646835259442066
3.1368467176744
0.42507520802021226
12.651833689982443
0.7331199510857207
2.0289527085729993
3.2720387462654523
-0.13760704722484357
1.5159625361405347
2.8140642760283665
10.232937838202481
0.9037580206057919
2.829068695540152
4.880513448465343
-5.682131974988493
4.623825901051003
2.279113150106153
1.2402775248589606
8.176424506011287
0.26322527508372234
3.6691302734514335
-6.062056109289125
-2.2577922502229444
-0.22266264023727994
-0.21539993042070782
-2.3045823258261713
2.4897278223078056
-5.104553584616421
-6.695005501849088
-2.688157453923142
3.797721483945038
