-3.2891253318732785
1.21445436645128
0.7056644059374211
0.7562900281690441
-1.8947099176559732
-4.656083775571565
3.869459961465215
0.10234410544845587
-0.43585401367171406
-3.020486360562222
0.3267224434924082
-1.4056114192305555
-0.23888340435971228
0.7830085091767369
-1.1031723071750905
8.827324875259041
5.0942306542709614
0.20802468048049638
0.4084672520919032
-3.640962310684354
0.7776633662560384
3.9253246461317524
-2.556516182199747
-2.0468892569314905
-0.015475632978204125
-5.080845616038449
1.4583909539219504
-1.1468768258239397
-2.4117334089292397
-0.5202935658024187
10.958196650628109
10.66450714031508
-3.540334634158746
-0.42268493462288825
8.951342451646733
0.44732000160312957
0.08653553781417998
-4.601382120288554
3.648233868171274
-2.222016003737029
0.16071155317922756
2.678545673971027
2.2638933199660762
-2.715522975682835
8.629945612879904
-1.686640840067816
4.945429455722022
-0.8623915419863605
10.43384823820468
0.4353438076636307
-0.24868848115883535
1.6560967831199698
-1.1230452605091912
-1.9901764866180485
-4.172334370477644
-0.22426554001986362
3.998815548785104
1.6482494064520639
1.9675703235547233
-3.070367111853569
6.131950420835349
0.566635813388797
-2.649140522764997
1.5222294296587442
4.735988941773424
1.710413934868298
-5.556976479775335
5.305472868532466
-1.7342029233279026
-2.9957542393076473
6.034231790160744
-0.7189411643114109
-5.993309276636033
-0.7521014165023688
-1.3135188444848123
-0.7368915069155166
2.0250812779280554
0.13158910032294746
-3.459360822960762
-2.062175752851271
4.6263026115470804
-3.371583087287607
-5.621177972546871
1.648624230912978
-1.8695444195804718
-0.6733477914007567
-1.0549351414209767
1.3752824042317477
2.2360207103644028
-1.3376418294202408
7.295703293773107
2.282470676655443
8.248000039748304
-1.1186392295844543
3.200875941239433
10.22657382538567
-1.4542649517606054
-1.688637134321871
-3.3111081119993147
2.378266277397685
