8.112990060435692
2.317604304916881
3.955470417335313
-0.6089384989777555
-1.4843168883733773
2.2319631661359387
7.336531272941821
9.401470438159842
-0.29027574532473666
0.6247389432268329
-4.684267576689768
1.3284041554229036
0.7196671490299505
-0.2568946857800493
0.5414993712846573
1.736440772561812
2.1371741126768233
4.865434855365047
3.2769215485781427
-3.171867056632448
-1.7128316879044125
4.271808509135154
2.677285333453919
4.044821596862721
1.2762981012894217
0.08656729275277407
2.113744215666236
2.0814277658070477
-0.06044596861938931
0.20093237045346582
14.151120534012858
-3.7290761380947526
1.598541182533305
0.49921264687365047
6.109598022877712
-0.7726206597722698
6.69526901798692
3.1999344867227455
5.992704158012038
1.2444887839383025
1.8601228477192224
1.139263255586163
-1.3645595123278715
-1.7716657041660906
0.06203112491811211
7.886274727342734
1.2439427229193005
2.713304988678869
10.780171315721509
-2.512590765565959
-1.7149747567646387
-3.2082292857030055
-4.173717912278245
2.947221246001135
6.4570414429958305
3.564788292780309
2.261550773672341
2.2085657242032286
3.313252003985181
-1.7065441956284502
-4.435030193082156
2.3006845003776837
0.16537976069674928
2.349856354384207
-1.8749311968783684
0.6423853972045329
0.21495047569565362
0.57174635646458
-4.796637113847288
4.5821366710898275
2.210489348062099
-1.973667845284505
-4.916876328654919
-0.5112439351842188
-1.0920646846116304
-2.2490371896429737
14.85853044105366
2.06692775904183
11.388308140867577
3.1973140959269637
-0.9110165801491068
2.6245121987323707
-2.1736062827424245
-0.49205146202025346
7.885130431895638
-2.8431315937845456
0.35807492966471083
-3.3858327959495886
-5.699021532079768
-0.5365352052941001
-2.0758401745517943
3.5370680331658324
-4.015923607255649
0.8482438790442669
-1.9020261841221935
-0.0878595578278567
0.7872750261293917
-3.3496780519736817
0.27048956947880565
0.5932743455123961
