-3.8540366668225037
4.045864840887952
4.068158611992227
-4.108549815488454
5.909949632632012
1.6246215305933815
-3.9544991931198115
5.366729615830295
0.8747708327077325
-0.4222774507031227
0.5319927209553851
3.2122202241184823
-2.3044769005239334
13.822258915628014
3.2852679655210446
2.145490167430966
-4.859457857468091
2.0976069093235328
7.736111182363926
-2.960929431593992
7.092363080448264
-2.8575229441074934
4.806709117120417
5.270400421380236
2.605028046295463
-0.11287939892392806
-1.712690573838512
3.6873548088887294
-0.21175388224013297
0.905645933463059
4.9242661325439085
0.9538383594699944
-1.4978470651620681
7.191958765771954
4.06679608352576
-4.296928003857128
0.07762854595458318
-7.8820101961692455
0.17785491145902735
-3.900925986998385
1.2870000420064736
1.0002332167618313
0.14355473415631037
1.666799926740721
-1.3071123149087123
-3.0282532782904426
3.12699457957513
0.9119124155067746
-2.652805266652641
-0.6380637401947742
-1.672138094997215
0.5413741200822535
3.071516012083749
-4.505334921571503
-1.4726287860669354
1.8616101884519898
-2.0561459507561732
5.3549124156168775
-0.2081239741373067
6.564182281007268
3.7126816110922585
-1.2513995872593557
-0.984332085485295
0.6150164885225837
4.819932145778935
2.1699670085261586
4.587723298371946
-1.634034401502622
6.459446030551324
-1.852852629859565
-1.0738690543585552
2.066282317200813
0.14970515600958167
-0.008436159503394141
0.7159968108206913
1.3316777114236362
-2.5940518513206543
-0.0920778611404282
3.918397720370863
4.269673770306465
0.3941937306561886
-2.6085153946190394
-4.038881340060702
0.45673993000183216
8.902510762832007
1.7852859658862523
2.36949264071876
-3.902698092722699
2.781754734510038
0.418162752608446
10.232975681797825
-2.636627847353731
2.0968253314523677
-2.4880089263935776
-5.035709953913635
0.29655037678053475
-2.053047169912128
-0.38057304157193494
-2.1013370364366573
7.60110762085904
