-1.419872333374699
1.9594384754746206
3.5269224504101038
-0.2830328344744236
4.968644645223338
2.4124721624176395
-0.49697002504068555
0.4975279158092052
-3.600988649551076
-4.452879276683878
2.481368508968838
-0.4578563990898701
-2.180838131511422
-1.3486973342036652
8.50019245438623
6.02285711990573
10.629653148188787
-1.5811596753603177
-1.4736444684735446
-5.281320277487155
-3.6837745683663203
2.8761459914448353
2.1907981243555765
-0.4941469628570942
0.8816163156231052
0.45599221045069005
1.9212156420711033
0.658517186897975
7.310541007996359
-0.9738124347087262
-4.603930196593321
1.551773135055849
-1.3760230267183449
6.710488305593952
-3.2498705254077396
-1.5814389411618377
1.070100272424797
2.499101204361406
-0.1272151889566933
1.532990851333008
-0.5018140884211874
-0.20598712549128673
1.8291709996276886
2.7545385477831865
-1.9138116816921942
0.4905137748959727
-0.06497432413562679
3.8523284555242587
5.399119010399368
-2.316012432511857
2.682604317858946
0.22624809506292243
2.4366462169115737
-0.531683807483738
-3.0535070774020205
8.984350142707935
-5.4567672032428165
-0.1255341280799048
4.913580892565365
1.9410080096035314
2.9644582572751466
0.37496066997845146
9.361995525163806
0.05020533776131581
-0.5658183015537597
-0.8626525263000068
-1.7237862765513072
-3.8043799603034465
-3.581113096583853
-0.5890848603604221
2.7806354906250883
2.447815862093642
1.444320488672573
4.068611522063723
-3.659218740104858
1.6550944369014737
-0.015974904682769315
12.743984422168914
-1.3551657732186433
-5.028238892324835
-2.2797767622123635
-2.5425567059365726
-1.7574473441380156
1.1149966789238213
-1.159808960725413
-1.083192379012541
0.3318699841380867
0.9521292158738703
-1.6860825902720995
4.666404453091125
-3.486757546466386
-0.3053672411449426
0.5553429243330118
-1.2166237558175863
1.2891185954504567
-2.740129810496285
-0.6669459408434236
0.6564956630556477
1.98613317658548
-1.192597034991496
