-0.8984402292248106
-1.2703726953714236
-2.7471652800378914
10.846908048224158
8.202611684475729
-2.4050169965290724
0.6994239829523472
5.299403419360601
-0.779979372934275
2.6243479979025457
9.516998698956396
2.1719283189808443
-4.0389351809046765
-3.87794297466157
-0.16736378202387314
6.650132185440782
13.404889255506577
2.928718003548564
2.1681061902325576
-1.3732225261645905
13.723158739049897
-0.7686774337070412
2.0628300575375893
3.2271585772998552
2.5616278198340026
0.05035068325970468
2.8059621169385798
-0.5043166588058174
2.5521325942252244
4.725865205430516
2.010348377275866
4.077580362059426
5.034166213163164
-2.2758103235081593
2.0009125152160268
-2.869023280767067
2.0597343390653613
-2.127250434587133
-0.5859170993016504
7.491588177269127
-0.9013019484197546
2.1873243625536567
1.5187507158918225
-1.056553644617046
-1.3740107993475463
-0.7615407026333518
3.622185029822801
8.119784100278483
-1.8476587403947016
3.3514435153870377
1.8107311670752337
0.26077151162938567
0.7149679104403818
-2.4132657504473074
8.099878906285078
-3.2506559553534666
9.224440409674871
-1.1653310390532665
3.4624688828351466
-6.286788154471834
3.136614431791914
-2.5007399524635874
2.3500473667388606
-0.7793260958505472
2.776840229199493
-1.9006221586618006
-0.4547198181605107
5.352376487235873
11.123352007806446
-0.9318778182783933
0.6563739700830393
-1.2619761882029306
-0.19579682866991766
1.1421125204437086
8.131704193417312
-3.7001574865238105
-1.2825470347986865
0.5931139884847549
12.594358051765477
-1.4420191397971052
3.9527278279930442
-4.459421640197419
-3.351759250986108
7.713652635749407
2.5895922841365917
-4.356627825341769
-4.01196926692889
2.790476970458802
4.17234062624003
-0.24708359568787217
5.301634592642801
3.724699993296296
-1.7413318011956074
0.7306157652036946
-2.2666693586502857
1.6422284424436238
4.660270254628667
-0.7363803424439677
-1.503428160223398
4.126481816161235
