3.550503278033032
3.470216642611364
14.325292471369373
5.482507923090832
-0.4502946227896757
-2.369072285980392
0.7225214364436745
3.181983947725988
-4.41314593385252
-0.5377539497220221
3.940060561659281
1.0485496778225174
4.113701024489045
0.326520896956908
2.3515232746320915
0.8629702506380568
2.940361914017614
5.200589564889496
1.626445240505257
-1.4309986682447677
-0.06870219976970188
4.860775538012089
-1.4877518322924317
0.017080897047895748
3.976880767373064
-2.9291270444993183
1.209974078694457
7.679702685513512
-0.6066268258994547
-0.5025910793388525
0.8653982986885802
-0.605777460168069
-0.543194693002698
-1.2830646153046101
-1.6332728523616376
2.5960448198885993
11.791195438064898
-0.20533139906663023
-0.04283550734708792
-1.3133563689949783
3.3353054915288247
6.659711158855554
-0.8004842768058305
3.4343449667561714
2.282456994531376
8.062764996211772
12.601710257464754
0.2982756462469308
7.296653548723488
2.079301393569868
4.255205157558653
-3.043019379448265
-3.235843511510667
-1.9551759521200656
2.355839598481891
6.17404267335928
-1.103227413271748
3.425815978354821
3.3542266036531867
-3.471608490316555
3.158460115049995
-0.5151408065751452
1.5263740858348667
-0.40388208161004835
3.8396457645584006
1.7749419168365725
2.956789534979045
-2.345122738728386
3.4287011777725422
2.1440528201679157
-2.3687538210628607
0.0540981535935634
3.449967790268166
2.810203198015067
-0.12157927702370842
0.35647082203207114
2.9765440858549495
4.1330890459408485
-2.867195784442166
-3.9031016719271046
-2.0703750429588883
6.712701910927225
5.182122519217591
4.479886113321614
-1.6663716412015548
2.4882691512757655
2.6033828869736957
8.853055034241962
1.9690976779652152
9.459628464439408
1.7656769191030666
-1.8398634045943687
2.8657227140973816
-3.524544449772207
6.361560705932304
3.494979824073779
1.203253425706821
7.218755979238648
-0.7679102388148917
1.5264166042925034
