0.9493032958287142
-0.2081337490057124
-3.0543657354440534
4.031526738860228
2.8278475613668244
-4.604470903394024
1.0608673468785033
-2.6070375461853894
-2.4592505714297195
-1.7306871549651457
5.523397424782479
-0.9645021022931719
2.5846041857678133
-3.47901369310312
0.8708619130956523
2.807724225096968
-2.7250747183849766
-1.2715777304456028
0.5866063806999001
2.912118284544015
-1.7988671569880443
-0.07347819858371751
4.034930090604253
4.144139247032315
0.9148393571577516
6.383532952620103
-4.270299374782705
0.5914469788620236
8.951440007676798
-1.9240159065102453
5.496914358841625
1.1942281128307768
6.169046022195576
-3.0909211325890817
6.298775879303678
-0.630090973391346
1.642284869658238
6.070405662395546
-0.6658700966826916
4.269303439270111
1.0911405889841244
0.3316239172859269
-2.7604446115796577
11.31851508718908
-5.507544695277059
-3.242012845854741
0.6944588210857007
3.655585200174789
-1.7994127867565293
-0.6732707357463117
1.923495753018686
8.628512876132023
6.241693291312946
8.728978055527087
1.2075639061328003
1.2529119456182802
2.445165710759448
2.061086081517866
1.0749975515630692
7.304544031938598
1.4870469844234644
-1.5190687946853056
-1.2419947137427783
0.2847338215289049
-0.925549910578529
2.4518992967353093
-1.3535796989248627
1.3170612949100389
-3.4851240578636853
-2.6449589558058286
-7.068259452609706
0.4446494987645846
2.5652244574177314
-4.847005467630787
-0.5635599916598972
-3.8012405000269567
1.7307865075860054
-1.3951776456819385
3.2315988636319553
-4.179374723827448
0.17087231325815844
-2.5815439964819484
8.084677207667834
0.5462662194237211
5.962495774485208
-0.3712434210848573
0.680635013440897
-1.3670686914479617
2.2121715523646985
-3.2072062418836556
0.7863229174221563
0.9887932790490469
1.4505148196819548
6.020722821471974
-1.4655328285065015
17.33431918875901
3.574480321677261
7.4299867895044835
13.49803526129973
-7.305074494806759
