-1.3730541413648005
11.749663594470222
-0.8946848751443897
9.177385451642785
2.721030973694366
-4.882406274102959
-4.059777287850048
9.051438277684493
1.1510141677744326
-5.048175143454906
3.5661578885391525
-3.3251355918181043
-3.1860464496486323
-1.2187666861692252
1.633245102455037
-0.18900107862833043
-1.4424513004772272
-2.6920815331643144
-0.22793464595366397
3.4996680356152314
-0.6013879317544966
-2.309122375742162
0.46934076239533495
-4.021861871993057
-2.8280448322131457
0.3439836532946089
3.6436402217470367
0.10804252338858386
1.9540370347273313
12.531681730783816
0.7677704742850484
-2.6164616317294973
1.9017521811445612
4.614853417803847
4.763087879149408
-6.59172626573886
-0.27080805872892116
0.22125439189132234
5.742094693177995
1.980528452736017
-1.2842518717861884
-3.8101215307212266
-0.0032228121728235535
10.460825938895093
-2.046572046936062
4.405035334422841
2.2917464613339495
4.142839195709271
-4.013506699970088
1.8049086607185747
7.206573909414188
4.5477042170407795
-0.03250794515107547
-4.223371608590172
2.2227433329817976
1.3466487087310064
-1.502136111320885
-6.928359112021247
-0.0745625944916216
1.6680511594459229
1.3198669432718795
0.3485754586396764
-0.18439721357926211
-1.8891125808486613
-2.8827198041796547
4.487928059592885
3.5969314522651556
-0.4508163608477871
1.1565077585525532
-5.44513446949453
2.9294419978982766
3.8139700631397444
-2.0209167842343088
5.3399764034897474
11.853440616586626
-3.768017593232245
-0.3520886093001737
-0.247999082150338
1.6860555562097832
-0.9494514125857869
-5.722328424085655
0.2528919555532734
7.488045535731242
-3.8473113258601446
2.2287649470259066
-2.1601892690602136
-5.581572373731889
2.990068279443997
2.8334100731336225
-2.38926391302466
2.0715089459185934
-1.4208041771445654
-0.7335766644508452
12.062962418004997
-0.7727089449315706
-1.2687604455328312
0.7059692966302534
-6.487308776916331
3.7948475299147013
-1.3571198792618668
