2.0227983443098108
7.544682320028278
1.5360902679815749
-3.0918176899943903
-3.381933583577771
0.49195727105674014
-0.65259754976749
1.9446862911782878
3.0529765050679796
2.81277748223705
5.821786635107598
-1.831907803764008
-3.0888380899197045
8.456179596335799
2.933299450432436
1.7722942168210718
0.663972909448469
0.9345525530555658
-1.1367589182496403
10.176253756976022
4.107229482814555
4.074862501442157
9.567686152264374
4.522950042049223
1.2032743649653195
3.3935716311485553
1.5913953530936022
-4.034772816774334
8.171918132999764
-3.1147990108296453
5.248982285185596
-3.980574736609563
-0.28980905921851857
-0.03715710328525106
-2.4812329772424078
5.95682683273952
-1.8692669618328446
1.1878985106575868
-1.7890295679920276
4.981489530165076
2.7002577900460993
1.0779668099605155
0.3364391955544148
-0.7305239188900958
-0.3104183087783003
1.208455668240506
1.246870898994995
-3.519616040786552
0.8444955972062751
4.66360438319227
0.3877813680331379
0.19775803382218912
-0.5651042337585631
0.5593806369115659
0.10435096331443378
0.6231351397792849
-0.1954384882923344
2.0517487725013765
5.617685565941828
3.1267588287310506
-5.778795154873071
-6.565996168553866
6.210632795864716
4.051455440782098
4.608958058625512
9.103225220814007
1.2564572887187946
4.07149634359658
-6.306769920923298
-2.786658071198289
3.285088127554862
0.1155566896809031
-1.6574053052093696
4.698864003613101
1.0270519547675838
-0.7627324948305243
4.962932878114811
-2.972938944124434
0.9563919861191806
3.1051595927655544
-2.7880518963875733
-0.5182500973396837
-3.473784816864894
1.744773666789163
0.23208921894870133
9.277917356196193
3.91884850265199
4.75877982679249
4.82036936836533
-1.7414479213479583
-1.1199212636077285
-0.9645685410859148
-6.276239239287307
-1.1821925646680966
-0.021937108885758238
-1.576829411955354
-3.307540615401212
5.623618879789393
1.3278165834134275
-5.412649694160039
