7.819397706110621
3.191499201021026
1.4093765301659502
-4.771173204946746
-5.160260088683093
-4.013490691133963
1.9018431314344353
-7.093583882135038
-1.2640730913674765
2.123150780913411
-0.1516823028251712
-1.533468778713004
10.650199710951961
2.551081691470617
0.6870220106875626
-0.20422316647896957
1.459731893872347
3.5274238783506764
8.887924162432766
3.125024961834226
-3.656579995927858
-3.3021977635481776
-2.9602841306433945
0.28129085454079616
-5.711704425453999
1.3852906730573487
3.3493203331088166
5.016178238514948
-0.10448964277948303
1.0320888341568666
2.4634452201510566
-3.8723258355860954
1.1949479057225587
-2.281770585107365
0.6885077571118253
4.3062731363977775
-0.5850432760679545
1.940003767303602
-1.3623035488535722
1.343494730013215
4.389928369705472
-0.42894835265386666
-0.7401528292485303
0.9545682047502613
9.207410563416675
1.7271643927549105
-5.202117263503447
0.3861781958471949
1.5039292779126483
-3.0101494916559197
8.249754529236077
0.5457605550639666
-2.031372429502835
0.2884543558382743
2.0723115612395198
0.6970458514487352
2.7651861959450788
2.7065266457786388
-5.292110794243481
9.063643759099984
2.140740404979274
-0.16595539474201854
0.6669324056147597
1.7617379667717818
-2.657530356566352
-0.7667630115717758
2.394599152289603
-2.1188803346739498
1.7831465931759487
6.77715331394519
0.8356213733609033
4.135919264911897
0.5586454935006365
0.777171246168395
6.102479064125509
6.808947088694474
-2.2692661639473872
3.512207291928969
0.3122002317089739
0.69676362648402
0.015194772783744809
4.064719778642293
3.8398120064765786
5.246986127497748
7.5859374603064635
5.378394293496521
6.429350874264114
3.2755347832745523
3.3783177405305533
2.351784628694991
-1.21418687655995
5.25199796804739
2.3409485143946114
4.208514724187797
-4.82490976661312
-0.7892597465154496
-1.852324579644554
2.7751759301581376
-3.2355636267380796
1.880045700300368
