1.8032673710297735
2.282726315921292
1.8580855302430477
-0.43969603741669605
-7.41815010966698
-1.2677158747372315
-5.712283192825156
0.4815857853891252
9.887492179929612
-1.5391380218384014
9.273692621307202
-0.3466006344004658
0.4078403625919416
1.7470578709333489
9.74733863160052
-3.0881961914629006
8.617021573435075
3.1681314318019886
4.2776396820679885
6.569545413007971
-0.8643262672631062
3.1278250161068675
0.5754289614133379
-1.2255940135606458
4.671418893339519
-2.397652616287233
4.836679595702599
0.9867323931269331
1.1651975690688754
6.478057981479539
3.7991982645431777
3.7979596576199484
-0.5120322528705474
4.63076682870915
1.2406702233257265
4.263808176230185
-3.360272342305557
6.519338888330138
-3.3438912697061696
-0.16137614792072835
-1.4193057338591195
-6.896048797896361
-2.403662680348415
-0.2207049217175452
0.5870956717674105
-4.7323903318075065
0.6164002472494199
5.963334198187666
-2.5027854754118013
-0.7436460242816034
3.279203111588818
-1.747387642214301
-1.4569490768725257
0.9652065700511592
-2.6942052983226645
8.87997626327395
7.398698363143507
-2.431191670061772
6.110694000048398
2.659788347341295
0.5264775687138376
3.212238292232784
13.022462821653845
-2.146530389636993
1.8173538960648201
-0.4546990242899566
0.676348714478353
2.607530510935013
1.272342968264053
4.050902713809055
-3.2691790601985895
-1.1112454000412124
2.9732325511109416
-2.4777732087570974
4.586728916208309
1.4340104550402206
-0.429679209951063
-4.1016674499583505
1.915576265470284
-1.3350759263634289
-1.238630188295409
-1.1636634204307623
1.4364346566436248
-2.3319694466105014
3.372007229816507
6.128331324645128
0.9804315618344546
-0.4354655705178204
1.033131097543952
-2.1099194893899282
1.2728686080762703
0.5827163630539343
-1.3247917765502664
-1.8573655599270031
3.707651960143491
0.5433735646857161
1.0286162221617408
-0.4426586093828757
7.6884165988138555
-5.552574801466451
