2.145126631775965
-8.078388143163941
2.0765309222646264
-0.7759171238716753
-2.111933306837016
3.027361803958379
1.944967767892174
-5.310662924543612
1.7299585841079512
2.40712920096674
-2.7637805283826875
-0.01988958359270613
7.044816111099742
7.9765886337249
-0.37048749800438063
-3.3608402076726653
-0.32290650596275816
-5.006660178730795
8.1061510240747
-3.6403931458663763
8.700552992564747
-3.1114274058563316
-0.5033386109289768
8.883281802477004
-1.5677302071417416
3.1600122459297184
3.966414834879748
-0.43781278891218767
-1.3906467067528354
-2.2693434915169712
-0.5359035671904593
3.1744628975130986
4.043256120971305
-2.2403124925379663
6.137705094661705
-6.125225824645211
3.0799592010131587
12.893133615287962
1.3001839193073987
0.4796767519419438
1.8739790763440256
-2.9524946741897873
-2.3236004506660266
-8.67128901400483
1.8079973188632568
1.0459758078516104
0.3069456585664393
5.8797525231020025
2.1097631501420806
8.023052794574056
1.5725938473813201
-2.2217468375180123
-2.5750753904816106
-1.401422657703569
-2.6620148849880407
-1.7381361439322263
-1.0470295325442476
2.3401607666842126
4.415522088033542
5.390694222690637
4.876761035809792
0.7704537273785348
-2.565179635844359
4.204475078742242
0.8718561009442332
1.5093995984615023
7.61544412186644
1.7473838553992347
8.183272198637594
1.7883990777482657
-2.57820258336801
1.5735934809264203
1.1446475402189218
0.4868471024083315
-5.1365939095865105
9.69317285801035
-0.05881794478503968
0.8109946234878778
9.407396963945935
1.1765231149187638
2.227907387474175
10.850484409197191
-0.5619557176172257
-1.317447964968929
-2.23266346699533
1.2408672314458407
-4.115444389735277
-2.266565389810947
2.208543211883214
-3.6931590447914284
-3.7112628818754803
0.785133359904792
1.7988709210214546
0.8500231986664798
3.496650283280176
3.8906187558637186
0.9671058824982636
-0.28127213865415696
0.014499821171112542
-4.950357634635983
