1.7475877006306184
2.46866329072895
0.453105934998309
15.68532606358938
-2.8906519215757007
-2.5430317439464765
-6.58785960764911
1.0475974367013854
0.07713025309800442
4.769395189592091
1.5525393659123121
-1.314454026917205
1.071877605599978
9.559299093082547
3.3298174591893552
4.476616340063254
-1.484580482827496
1.4833526070820622
0.3266864153236876
-1.6209755751770567
-3.5243741291606927
0.5438768448333902
-3.2207026810091777
0.6763886740523888
2.7942189910980577
3.0613334723369974
8.570379165365942
6.173638591861842
-1.9759623888196147
5.703245410728977
-3.9106768024844953
1.7575798407272147
0.9810930596032152
2.058043635171241
5.310842524427944
6.252222480445491
-0.32817360602534923
0.7538218844154962
-1.6738321093961877
0.8734559853641146
-1.7883554954384993
3.1974368818308925
0.18372420587644164
-2.6564105370781803
4.2116678553347064
13.178261572316103
-0.11281637870023853
1.1171055347420886
-0.48825409905611655
-3.02673214859658
0.18940074478766344
-0.0076667433905914465
8.639087679992791
-1.9603734189960833
-1.0700522735489988
5.448481402748605
2.626154127989251
-0.18102880581941105
5.174619274314942
-6.33654121176648
3.3121859995963296
3.473340605508023
-1.776544221057597
-2.316793375774652
3.2284301718599733
0.9880782904103227
-0.7672823282881669
5.641454719997634
4.522872601955441
2.070432500239066
-2.9144292833561836
-1.1115588720985212
0.8001443850708405
1.9503965771483012
-1.5071805009857426
6.6435363815871975
2.3146091879047
-4.700825383803279
1.9363613251923935
1.4928961551160564
-4.230776148876198
-1.064783613557609
3.6806248477768833
-0.8679293047413057
2.7292148448187517
2.731587231535517
-3.3162205806569443
-4.373871747938736
1.0320550042993846
-0.2989072506045003
1.38504773626161
-0.9798955737288587
0.8114782667311831
-5.793856455461534
3.7425722213140835
2.1334019060446847
3.7624974460995495
0.5628430631998569
10.172274188382534
3.171595765887053
