0.032591935769360786
6.51611430215827
-5.09095866141846
2.5999064510192036
-0.5063727234369435
-1.776108804559665
4.6790231167260234
0.9286051440470542
-1.4726401443021127
-2.9838312874638024
-0.2767039453315351
11.52906547584218
-1.312993730497749
0.08495461711761411
-2.707977237421904
0.07914124714147873
8.749631759276816
-7.633594635363417
9.985692161433388
-1.0497802454434209
7.663809111922737
-1.3397836680006665
0.774250082595146
2.1329972839157563
-2.63268025547536
-1.8331286946426486
1.1294620881654676
-0.5137563623551432
2.505870464665526
-0.4402452782374777
2.847624119733749
-1.5551853344587219
-4.647827143226976
5.774082753310543
-0.7151404082890152
2.038247297326226
-3.5964492974800395
2.653888008508773
3.7349831524648476
4.661525883473223
2.6461246440613895
0.22981106564050147
4.22706683326491
5.239724201162928
0.6510384744491678
-1.6873494085633336
-1.7126915545296268
-2.9813680006861105
6.281801898179152
-1.7385752059391406
-1.6214403680173097
-0.2743397221100503
-3.838907377827679
1.2750019284676153
1.1268486291070632
0.4096969057923412
-3.4880896846551472
2.310493460599096
3.186429990527866
-1.4895679639264663
2.722312906091342
1.84003397095156
3.036796920046689
-1.8698355278993821
-1.7918028795313217
2.851633788707655
5.343524539657906
-3.1074964484578684
3.256157865384055
-0.29984288271996423
-0.5387486518225577
-1.314391013580786
-3.9642070222663257
-3.977493780903495
0.29807283637728943
2.672258879038289
-0.3512459308668558
1.8671453055007
5.4269621901899985
8.576095483958683
0.12296662780260738
-5.3447282228304225
5.802339225634215
5.114345011681792
4.59649988327264
-2.379848195303328
3.90054657636796
3.7704657435103455
5.059202409582981
-3.5974235955159886
2.7391356224984724
-0.8789976680739862
-2.149929712159339
-1.0011019771977887
1.4217721291854692
6.918799724452976
11.89691685758848
0.826749538751288
0.8081533104084183
-0.4153863337960482
