1.9704662633070704
-0.1378720056547893
-4.443685428783212
-1.2446075208958014
0.07032245007684093
2.654602308061018
-3.4039434056857623
-0.7630471799266964
1.4021323965393488
5.846449699007749
2.446994762376824
8.687392084894011
4.331576814443378
1.570724195920249
-8.26040451894127
3.9565313795454333
0.7880024611714886
0.22340762054275012
3.2118079730177937
0.6986429665315627
3.09121212327668
-0.23194762999789653
4.719632366853539
4.763556160520795
-2.7583649400408987
-2.0478879308848112
-2.5011168581915695
1.2852928608468006
-0.9003065709705748
0.7520871766868801
-0.3909483886085303
2.1372198150020965
2.090706199166793
-0.31388070387553013
7.611270041699715
4.938417897395412
5.97689721042973
-3.1499566261344256
-4.329201880866592
-1.8785603069582986
-0.579108040324007
0.9198603704923161
-2.1336863216708615
3.2248968512606133
-4.400065897559227
0.4708369889227051
-2.606858425131441
0.5410787959087295
-2.46820433232809
3.6736074494160196
4.531515546677635
0.6437857868512966
-1.1452757558322029
0.0064195366807366944
4.790324651589701
1.0325868713493647
1.956879069768259
3.031795309417011
3.1663808092447194
1.3499980580322148
-2.9585477281128294
-0.37984724397072156
5.753217204926226
8.064299450179929
7.994422880185818
16.727231748974567
-0.4208416506076882
-0.9798170305278373
5.04562660385584
1.4912814926982287
0.4012258747580507
1.9783539631497935
-0.7915433409497469
2.2623134922737473
0.7821011332326469
-3.2844978118638797
0.6520136900883527
6.649370008933311
-2.4343957325557586
-0.8060754189151389
-0.08487028503111795
-7.042154810594035
-3.735431134024612
0.8813975672395554
-0.6621032375749151
-8.421014442228715
1.6549696851127842
-1.7114533929192393
0.2023432316078323
-2.0705794778740803
-4.38101237021428
3.272392640123691
-2.1829577129491113
1.2778837485855012
10.68184916641108
-1.0908672156529522
0.54026488095812
0.9922233737479766
-2.692556181613461
0.383731201907893
