-4.148086779941023
1.627229497929731
-1.7312366825598984
2.0172564992099753
-4.5573257248777725
-0.3645801661782854
12.01125603076552
1.145004743065218
-3.9177913276275973
1.1631400577127013
-1.8497172640470811
6.468313334293481
2.9109369100006424
11.280971974369141
-5.925506415539811
9.406412379378137
7.629002062948285
2.4048655488874484
-4.107367589520931
0.4684876200828537
-1.34586742770197
3.3594956618678173
10.056187610241704
2.3795099239122033
-0.1309820035219843
-6.8219906819517036
0.15833143843401398
-0.6239809487907035
-0.21149445553087448
2.1528519047729238
4.037094121111687
-1.480231360857509
2.2726790860973862
2.6010390351273722
3.118402080156289
-3.3788186484398635
0.3363076883417393
-1.1397818021746593
-4.334675248777099
7.512801387509567
3.420885205060421
4.193647264550487
0.8121366135047914
1.408373603992243
3.1497439447181863
-2.9379994420229263
0.72861759718201
-2.5426607365680365
-2.376473022777773
2.090342966734284
9.967447965598517
-0.019389184142040786
-0.5893822061456333
7.283257486391165
-0.9198309130498056
0.47284488886870235
2.1112792420091555
-2.7115668941629916
-5.666852688516587
-3.5450748293754972
-0.2603334373394953
-2.0787989642529614
-3.1762906479543815
3.691997271176334
-5.062228298768659
5.048977747213391
0.4712665805419558
-1.3043987870924818
0.857393562509768
2.27115253903665
5.352931034516558
-2.563333523425854
9.953099955025294
0.8935405943085382
-2.07085958050171
-2.486765135077895
-0.18909992618919547
-3.6765615986537243
-0.6292886170139583
4.896359594977802
5.753539396848044
-1.9645913619267654
-3.8015433388048785
3.467764136536736
-3.5214749903961016
3.3209870317151635
0.8070319768816541
2.868079618405955
-7.121266174815013
-1.8510755504124186
-1.361396999478938
8.833367870109768
2.940695399839657
3.918620395323187
-2.3930115625613855
1.1747964776090862
1.123014763710721
5.126503243024153
2.1323052344330415
-6.272097933409094
