4.215852248553738
2.8629281628931014
-1.525962947518504
-0.6794753896261099
-0.2583975257688847
4.740258990833489
-1.392242638559965
-0.8926023525283214
3.7128592496779618
2.0885396139758123
-7.21502088771039
0.7363741701690169
12.72657252622071
-0.5516759423732035
-5.005062495964824
1.4415409602218396
1.259637898743558
3.2523957552608502
-3.6423300927500364
2.37611690960105
-2.3350848014001646
-1.59328982665934
7.147317372136566
4.11366115208512
0.03160642730471275
-3.460453396727984
4.388400311775867
-3.62111672156555
1.6968758084155957
-1.3587371374571529
2.492368613263789
-0.37534881060163233
-3.504412623284873
-0.4675078600814385
-0.810885591972027
1.6491524156686583
0.13962594948708995
0.2974618879809501
11.949347705675512
2.7431702264698523
-3.5548835797138847
3.87550449212734
0.4457086539999213
5.995759900053913
-2.0139924755109573
-0.17785787956679622
0.42140760523570364
-3.338891677039692
12.2938144685185
-7.711681663814946
11.238755722360567
11.197925811794047
4.326255107991077
-1.748790871588894
3.333836089434028
0.919820691648825
2.6584966266433874
1.41692549613473
-0.8830000990824919
8.045342984240742
1.7104902093588552
-0.23729799904171972
3.0974122307654524
0.9876512269759337
-2.3468828919203397
-2.862579309849068
-0.5738619585502779
-3.523295045561012
-2.62070505772246
-0.562922102393846
3.3843906511022017
10.717292097198648
5.05783984680663
-0.8730583480694968
-1.5676107241327029
0.38118975187581405
5.094854832755476
-3.8224868284255207
-2.3953438332618235
4.045511655297124
8.044339259879937
0.08714349445871716
7.6631065563820435
-3.9813194832128698
-8.01169867166716
1.53697441978183
-2.980589960582063
1.4482407782309634
10.836158218336147
3.3662896223164767
3.1744905432783215
5.400729598782076
3.3626623715675614
4.064389547507764
-4.448444727582054
2.6302642864030292
-2.187701568354693
-1.098667413843084
-1.6928641074032278
1.9864553972582821
