5.583986441174732
-7.210370693885437
2.638236582374041
-0.6555499281809628
-5.794592491150395
-0.3594505163615064
1.5118206444376332
-1.582769899017423
11.227835276823988
3.113948131855435
-0.5295451906617233
7.210342719346068
-0.9367018995160519
-1.059365096838306
3.016120518178011
3.8007792734410524
-0.21559510607464055
1.8807680353533138
-1.675730411243043
-0.9395325144997977
3.6000346924027897
3.270028199925726
-0.21114681048831313
-1.721653494103138
0.3700989526384108
-2.400030125039075
3.1434995022868932
-1.4136045295757786
5.4419781982620465
7.520854950587381
-1.767598518219209
9.63986780972935
-0.6571442708625479
3.082075423311095
5.296948376829063
2.1414464983878383
-0.5122493631681264
0.19857248259224125
2.507559102515545
-2.702528377586469
3.3334836092698596
7.950326083995692
-0.30426326936759734
-0.00895123740479093
4.604907568642891
-3.0074616456686334
-1.8614249506006262
1.458489759522652
-6.030836566778973
4.0802162931465
-3.739054892265942
3.5786427140524584
-4.16961785030621
-3.9154300677503526
0.7959515264509198
3.5663371736781615
-1.953412743919357
4.499177320182615
13.063024690419889
1.8689288523829797
3.1250717655588534
3.3952445353717557
-0.8405012549276039
-4.401263905344573
4.675029460899879
1.4893251627399717
-0.27846893293752684
-2.9794564645839423
2.4646597739849048
-3.382431488644891
-2.323709777376657
1.5065940095226418
-2.2631274286775276
-4.430833451571431
-1.381793402975886
0.8884114807976968
-4.718824612837826
-2.956991066515287
1.5330534781715168
8.276491556092054
1.3018530000522694
-2.1521120360291666
-0.886865187110234
1.8835318239364995
0.2759286984083522
0.030659418086849428
3.0825689582397473
3.370974256452093
2.0476228237286955
3.445115168163973
-1.6047376980635568
-2.8269448860035156
-6.465049096520717
9.49412147160082
5.957835849796616
3.288508608616229
-2.270102082052178
-3.7801301815881496
-1.0449623132169488
2.9107459137830336
