-0.05650798707791349
2.2188139537358023
1.9400409008704798
-0.6388635359203961
1.2474779832198457
1.0554646704460702
-0.13929673599036535
-1.3623650979298125
-0.9325837506074567
0.5542279504204718
-2.1360988501231835
1.1459601276788258
-1.8064399741426436
2.034731445457059
6.5132029810713705
3.477710569267411
3.1395023383015244
-0.11705915182653245
1.380315140936935
8.200750230730455
-3.183422907328691
2.361002775376204
6.293804468268597
2.2610657487288917
-2.4176151955329876
0.35431751378286275
3.6535125648104487
2.1542035108360116
11.58024397467409
-4.391445820530574
-0.7121195073275527
2.1189745006812997
-0.006761030666970031
6.3213446895083765
-4.992426773934358
1.9718369368222173
2.95526024695101
-5.422491742005205
-2.271674243609997
2.787478540826744
-2.5146218355780925
4.042872966719915
1.5644275824244513
-1.4405436739980657
-4.045832858743264
3.089213204582009
13.479545197749843
1.9036022544234994
-3.8026401805750267
1.877280029107256
2.493186851400225
6.67221626290524
-0.7581606173540563
8.972204731123782
1.9915268993473614
1.9384303902361442
1.6563044803906495
5.259268956805178
3.5693246875983924
-2.071939475956044
-1.5220092880242146
4.2842813272302
-1.1397536515292293
-2.8991272962127956
-3.354173284799517
1.639998062986734
0.7089945743170584
-1.0532820824157765
-6.10440729880502
2.4000143634843987
1.1385550152168644
-4.0980995434623315
-6.499170970544048
1.1344042303538526
0.9477772729179496
13.026646080161754
0.5585336458843227
-1.9745977105769468
-5.041112242174249
-4.256640475612187
-0.6007112984493457
2.7438396381236636
2.501674062312836
5.604305377213995
-1.3780696726778854
-1.799269852212566
-1.0440179984400744
-1.503152569430078
-4.089036811223572
0.027877251889860292
0.6108850363573702
-2.643298155902251
-0.014996037802095049
0.06407164176912492
0.5801624079116391
-0.8429603422913419
-0.13397873924714143
4.971547780053436
-2.1695585777508892
-0.3190466722444505
