7.989842332248582
2.112451056941073
-2.703787927126438
-1.1537889148501665
1.0994194131435433
1.2332477689043044
-0.08392435676401606
0.9363002672759159
0.8916983878245157
2.2672889512736676
5.8447543157730255
0.8216882077978294
1.8738561051268463
2.1298486591377768
-1.3154452805429129
5.877195283300488
5.229841868284609
4.220385129420035
1.9796143959884387
-0.4040404334524139
3.94640899580045
1.3879013752550802
1.5977793245403709
2.228239968417205
-3.8008525497415118
-1.46825401542588
5.4277558763448175
0.4758635344707289
-0.8323497950152001
4.002802472149141
4.247690042248027
3.9496446261129066
-3.5249129972513558
6.529842186048063
9.427144332037233
1.339335925719737
-0.5135413734702914
-1.804027145998894
1.1648079929990423
7.23039080314839
-3.4411733414167345
-2.1386595117000544
0.6596247612263084
-0.7063946112104763
-1.6656833448725017
-2.6246131776205317
1.8561261744697037
-1.5046000626386475
-2.336582814990834
9.20112091413528
-2.3219121715127917
0.96585568573873
0.7182943407364217
-5.271332693724781
0.6728167640897923
-0.00429075003771906
0.15472539641763536
5.431769463366787
-3.6009705627695285
-0.3570912696980022
4.933814209506031
-1.8256805846321278
0.51286409497118
0.9601169316940507
-2.124492177622731
2.516386286954264
0.150593236359281
11.762926267529183
0.7566456171122176
-3.8287080100708746
0.22182213435281306
0.36006214808949955
5.1808163343831195
1.846505449833498
-0.13368605276161943
-0.7985518656576136
-0.21559447892282171
5.308134427595679
0.6145775438384332
-3.1514475792700694
0.9257920954409458
-0.029121841913501992
-2.3155696341141785
-0.9333680281396396
1.2859847887478475
0.6626298659841605
-0.023263788775878882
-9.20464869710923
-2.579870924958815
0.650183161977202
-2.354997397892685
-4.914319022725733
6.093974671023982
-4.0768212513703865
3.3728915436682594
-4.802019628661219
0.6761756861807221
-0.09556500812018164
6.6253951586099555
1.5553518389510361
