-5.842936767103598
7.20905336637266
3.4838926972663113
4.623935996004242
-2.8855129919779183
-1.540553327963738
10.570796672402334
1.4732244090196995
-4.39123913869146
-1.476263476297035
7.338463141593724
-2.9637681008402
3.1058303549670363
10.628068336321691
13.680777168808245
10.489352144330063
0.5234755357493465
1.984853379918945
-1.2913052517274557
4.830627216307257
-0.06293150827428541
-1.7595972651870646
-3.8995372861638473
3.860586812232923
-1.1449244067699507
-6.019066190928031
3.4146510225644384
-2.8233086021834026
-0.22362909963704103
-1.2623075474277368
3.7924666454544926
9.669549100253887
1.604442036341617
4.3515305858176285
-3.759380615417512
3.52842479856613
-2.533718157702303
5.266745659207412
3.879449687956729
0.4427706498203605
0.7247024933219925
-2.884105406129223
7.455746910655672
-0.7884174350132409
-3.0612337653568438
0.010416031726065722
-1.7938746865800432
-2.1892222200376787
3.7918865559225763
-2.8867139413382135
2.1237730337450333
3.7600662893218777
0.6964225885608395
1.2193867977100212
0.8533616125907981
0.5450909654947261
-1.145163874074816
1.1901997946816796
4.1155452716342875
1.2748994555139501
1.1775518918956576
0.3633352410673687
5.531837999892889
-0.3180415984539482
1.9538423195326362
-0.9229576015721901
9.727223516777842
-1.29745838061063
-1.0006011768265801
-2.707235697965241
0.11162053472353564
-6.463257818001811
11.854844207733436
-3.3875353370042856
8.303860238185107
1.094436252908969
-0.7063232088638758
-1.4107904484958738
3.1046152300371093
8.634983005170781
2.780454311555159
1.2180520559980186
0.13089435654339807
1.6291169246935913
-4.413928811336409
1.3694178589802093
1.1857963807118501
3.7460316049912334
-0.7719135810829767
1.263108874850602
-4.748479998779974
-7.250813023631313
-5.319448749831523
0.43413754842773544
5.9302455468354625
3.0325041831660657
-2.1933549438808297
1.2229595459003384
1.8059228907599625
-1.2849667612305837
