15.01546425613311
-5.439954889718929
3.024364432429487
1.4431016345931624
5.173626171638169
2.967976748403043
1.3245515993966313
2.9346916087877104
-0.38655892879019116
-0.312537782196447
-2.1139899383367116
-0.7954224471145317
11.702359773907908
-0.18772935984816647
9.546233264010649
-1.7041220664391465
1.2780586492865336
3.8968650717618702
2.3931781263399663
1.960444712734542
-2.257315983951563
-1.241361286402574
-0.3072940855790076
-0.6755486646501365
-4.812375435045969
2.050470851905637
0.9639286809451653
0.2125623730203471
0.4519456593742539
-1.158634854393887
3.925997470800575
-0.6489237030238938
-5.235876257489228
5.9357000881407895
3.055894308446201
-4.036993350275637
1.7970964793505422
-0.7154545681660746
-4.830676020729615
-0.24958859247571952
0.124923446487994
-2.179188067228579
1.0194263694717465
-6.287025068492353
-2.6683144471373748
-7.834155655802727
-1.042327919079651
-0.07719461965023952
-2.790359771447823
-0.01565260105701799
1.1192804389561537
-0.01488286379068579
-0.6356564482646619
3.3509265393995067
-1.0935818373375714
-2.5025417147405027
-0.7480517241441741
5.063169351068109
0.4498521013760341
6.693312381335668
-0.6301341287600696
-0.9202411917092517
4.667568530222932
1.930755261525451
2.37192952672816
-6.063048021377519
-6.468859973988604
0.5738690183146857
4.201002979132881
2.7524815340774285
-1.7121639607344707
4.119982079313237
6.2047431847933545
10.96270630597368
-1.0056740178510664
12.840784012021242
-3.6276131701441354
-1.1332014678103242
3.511749389583644
4.403301016421789
4.645595282007706
4.582160082907219
1.2701765982274855
7.303566689776876
-1.7695874460835483
3.764596151592328
2.7048872152715266
-1.971208668031529
4.853540112514067
4.201279252641479
-2.447576456153537
3.18754525743612
2.113248971264568
4.151817805647234
-1.0582505596440084
-0.8434854016363311
0.6964287561505305
0.5144114731390826
-3.5366637278254056
12.492127466456807
