-3.1251244312435538
3.352951743070964
-1.9182846753884109
-0.601056266559483
11.28174147231589
2.4602769486301854
10.916621314036949
1.8277203874723384
4.6436783495882565
1.9195757558415605
3.660315166227198
3.399105769993053
-1.7232463586490687
-0.12322687222978707
2.964481977965237
-3.1692595519274116
-2.2721931474252743
-7.005473429113278
-2.4647741817560345
-0.11137939034037984
-5.085661073136398
4.535728588891447
0.0036940591245325552
-4.112467796079352
-1.1952341324862688
-0.9961520547583214
3.5936533191191145
0.9176827450030967
-1.839568127103236
0.5079757207919076
-0.8975381171523052
1.3695797782684074
-1.454853061335466
-6.356702653173958
-0.26457844950113074
2.478664352171233
1.3756185640062175
-0.9586592688850791
-0.639141557541988
2.156810577636293
3.8447256676446
-0.0034836837198870428
0.26813059269707473
2.32799788969493
-0.7823442947237205
1.7325490439879703
2.167303599978825
-1.6452363822232559
-0.4874952051543346
1.9786365734883575
-8.463362047603123
-6.407151488759149
1.2272935879892173
0.5912826681701414
2.447451420294102
-1.1621892908345566
-3.1127980986101615
0.6268003725196531
1.2791921364738026
3.8834512888693906
8.053500282622709
6.243273632562328
-0.3440470524698331
3.6494247736687506
3.020742690345844
3.048863921718645
4.2742852929292505
-1.6669192586890598
-1.061636647488238
0.6594906624220869
9.178088889283234
3.1850128067420496
3.572348038040693
1.3439261086771852
3.661706978182561
1.2974600259894689
-1.3617105193043182
7.79884407130845
3.490646126406556
-0.2455165951280726
-2.761874442186909
6.181064025560223
-3.135181870630828
-0.48727399963188855
1.2867175755933355
-1.831531033824387
0.23830822669897386
1.332881262130756
-1.19666297929101
-2.0071917143955833
-1.4612261253698429
0.35351623352190237
4.92237405683874
2.401747774025529
8.754598172831633
-3.2974476963497725
-4.007155576949581
6.065418999737946
2.811044207236015
5.7846359622724055
