-0.489956731678207
0.18139163000734515
-2.18154351508674
2.046812965182537
1.200803755902258
2.33958026041004
14.593674698844461
-3.3675960039439548
2.0188259023730923
4.308052502848889
11.87472036196367
-3.1372819501196405
-0.5334330997406964
2.2499048571911042
0.5673369426214421
-2.901257917939815
-4.17566932217059
10.28644425185451
3.203549938691326
-0.28681249613595106
-3.965435250003136
0.21905737687873547
9.68063877142182
-0.8087187088678838
-0.293597071558848
-2.358597071465903
5.934726201059345
-5.386645667700556
-2.2695168606238663
-0.04132430779567368
6.269472623470778
-3.77877463061771
-0.4850871413357165
1.216680257325005
1.763180954553281
1.3228836220717042
-2.3794685724031686
0.4908870994265584
2.82694234014194
2.4947228213126396
3.3447672979945455
3.704936020819103
-1.362043146873708
6.999885069958745
1.8138453364008984
-4.151310929230731
-0.8359823067330783
-1.1662654873827696
-1.9190975532665273
-3.784142674382426
-1.4784233681392474
-1.4890354694094277
-8.881069182079536
-0.5505969406436898
-2.0965962272328564
5.398672078713814
-2.953128810382652
0.010716993253160436
2.7718896517305884
-7.344346941489267
11.089640817771107
8.472748651522263
-4.615989288592809
1.3705625176742722
-3.506437120116382
4.928016472130409
-0.026383697616333746
1.499311927870833
0.0947695101617162
4.858842915644722
-2.890301263635785
11.944136778150963
0.9573221115676434
-1.7157923189140991
2.4512587569771798
0.8291481695303902
0.0041041142326966405
0.3468820360319821
-3.1041012069369422
-2.3017534276664997
8.515753725474017
-0.3790966193613874
1.7224222937124707
0.06145490441273592
-1.6836291650573405
-2.49412133908289
-2.6459641583302007
3.4735614509241595
-3.0635517253172155
2.7379750797206386
2.7375310632791594
1.5921774538612874
-1.7421096889652914
-0.1936684565371595
-0.44826317581368347
2.024387790372618
1.0088669343401626
2.8269429555540566
-1.7096927458964004
-2.304098081223156
