0.47686529581849907
9.474767254131633
5.0656733086726256
0.7562744578277587
7.097129511849436
0.5932904096087668
-3.6502937308427867
-1.803522527832846
-2.374005500308815
-1.2297206652750905
1.3158659933758192
-2.9618098961806156
-2.3509059823154677
-2.061056107766743
13.257139082732431
-4.637783309075903
-0.3043928584019895
8.968262525286256
2.7750394261836546
2.1419153659747354
3.385692616523655
2.1130579690907645
10.381075307985773
3.601946549765424
2.893718570041801
0.060273149065695364
-1.987129167087898
5.926987054277455
0.2889228700384874
-2.775548338636969
-4.737835647739764
-1.9755153792732538
1.0062987805694446
3.633030697221932
1.3678885468763364
5.823452904316847
10.809092910754483
1.2170419657575833
-2.0512864415433327
-1.8624198741861122
-2.1378448633499603
0.010968129182935889
6.796778424561891
-1.4750093900893946
-1.4227961527199027
-2.5785023549090655
-3.4165482788386177
-5.614496087886506
1.3290277381153996
-1.3640805985906819
-1.1651117627316436
1.655148446232742
3.7367006058911736
9.06729665949055
-1.9618449082050584
1.162342777088529
9.287035055438885
-1.0324296518135196
0.9101859093742498
-0.5710725736377666
2.8834512705362587
-1.1371877192930748
-5.206001351717694
-2.2847303515617856
11.956029123364209
1.8777180436430667
-1.3804013889243723
-6.33049749305131
-3.8813303871446774
-0.7609508665306735
-2.253008871023555
1.7456070072144025
2.8656033848985762
4.740885264309243
11.517261359755192
0.7255189460994251
0.7508998296292482
-2.8987836059178345
-0.6068417602440271
-1.3519520329917967
9.372956531592813
1.0704275709849287
-5.367586263832231
-0.9295381401590019
0.008839718836516356
1.3650027434648193
2.47030373870203
8.71360235245685
-1.3492527669708378
1.4631598257209681
1.4089319534949367
-0.9454095554498518
5.095534530542521
-0.18456992003566022
2.6991351188996653
3.929679267572587
1.2789629934991025
4.575469761338894
-0.8342218666815597
4.366262753293187
