7.437478498470052
1.320751350647602
2.118729303755197
-2.368478527282207
7.155452841242397
-1.2432250329273733
1.5563928551986685
-0.7477014963627299
-5.656018517799481
-0.7918449786587106
3.2932768171006837
-3.078435431742501
-0.5954857024179018
9.170199865058738
1.1523695446338291
4.806284195158579
1.6165740764610863
-0.6441184928481616
-3.298236365926102
1.6798117074108498
3.031760435675737
5.734329386660875
-1.6616676104312353
7.031183303210326
4.153786905754387
-4.668553567739624
-3.7197094220252027
2.74066276965313
12.231298434681555
0.4363944173464323
5.264675553844219
-2.956415665609572
0.20303697287736522
6.03043159261223
4.0561169140228595
-0.5655980751530972
10.074922765746376
6.9533166881223885
2.0446316385769068
0.6489493779715138
5.781919390134393
4.912353929243898
7.06402913446474
2.8647070015054537
0.7403704895032657
4.08574299934438
2.1565479485464927
-3.2822191687675986
-0.9356910679297368
4.874660854046917
5.787418300288667
2.586538146991411
-1.1389907512056765
-4.970809203399343
3.656864268983486
-0.3599422670918562
12.789767853344285
-0.6513702532815802
3.2355108423311663
0.07355800456915434
7.1019245191612566
8.553488400440678
6.372023398121968
11.78324193147568
-3.019073790538667
0.5075221696401742
5.868295840692843
1.67722754869212
-1.582453744530944
0.06095445050270396
-3.0133261461779166
-0.5138408630237292
2.482280809683502
8.660984525247706
-1.3322251272939898
0.20142168284722425
3.1262759521231995
-4.580980595713813
1.419254995999054
-2.318211749335951
3.0976753848704393
-0.3338174348451326
4.305324865006236
0.6773426149892102
-7.1382243207035305
1.47697678963362
-0.5293703974925936
0.5829582404814597
6.632968776115251
-2.102901082614852
5.8412065710619725
0.6064618678788636
7.511925395715398
0.4236421706293007
-1.8745195108320356
3.2885641603248077
0.8485472254215289
-0.6858500414518189
2.423337473826251
3.9945652260574773
