2.4544888382827548
-0.5704158418497962
-3.2073332040846987
-2.27570609096126
-0.061572078983702434
0.7159860134871048
4.072103951939265
1.8827145685514282
5.489137005083988
4.690785239639851
-3.142911239666831
1.744098528299465
-3.8863214500910543
-1.4649370454567499
4.869866488500398
-0.1019895995283453
-2.4681407293338165
4.1738541984247215
1.0234718924267217
1.4964332942588792
-1.0539457414059012
4.73251369278168
-5.008149027054768
1.5995589942354218
2.5702221567359276
4.612506944943454
-1.9758777537751748
5.245708257075206
1.2002386470910955
7.607496732350352
-3.649776798578275
2.7794278269054633
-3.6535984545234514
1.4990037621100571
3.168943680309209
4.270817778014051
0.3397792224522913
9.73080205811038
-0.13851967641307075
4.258901748004419
-0.2561972180033935
-2.048337871413019
-2.4473278251001163
-5.296719665339918
6.688247879832368
5.070964939229773
-0.1702386813627772
0.82489077825677
2.4111993532267313
-1.25730177722488
4.945428762909895
-1.2731269015421758
2.527708664154878
-1.3820166245062682
5.944803018223314
2.5369873858737324
-5.064767605992478
1.1611110226699968
-2.157417152672061
-4.3720314769900614
-1.9089946963848659
-3.9880136450091417
0.7273681988613372
0.6601516796656437
6.558152483765934
-5.3358625638712525
2.012359406690065
1.745097965856242
-2.9020125625405537
1.258337598422309
-1.8454073738246122
-4.233972650969022
-2.2558729879993855
7.633117462401307
-2.717672493428087
4.342322241033794
5.144935528687093
2.2832899631590755
-3.208258163204695
5.400051585188934
3.2658662881101153
3.9716138435393695
1.2631013413307002
-2.289136127281032
4.430651413434458
0.9986157458512963
-1.7986620601336918
-1.6950802149595505
2.1675529987248447
5.616701992627
-4.508189304961402
4.288917335693214
2.7909137375841446
1.6021954117192128
-4.473510867040692
9.863330930668493
-0.46057161152877757
3.0380674718892786
-2.497533800786397
0.7213724440598739
