16.03872761239408
0.46061272679549686
-3.6895869064215123
-4.155775631566369
-0.0661984786903842
-0.8170431219867296
0.07558062800881618
-2.3591280656424503
3.438853011673876
4.956892148907744
7.0621075399484345
6.304223208108813
6.0519080760196715
0.8940387482586563
-3.069888485661785
1.571131712316654
-2.344396263838564
3.3890817903943864
-0.3211721646367627
3.2843020734134667
2.4683422415388274
-3.3853291011048885
0.5824121704507425
2.07524797521062
4.182033301334697
-1.3235597397258156
-0.9628075917199221
-1.6293481659380191
-1.225091997390011
5.576466424508355
-1.4173081214570582
1.4589062281064709
-1.982683927249544
0.4571040468022253
11.973114738448968
-0.7850535707181798
5.459274506754909
-4.416809404685809
1.6785425986488767
-3.0622343431319363
2.569347199855077
4.682674531492283
-3.131354869847813
-0.9368949959841362
-3.71785432582599
2.902820872087863
8.813853383995227
1.724731843726408
-2.242712220639977
9.026201807372633
-0.36537758464984726
-1.818617112946372
0.7542853552172679
-0.9433666665026637
-0.3779153151999739
-0.14262488752212385
-0.2668676761165225
10.346713244020657
4.9085388889124815
1.54336604058326
0.814491490451192
-0.346339108559358
-0.2657313860544913
1.3033138818419885
10.175195806858824
2.372285121380516
6.461285992307792
-1.7012356500396235
-1.996509671390527
0.25196115076990333
6.2149771524481405
-0.8923805151037788
-3.6286786641365003
2.123795356955161
0.5283333921838879
-4.638692668120729
-2.003618297213359
-0.1908632797431864
2.2444038170383225
3.1841513964612798
7.578514856325605
1.4999383807930986
-2.985246396896872
-0.21632618779532187
0.04165786940331782
1.6973644959466796
0.708753843088463
-0.9476185425237329
8.956936540029556
-3.4237855745746995
3.415195375252617
-2.382185559032356
-2.4200488466123433
1.991331476099651
-2.0008059024696463
0.1409198161421216
-1.8039626998005214
1.5484946863292266
7.469778419066299
1.0649975848004125
