-1.6980305769710284
0.8617699368126068
-2.1272795833630083
0.42981969093368505
1.3083588975504767
-1.408263948174552
11.283800762992172
1.7730649337111306
3.366268730321146
3.1046249818198586
-1.8735723962591133
-0.3343414886866863
2.2998745379934165
2.2247903518583687
-1.8505336757173088
-1.68428206700443
-3.6205797565091173
5.695208334883988
7.666462241930982
1.5623514136227525
4.889347233721574
4.953031519212539
3.7666354551807713
1.3293638147163618
0.81012222038047
0.7663129139641818
2.170888929065151
6.133902485801663
-2.5659330244272383
0.5567750437061972
1.3153804003321599
0.7576841639596599
2.2701346104952105
11.202954996256302
-1.9525662544228954
9.964900523365664
-0.253770427126371
-2.6128606972785606
-1.7917935876325353
-4.544573600807118
0.6161433409604145
6.880457177322683
8.774756193169248
1.161617834589473
1.7012185769348358
0.19951066906004672
0.35590272970339326
-4.400597363380067
-1.7880958008496535
1.414135679153948
-1.4206600645963456
-4.901144743396864
-1.6673595808181099
6.091450685962499
6.597902720907408
0.9062797814292342
-2.9542681932015267
11.22109486848122
2.221907981567537
4.176538910789503
5.498741665690145
-2.910593346959672
-5.419549521764404
-6.0483625976360536
0.880744534069568
0.6206847044262876
9.730044214948716
-0.967515903006626
-0.6337264619632138
-1.1312551561921493
0.4184944752383319
0.32082270291167503
-0.518977650703081
-3.06794173285341
0.40550314492906264
-1.6748537846142
-7.2979836192862795
-1.7933104910069615
-5.343793493233699
2.0280937550140727
-3.044226917862041
-1.0173760358177621
3.8690859150858463
3.503687776172387
-1.2821647861640033
0.9013805657772977
5.115651285094937
-2.35904524846297
4.233369790737351
-2.5259082631646894
-1.1981194724631414
1.2324304148542917
0.2801782710270157
8.141280991253717
-1.2012256007170519
-1.336583465260725
5.167450124128371
3.1623756027479253
-0.6973505914179483
-2.8142810265513143
