5.997901061033273
-4.7760361665148725
0.29337438311621844
-0.5387025701246713
-6.34520991856567
-4.986542944417003
3.8602360956794763
1.206098354746803
5.41977623443753
8.698316762815306
0.7148725664793145
13.451098049264509
-1.7022286201016104
-0.8079905441616642
-4.71772392520164
1.8575784137918148
-0.34742447154448025
-4.066601933356033
-2.270407905643251
4.858485104853323
6.913821600237194
-4.192238433936616
0.8578866549393346
-3.812787236046071
-2.544009665751001
0.08256389816716259
0.027532052625481432
6.795528837441234
4.485739299076303
-0.16773552770226455
4.947629994889168
0.4018441253035113
2.1334937340796567
-3.9252443343028434
5.370162372477802
3.6410530002213704
-2.868014780233452
2.3988646529046385
5.201601792234967
2.6237706828766303
2.1283883880580174
-1.7504574820031218
1.0019954385343235
1.0961985104740273
-0.676697629793326
-4.511226329771358
4.329520835272181
2.914221986155414
0.7441918220318449
3.83171800346323
-5.320126438665252
2.674566034653402
0.8593094234053643
0.44935779986059987
7.727056620971007
4.529280621194735
-2.2722668330390725
2.562143536111981
11.891444597883286
-1.7704887822228923
-4.335280507656885
-2.5331618625771712
-2.3496032169420227
7.0007778425683025
9.77645460423332
2.8746007475696516
-4.085671272066755
2.5002937323672962
8.922450151131196
-3.5536184581198595
3.5040818791315447
11.503311948981796
3.4822097332379287
4.349916960709495
5.220390376551287
-3.5395067279015957
2.5519538955493104
1.7936996832852345
0.21480394679481707
-3.16469851438844
-1.9100403952788754
1.4436959444432824
3.562565590924096
3.9046117871900865
6.939881032229113
3.8247597015794965
0.10324726352481128
0.3269155482019601
1.7253794511079439
5.866769786961958
5.104903883777826
3.503011214390809
1.5275658524917897
1.6741628489430882
-4.163630260681598
4.181730016715608
1.250341611060926
1.845346851804051
-0.45798856342963645
1.8240391474210709
