-7.542263244913416
0.6363794624744292
3.8646869424104553
-3.972123714534453
-1.5315476552935
1.108585276909751
6.854925513481368
-0.8176303595929928
-0.08443943158376574
-0.6373734440689478
1.9671430643673737
-0.23904130484803598
-1.3193161644761806
-1.7937381224941356
4.737846864294914
0.6524455791004762
-2.920698562719703
-3.5889538532137806
9.543102545629592
3.455852362112766
-0.0994545287162305
-4.572001125110848
6.717930763872966
0.9324540193176929
3.770475477911283
0.3842744422424032
1.897929554286503
0.6773685040674651
3.7338737984446553
3.755087076341389
3.005815999273894
6.528085005684648
1.3625925688561227
2.278620288079081
-0.8569252825373955
1.3751859665695378
-2.8160616894855304
2.285212929472679
2.1161201414768342
-2.611650174695555
-4.481334714416096
-0.617245362609775
-0.9537091931813901
1.9347144414117914
2.9419011044694727
0.33622682965950157
-0.1027502496552394
2.069959536663914
-0.8205917767798597
0.42052457849616665
5.084884356290555
-8.543688490898719
1.3342164329047965
7.872423520410116
-4.692600764931787
-0.6753090714435761
1.106117191169322
-1.3109815851314879
1.7385095829072588
-1.7513684458936347
3.9557267661198865
-0.431608657421398
0.6118412314921545
2.482076953787502
-0.06601330494814907
-0.2126241705528339
5.680569375890756
-2.5033985541710195
3.1460353179686007
9.566899892665433
-2.041743593423775
-0.5050547578250922
-1.651708476754957
3.2651843758118213
2.492609844169061
1.4875293895900317
-2.074731159107482
-4.467325340614298
-0.5462929075843275
0.8435099571314202
4.552914859928781
1.3620876657406422
4.265997932042291
9.397287454878452
6.797992552612586
1.4118782139357113
2.80264608028874
3.7512858446517603
-2.626209746515431
-0.7217881487061023
-0.6919162669103942
6.9838547427126105
-3.0861299150913135
-3.4127021738520797
0.0030230797579542668
1.4379034469062424
-3.441573432635238
-5.215740381171928
-5.271773916635422
-1.3676107830621962
