4.713320224279751
-3.2974354135849357
4.768457159288952
-0.8910651373358932
0.29407411001361533
-1.8853124880877683
-4.367439187137399
-1.6528490840575154
0.094424540201102
9.649558940834696
-2.6882549604108097
-1.0870888598338744
-0.09738848387100722
-1.3473009164945462
-1.3421637152673547
11.10504914874887
0.6539168254133847
-0.2698384459486328
-1.14503937765776
2.064497862364084
-1.3263785183965475
-7.104463934524844
-0.23515706947202003
5.896269992583317
-4.030855444323585
2.7027867340571228
9.254129363177674
-1.7747983151276245
-1.1928909204409113
2.2227987912205616
0.7106225973721547
-3.596369360304972
3.689748409834907
-1.4439027698974454
-0.6103824032449566
5.9934696804159975
2.1407531011457794
1.0176444057822562
2.724013035730841
0.20087121328947383
2.6445791326110935
-2.704118080106139
11.706560198920968
5.912061660734461
-1.1758987205629832
-1.62591092724164
-1.2744381254262485
0.3617442502057723
-3.042635039626804
3.4300703768396064
4.695399768871895
2.3205148434499985
2.9739489835650077
1.3734711214181208
-6.623770180890757
0.5194304840586859
4.073411950018736
-5.095218424189641
8.080882612210054
-1.1337358060672937
1.3565011196125465
-2.61223741136989
-4.257111824463507
3.4977907246506823
-3.139180512546226
-0.3982954773947753
-3.580565833459503
4.847727316072805
-2.772961379641381
-2.247924009933471
0.625515177083021
0.053102065154994264
-1.9976274477231115
0.4412003102829432
-4.287059678591568
-2.327659558293604
0.3997689542227301
0.9866518228485344
1.3407552288466231
-1.1713160537750404
1.3385650042734922
6.244134684424957
-1.0314391707258737
9.408139049531297
-2.3056719565097374
3.9090361450905586
7.825791301010609
2.148542864755119
12.714054988150018
4.0017802246245875
-4.269223740530312
5.996157686463645
5.505432378793244
2.845657053455803
-0.702957490490867
7.924285644856029
2.7222365616368425
-0.41464464302527365
10.194880584293228
-2.9776340993071684
