-3.904146528303358
-8.067837014597607
-1.8928450706249902
3.435340361661866
3.330705713523308
-2.221383964379664
-2.667558651677904
0.06946396090308103
8.736227207436347
-0.3307452234840379
6.89818353400363
1.26797404800068
-2.407113109364954
1.1293654491751746
4.300163827017079
4.220266139366926
8.273240681289021
-1.6771369843582844
-5.003421230295854
-1.2508142791267705
1.184201876114432
-1.3765789669624389
-0.7154812775837476
0.559302630095212
5.060283115605064
1.3920532022269776
0.4498420432997829
0.8837455871508145
-1.1351636193417938
-1.490599401666652
1.9870615725016574
1.1563305560689163
12.416253756588851
0.626277924794498
-2.245712637029919
-2.9911932113518866
2.075150383687496
2.942925951027905
-1.1294636042674613
-0.6879457393892492
5.5935531122360125
3.531594729153062
2.912896514150189
3.8885630325773404
5.718582261779185
-3.0769359246243955
2.730500440745067
0.5895275714977362
1.2764433927680305
-2.707949182700663
3.2255475161116998
-0.7991727172660599
-1.2592594127067593
-0.2623568176495315
8.25262793536898
-1.9178200521290212
5.49062377351393
-0.14509840636835375
2.5056070817875353
1.2567132291138314
-2.4234561020247325
1.1942329404935903
4.072676286725651
2.0271013265355986
-3.2986979432617716
10.512309232167583
-0.9404468397332294
5.485113351701495
-0.8246712905045821
-0.6965394890063092
3.5634749428684516
-0.7163623586907052
2.4963706990707353
1.5544297552063668
3.6727895161001545
9.728954167558461
3.1994364804314643
7.723951609016778
-2.168219082284692
-3.9799044281486067
-0.9978710488472745
-1.1030746485279803
1.4785157840392753
-1.831996347940043
4.786952593741853
-2.964883568201129
1.9733939854117064
0.6480658365697036
-1.6990018192839462
-2.753124319187812
3.280890274967104
2.5975744802222263
3.1644135558741517
7.796953031594297
-0.4589179299987861
4.296448191951088
0.8510822414363263
-0.867965950195941
-2.32569143307695
6.176111461046398
