-3.492436164351586
-0.08362473359266076
12.517567884258492
-1.8173707882134855
-6.637256199038848
-1.3913015644015778
5.785609391340776
2.3943701632410126
3.2556761390758764
2.6466310618954467
4.52441132632214
4.862295843714847
5.19988953975885
-2.1043374803714343
0.27428483565379036
11.42029578449011
-4.0729983051412795
4.441762859981084
3.8912703353078495
-1.936585377757881
4.1118168083167355
6.923375051849509
-3.413340150758677
-0.7829576642349252
4.448486420846801
-0.6684146552788489
-1.572958694940676
-0.23046262225685576
-0.08481282744484916
0.7055665230611358
3.194655884010162
3.008966859118405
1.7944352445345428
4.199356588720793
7.233340454658807
9.739258948123915
7.52809560120929
1.899614806018825
6.486206105867133
2.347148235600786
6.238594331239845
2.5104261582101075
-0.30519164079784034
4.161888304885631
1.862050141054663
0.4963249200967889
-4.347006195789944
-3.020430492810033
-1.5820478559440687
2.8682682162035356
3.4993980259036985
5.118101998991275
0.664868079609677
6.6772317162579435
-1.9959322861119726
11.9900860395719
2.752423592934714
-2.642676533475829
0.11417529903938323
-0.8252570932024907
0.42893832805345194
0.28603183390838394
0.45307222216896315
4.172836194761598
0.06715623561721648
4.2840306380127
-0.7133026436602712
2.0279944677183934
0.03249627516402162
-3.4125096426370867
1.4352726824260527
0.9287567723301366
-1.2804800187038585
-5.124544471814197
-0.6403359065009699
0.22262524798277267
6.633415952665679
0.7135381523361171
-2.2784170625147526
2.255446555963465
3.7398288457186415
-3.2577102966426055
-1.9045565283008874
-2.4839818417661546
-1.1943818865868618
4.559876586231123
-0.20782136029973766
7.399503438856519
-3.4589683105633386
-4.034247678192486
5.187445097118406
-2.346629281843062
2.469974279602364
-2.90147012291387
3.986992294896214
-1.4492532414614598
0.31730174842743264
-1.8007840688099992
-0.7796232525906215
-2.7091185822268615
