5.453091246214348
-2.3670384041194
-2.261751077349934
4.860722391537532
-7.051278353080992
10.977853015219175
2.1710900223084253
1.0335740596963594
-2.723695010300565
-2.2267957081468626
-0.04289585908665917
0.33931863370410204
0.14160127192704147
-0.7493838642242893
-0.5071244542052931
-1.649720600305802
-5.1088292061179486
0.6799574228556121
10.34595650294553
-1.385712487180787
-0.4341308203101272
-2.811282247566143
0.5086396240641639
6.490971802267263
-0.9859372113431372
-0.6629155277044727
4.286418387024435
5.686248229019693
-1.5936212782723214
-1.1757017070741063
-1.363877015813028
0.6621236838751552
-0.40643701672171395
-2.5025469875283464
1.8968082511511086
-0.7807087597503122
3.5137631764984536
-4.0677063398854685
5.73753505804134
4.70978383712689
4.516369606911443
1.654380671665355
2.466640140457189
6.195949349570052
1.6537021065912831
-2.1679425962838015
-1.6810162261088133
-2.923813423024497
0.03330977261141076
4.299342052074738
0.59754744570312
1.7776746209681162
4.269170943696058
-2.570164190386624
-4.2093726252361146
1.4441238161094743
7.3086578381982745
-1.8082321191657105
0.9243937432956258
3.7973791435533992
1.2831785633357105
-0.07279145037488387
4.986957941178092
-4.601464501485093
0.5802071402326643
0.6040182105654924
-5.697966003510698
-1.788744981114907
1.2978734135865
3.548388208308996
1.63708751286297
1.5717554596147818
-0.9590607715626989
7.798798484912972
0.8281252227785056
1.6303394798510775
0.43217411680419304
4.688032493753058
-1.2426665608841725
-4.599325069983109
5.888736186751943
-0.33709593552110295
-1.1746749661215845
0.6754811449910885
2.0918418440372033
2.2638691101877138
9.130854435218847
6.419580062983265
-2.134065403907497
1.095438260912771
-4.912034615665531
8.290434897819498
1.8142389501059455
6.125037673529785
6.633556914408626
3.9365901731606474
5.413812386994949
-1.3388420160041192
2.0187871948405003
-2.8071174336493665
