-1.4422005049598754
0.7809556237530039
9.323658830660241
5.112408705207638
6.840440025279913
-2.8051028383811385
1.4909639069615688
1.4962684654714757
8.061014565899198
-3.372306924534926
2.803842977560518
1.7727588043851052
4.054887007861343
4.620581757092511
-0.6202446965218059
-0.5381801964812548
5.8857227591315295
-2.5022755562532644
6.401666917284235
-1.0000946673300029
-0.7010039701037512
0.9981245391893563
1.0896975711183747
-1.4753823769689567
-4.33632654017101
0.6595746475600044
0.4048867800161391
1.0178894342817033
-2.7441257790586
0.12459856224510175
1.9159338713170024
4.100005479965837
-5.361536355210257
-5.802434652349573
-3.106937939950333
-4.534230748883251
5.644655732290328
2.4995233073057017
0.43133761259643777
4.45002925597291
2.485410530752201
0.5089203539204687
2.927207986915712
-1.4487225832158201
-0.3905344289125341
-0.7145696574130251
-0.4431875167178576
0.9708516963835147
4.472322942063652
5.408235733305054
14.893343881501691
-1.358877100110047
4.82139348087618
1.6391869570082307
-1.3134754793135528
0.6581680594098389
0.06140851691986758
1.7444802973782911
-5.709791635860399
-1.5388919764862274
8.514997941935473
5.141324464496667
-3.0685151985514603
-3.6107083834773963
0.5619637783005561
1.237013138654229
-3.987356227246191
-2.9115779949830567
-1.0834355668934033
-0.08459485378337835
-4.126900518849077
-1.4989562631103444
4.170556442060124
4.687032451727656
-2.6875876284180618
0.896887736864832
6.403477647433165
-1.5072444877808264
6.132194163325762
2.0733462083055554
-2.4636780625209287
1.3934628298801295
-0.7898594213156079
-3.446335771900817
-0.206171339220485
1.377162807237907
1.2032883753980101
-0.9473214905660607
-1.4191565375846882
-2.4296371386042637
-3.3696061923648477
0.7963991175940421
0.3368592162989556
-4.4676278464679005
7.145483733933072
-0.49022215866660906
-1.0942894038462265
9.634201792891803
9.670756623566003
2.3389431060617136
