-4.397526479174596
-0.9330113033719256
-4.441454187719025
-2.7559525753019103
4.246859411949448
-6.219175853421328
0.6949677860237274
4.7235949632076135
1.1321270203095903
-4.442717001579423
-9.08427484389796
6.858289874271035
0.550754978928421
-2.093040443445548
-1.0638562152883468
5.697559050678829
-3.143243218948884
2.462438064083712
-6.358379266051198
13.521683781308624
5.712137190522309
-0.23095164796968082
2.0643762666714975
0.43853279261241285
4.285299454853182
-0.9612266224514471
1.31730065748339
-1.8426069960646623
-1.650550663535353
2.8071617583354804
1.2615323700884036
1.573237927227951
0.6979839512671945
-1.0449112801703797
3.1339073419030274
1.3410012249500611
-0.09865634802879711
11.715443704771031
-3.2417721009346594
3.285597333038241
3.962584204798217
5.130947959565805
2.830966496248819
-5.0456746899365825
-0.08409124851609917
1.2575983321630373
6.753051786788669
-4.156020070249246
-0.9263332878160786
-4.580756589397731
3.2938566522546786
-2.606366301111179
11.367662868678423
5.969003053365359
-2.800807410549126
8.47752985303958
-0.8567227563393416
0.08082044315874716
-2.344285433004877
-1.5439540482254572
3.224306924334263
-1.4586231745632254
-0.7085710770245488
-2.1604261254338644
-0.8929254476475764
10.467678805275908
-3.0150910961350386
0.1728699899585004
2.832841338176689
0.03832262430229526
8.405390635473468
0.3560337522167869
2.863781851194891
-0.3765048994555932
-2.158626519605861
1.6423000617127497
-4.140876310636347
1.2393658298207786
-1.6488825486397722
-3.9160066348011116
-2.0112487574919196
5.43658927954998
-2.1218206160841158
1.8285812826255161
5.400095966865836
0.9129781291373624
-3.8258448841171564
5.7960225006221435
10.612368324145933
-0.6399802403926405
8.57083937681919
-0.24302727650136652
-0.8436396271489386
-0.8580409289849174
0.4811133357983356
2.2333335720966154
-2.198522936294896
0.3616537411752056
-3.307478052969416
-3.10127997672416
