-0.9383718221195394
4.087036763676357
1.718097244924351
-0.012037292174842597
-0.7893349704277399
3.3932207275432917
-2.3987425426650777
3.032855275897556
2.523906966157862
5.510420715411432
3.5341245468774902
5.437369282306074
7.153021437793851
-0.3021121217294408
-0.38001778962632626
-1.8352353552828904
3.826092164729557
2.3998738184876522
6.521060144106995
-2.6296713643659104
3.030676173825963
9.055561727096988
2.7851066275329144
1.3549243234704988
7.347962841599191
2.4100279407452656
4.2134932403389245
-0.9060849987804276
1.5696930735891015
2.488198995768286
-4.466768951274196
7.796376776777542
-0.9950450773228418
1.1312367748136611
1.0381883538150154
3.632382214646408
1.87738169367055
-2.1890362135010366
8.185731420792266
-7.475468965081847
2.9782351662159368
-0.22841760157589852
2.678722882599085
-1.4819015832592333
0.27508725223437097
-1.2440428274422746
-5.439207079283641
-0.4558551069771173
-3.6627560723851866
-4.2244567047195405
-2.788374244905355
-3.2298530275108477
11.489595548184674
1.5809860064574601
-3.7791993766172096
0.8772559981143595
2.2334899615810055
-0.16232120946090423
-0.6932111803334611
-2.121085958732211
1.4722451568577188
-4.9097179495175185
5.1487669957187086
14.405193087322058
2.3659890975198254
1.1858550211241004
3.635849773092516
2.252509626137676
-2.2179460820238575
0.11093592824596454
-0.8546972725503987
1.449772908340508
-4.92191283714436
9.325606852914863
3.9836648924315385
11.8332907602146
0.9315565290338929
4.26631742198226
6.439394374830572
0.1909560869869698
0.43734836981466424
2.004865031982137
-3.776437649091754
1.2095980592115714
0.21446275095916612
3.7634194058115007
-1.6380930476070978
-1.890605873811014
2.711921107847618
3.5655788579250225
-1.4471800703905988
2.7176667607724716
0.10225433038069112
5.191046772653508
0.1212392641037959
-0.9285238518380761
2.9909636543659914
3.868487687273518
2.5523076236108735
-2.031162595973999
