4.0239443557270205
3.530471791384127
-0.17383183843509412
4.253036591685611
10.592023348837738
1.6748610375239465
1.993877689017456
2.8012509066399254
2.8124125407149987
1.5550046005646516
1.1231815784490027
2.9481818431986415
-7.991561897956604
-1.256128821554024
-3.0182154715955978
3.1663189421490996
-1.4345691772443459
1.765115166092436
-1.5727836898915086
-3.0565256213691203
0.6140086776730789
-3.2761871192847742
-4.231896564492545
-2.8224813482291777
-4.441208325939529
3.391670088086981
-1.8408457044838753
7.620387705301991
-0.043550628371262334
1.3478899326225675
-2.0231405201456023
10.10694791365529
2.012433015802193
1.18865051678061
-4.198254277511901
8.960723141282013
7.687602466491585
3.590701271036915
-1.0626509802754223
6.504860414494395
4.567334672548351
6.925264274578661
-8.683771633249137
0.07510271475881962
3.5474743686790857
4.232566746755166
-0.33500136610587283
-0.981225818040177
-0.030700225482778516
12.805384527826197
3.0055922203326872
2.194848481809501
2.0472626937490963
2.7722150588080434
-0.3277108769006326
6.637230945862745
8.513945683988833
10.950868521880158
1.2069316901921168
5.030120605792762
-2.886748833133679
4.465080003768613
1.4356640061625188
-0.9367202605222462
3.962224530070169
7.905631232698045
0.4008586890894692
0.3080642158108667
11.587821136558704
-0.16051223117731103
-5.325550745412624
-0.6640033932738281
3.3982812637000293
-1.3205091957963346
-2.178483911278802
1.8317077901723153
6.5978737022070915
0.4615120602382592
-2.2979982164214103
3.317329212940761
0.82255131938341
-0.6728535408466083
-3.726527498072782
-1.6377649864746933
-0.265490665703994
6.357608704331625
1.2713016133757906
-1.392587469769794
-2.4854173529717043
7.05263608297782
2.567273379414775
4.215350396020721
-4.079564384530323
-0.43499844308173974
-2.448484076542102
1.3471034628263732
0.23714450572239304
1.1906072501331693
-8.189262816397532
2.1491708246024332
