0.8313738566218037
6.2629909938872
-1.4593898131921288
0.41265960769308146
1.3925388203849627
-1.4060675754494563
-1.346162775936723
-0.18296884427575563
-3.16293444946851
1.294765374891011
5.553543572425303
3.127182324482365
8.300992068703737
2.284139049638454
-1.4936527029771245
0.4891846680424088
10.283345125449198
-3.628854794149065
-1.3118447323461582
-6.132272163910477
5.205176571283971
-2.94020348611034
-5.927738602394618
2.8525542762441902
3.723856006895751
-0.5083751921309767
6.46237426844418
-2.1054999355290898
0.632877511217847
2.8639232713607234
4.56940546305074
6.736904893058732
-1.3061624330254706
9.992132050338025
1.958849574581763
-3.7484770509638876
9.246674524064705
1.2232196563584774
0.7047983080606894
4.69089923330087
-3.971386081920568
2.78869001602631
-3.902241358470002
7.467344802748682
-2.209905893042425
-1.8544836966278373
4.197232430280373
6.040850590612679
5.698420342185631
11.288548914742577
-3.5376622033318847
3.071994559484426
-1.087436186200005
1.4767663369358184
-0.4469866964821567
-1.0976340684250785
0.5163555971584954
-0.0706648698620435
-2.4790334700286563
4.348187583438395
2.486555018599751
-1.62748195611911
-2.18045962255397
7.331240311585487
1.5402464503992452
-5.264436028695462
-1.2428892720492355
-1.4603031001714388
-3.4512486609434303
-1.9554593608971311
-3.5134218597453772
-1.1544645448592648
2.630887756553206
5.037113541196687
3.140886710328042
-0.9473787914546532
-0.9614299805729747
0.5108351941341016
4.288626885510297
2.2979676654578514
2.409698479290042
-1.0396644938277768
-4.352101542103139
1.7784828470205525
-0.6729106939771272
0.8543092331985493
1.967437804500811
-6.406538063497161
-5.016194037195847
4.405906854556766
5.613457332669793
4.229550155874942
0.7345634295505004
0.6814828853676611
2.119404962103858
1.1358433068856288
2.051782902450725
4.237754135714056
-0.45776629937429014
1.3184123979038076
