-0.8529881537470314
0.6843645070853002
7.970807814668862
-0.41373100937020624
3.0765902280173743
10.44859986799515
0.8579765516208047
-1.563964124145569
1.56478611828426
-2.5458154279933467
-1.7179145729851066
6.218945342793281
3.823232925664686
11.418759562968376
-0.8610869649447137
1.7730665229152773
1.6772202507811198
-5.68420191069537
-3.4667148380107538
-1.3770658061599736
-0.052032295996090966
-1.2631265743624738
1.945532238959674
5.1008516970990385
0.5979795168850152
5.7139912812453435
-3.798654102544881
-2.4265608580884632
0.770633560769107
0.565618790488196
-0.8557678591863351
-1.3497767775072216
-2.360381410113024
3.805913984284982
3.713519589468543
-4.823077013666035
-1.435115388903617
-2.2414778923980814
0.5645529077205966
2.0651582783489575
1.0941896710887167
8.114634877869186
-4.276334515703411
1.6564815786290774
0.28597346139731594
7.799824838861946
4.8391491433052405
-3.737303861383816
-4.132766488890278
-0.2354921694395387
0.5096013824640593
-6.027515641120686
-0.6397867356370666
-1.8205277036465495
-0.06087712435284594
7.071431697756017
-1.805991600978552
-1.9369278722546595
-2.671966190616497
2.915577745918326
2.1693860746154376
2.948474929660626
8.057708401346261
-3.982578834756346
2.376938409776243
3.366906433712767
-0.9053650246996706
3.563844682373828
-1.0236361612348808
0.9554420687831594
2.78374674405417
0.5184417126607126
0.2092016177362263
-4.133450977567019
-1.2776432898177612
-2.249038812011759
0.7029424992098521
-1.8330564132664156
-2.0263665567461175
9.754053580521942
1.420851872120358
-2.8754704390554506
1.33611759973352
0.7822549961890188
2.221170175772451
1.6049461264260168
-0.7151319218744356
6.347480783838906
2.7371603805350113
2.158173348634663
-0.8210412784782843
8.1750652440038
-0.8191556624978509
-3.1486270390784625
-1.2349867741362486
5.339146747428331
0.7742730440472272
5.788777031092906
-0.10935228974283812
2.107762584602072
