-1.3159047217043582
9.596684248076414
3.445895832958863
7.724587509190654
7.088388188804693
-1.0904584839317064
1.8173696732690532
6.662825973900552
-5.860687726092911
8.576541692691366
-2.709219560267056
7.087986104987609
0.7574346093636525
3.8237664620831446
4.91853812306004
-2.5407176523251187
-3.0375046447251988
-1.9778079312804233
-5.568250286773278
-0.4173526842377939
1.6028339741567397
7.591164557192172
3.446501301130934
-4.653832650708299
12.685697011127004
-2.0138147888809996
-3.3644625397006562
0.31839209143202435
2.028701028590699
-0.3537441664063162
-0.6713618198037572
-0.2581157541857944
-0.7736878642466167
4.4596494420508055
-1.0392872148311763
2.0207418462413456
4.67800854234083
8.151977561027651
4.330862143402918
1.9585532576658546
-1.1306683907428627
0.7515737924626325
2.317559665504138
-2.791809777774195
-0.017761649412187244
3.659211158898134
2.6688378131896666
2.5951592625027535
2.4792921435255484
5.686963289404542
2.2688468741558436
0.2833102702274917
-0.50164324654174
2.1003257168737193
8.256600924935777
0.5758703362325623
6.6879764115854705
2.692205533416615
-2.6904478988440887
2.467964859586866
4.263703570382165
1.780229043921026
1.2705700355083367
1.0883247370635145
0.3156644515705022
4.559955583650231
-2.74051954288363
7.8262554015632855
1.6903280835363486
3.5967436606487246
0.6391665855060069
-2.0612271934448962
0.758055248156309
5.901574475352806
1.0184842998579777
0.9151118650058601
-1.1047303247542892
-0.9730415035796941
6.11440917401576
-2.603348993376965
-2.197224208666143
5.757648588680933
-5.459529286549369
2.107819304076704
-1.8838201026783896
0.06137231472373266
8.953769156664801
-1.2016965823966803
1.1894366389455828
6.280247799813088
-4.912644611552067
0.4762024317665917
7.689204688050465
0.21128153907769928
-4.151596615424962
-2.1052327911798177
0.18789899608487043
-5.840341161695174
4.442395953609341
-0.07691202826014922
