3.495386902305844
-1.192947388582348
0.4255679261707637
-4.795549037734718
-0.3957443466722044
-2.8771201588646953
-2.1286138350964245
-2.167990397659132
-8.192995671327605
-1.420738575008964
-7.090086604287267
-0.4753826924455995
-0.5537184997670764
-3.1669596339634847
1.7105263102444788
-1.9064962121022746
4.618953586137371
4.165085667772119
-5.21316131282482
-1.18027275273095
-0.24445116091027164
-3.7879553447610745
-0.9179299670927088
-0.0191505130963118
13.99376764209709
-1.8954850284240217
-0.5216441297627492
3.3662795718416714
12.14075987382946
-1.3455130962507231
1.0893663991558395
4.494015168075004
2.2531382098630446
0.7784286121521368
-4.283741218109485
0.26341384584773836
-0.5154724273570525
2.440370201074758
-0.17265203780972813
8.959716204398706
0.20675753359353996
0.0698273745393765
-0.3568136074166357
3.6432005190691
0.130652304877384
-0.22485910909198617
3.3547643404178134
-1.099361436401146
-3.746609187787733
-2.168997372816154
6.94677310216956
-0.8013404162526753
0.9065599584400741
3.552850836541375
3.53205530965812
-0.4417941374161481
2.4610629185713284
-7.055247630306544
2.047100281126593
1.9892169100558714
1.273451547935023
-1.6314880184082639
2.4451734985485247
3.265291748520918
-2.737152006643113
1.0209015794509742
-2.8255862108989973
0.1494092292937007
2.4098960025339977
-4.824763402376693
1.6435646085998719
-4.731563319716281
4.972659472768947
1.6272785884156802
1.1704113935313265
10.910862524637123
2.078398928611363
10.164159695593664
-0.7478258301571113
1.5165884080463137
1.3505630853907806
0.7583411024934836
0.8209347772118585
-0.11258179621154821
-4.604129173582493
1.4387050759430613
1.9445333798719027
-1.3128486489039575
-3.130411084792712
-4.010748553295399
8.95825232181858
-0.39230735994312893
3.2719674761820263
6.249486127357097
-1.5530824590621939
1.1261619538278855
5.871328486689305
3.894718121687402
-7.252215033438312
8.416181214355483
