3.2623773662344044
2.1784585645384418
-2.7478845149346127
-0.5082030155062451
3.4957940140568837
-3.559576361012199
-4.0865633961213526
12.390481927871294
5.908831925687393
-1.919369526414826
6.041419450922223
1.4280301642581343
2.0300863397107247
-2.730107723907098
-0.18596157410535932
4.00767163284962
-7.484265802092626
-2.0544531282159024
4.443871157436557
3.9964322758187745
-4.250488875165123
-3.559864593711504
1.3263319458415692
3.0580746756475836
1.604307900112444
-1.1565410587381373
6.003573518742406
2.5023586855592406
3.251672444743409
1.4125102477408706
-0.12290270845893371
-1.7803920962408686
2.8175654893192745
-1.4203404240708741
0.24139650108288327
-1.7238892611072782
-4.518670406014982
1.5448837750781266
-1.7064258677116624
-2.121423722866556
-0.8617324544649017
3.4024444133653318
-2.10924407212244
1.1455026968944706
0.5696078679364391
14.914472312799576
8.187155566892987
4.655279028815934
-1.190401475692492
0.7633242060429453
-1.359363773990289
0.1046385173787918
2.823970581206984
6.046266683185879
1.5782162991272601
-0.7805286565064258
-0.23714954734643
14.783771164083838
-1.0444667345594245
-4.354654091613151
0.8088624593794557
-1.2338939713318995
5.736477625349623
-0.03141455684288128
1.0963746969753574
6.467291993830419
-3.2090368689652737
0.6683655840006616
-2.6369636801830203
-2.688216875810402
0.36002983672288114
-1.139201566175112
0.13024402214279052
0.44010091718037225
8.612586738514901
-1.583041221591479
3.052332689760342
-0.5518271580549863
1.4536503679432233
-1.5978084002471298
-0.47298013924348403
-2.995486961220034
0.8525347293382017
0.12160535891270302
1.2321119653983568
-1.8080695425309885
8.85556980697045
1.1836297017965376
-4.938534068078647
0.7513354720794336
0.8040347173780107
0.6181695109188338
2.2139249233770757
6.990167909222384
-3.7626819301872123
3.876380547324824
-4.207257373877107
0.8478747132946907
2.7873526166032487
4.121261598670404
