-2.0286557617104686
6.046625951696154
-2.7655769644781625
4.525701974758436
-2.292345253193263
1.361556322634781
0.5158208358173705
3.5670483972456624
0.5469869057588497
3.209642517262835
-1.5674622745395062
9.278435357041843
3.6532006422978167
1.7223178894519582
1.013602689389407
0.7753151917591878
-2.149171595496321
1.8576647872008727
-0.9971927082897665
-1.2904780999617524
6.089163000670113
6.176957273380313
4.960213248294036
3.411521660787275
2.458540919107604
4.123323809067492
-2.921847421238525
-0.5019897827252553
3.6956766143793094
-6.455158720554534
0.21552414494742891
4.782793427026272
1.4507628419241847
2.3083684306507477
-2.835792303774882
-0.5636876854901621
-4.720483672937134
3.8237281668057976
1.6365730447369922
-2.861612883507898
-2.0186633677457997
0.6548872741804873
1.590766380422687
4.8416852451547925
-1.4255970480932283
1.8387475389998087
1.2341872843408221
-1.9236599011421205
0.5708634096709971
-4.301467030177686
-1.123401718310182
-2.209470678479399
-4.784127563359387
7.432630516631306
-4.249127475823306
-0.2749656862373923
-0.08679698674300623
11.48641640619049
0.3369521839689674
-2.3038728587183446
4.586297450658256
-0.9277701074911371
2.9228063623249714
-6.484937666382797
-5.818877569276162
0.15976867314089377
3.891976770437765
0.8062584745921513
6.0166247664966015
-1.1978002745697707
6.260130718431965
-0.4196916202866371
-0.7621240205645208
5.69857298033633
1.7225138730838894
-0.20096938277301662
-4.605740650559106
-2.9843171044381185
-1.4139755896735966
15.44746909508875
1.2179282405134533
-2.7674730339909575
-4.017865599401272
0.31654632984241143
-4.451799141627236
0.7445748865468298
-1.9989409066999824
0.38426119093745115
-0.060467350107481575
0.9259112674086567
-1.0571159762147433
1.7211314329842407
0.030534656635225026
2.844937817166871
1.6678537824238646
2.3289283172449395
10.031650710985767
-3.2687262821296628
5.425806953936419
5.28958801250375
