0.5960559772400423
-2.7790171753590536
3.5653409576225084
2.0978823317072024
6.391578340407896
0.6630379554323844
-1.0553232891895554
7.994808048147118
7.480227158920517
2.919200056396669
-2.1921553116977
3.8850792866775086
-0.41727089411958995
3.176771771243489
0.33059290636535943
-5.653510890787981
8.980575712012595
2.9422696389874456
-2.1234880872272788
0.5053887247655244
-0.6270267270866585
0.7392102913210412
-0.4300015406951976
-2.8795956738247304
4.600589096386106
4.588386274016763
-4.302011578721828
-0.34609947498358196
2.875083977967623
5.067433679781194
-1.6379706796310205
1.7252832360795447
3.214974177196587
4.6316448587655366
-0.9745935889643829
6.1593243171025165
-1.2928223585858265
-2.090745012622162
2.4418104582686855
4.502749143617088
-1.1419136242446981
-3.3274488941289575
-0.49205828807373986
1.31453313790663
-0.6316498216509985
-0.6814474236106852
0.37163938952361997
-3.838868941906866
-1.9623186554749443
11.631540017954103
-1.1371111567758556
-2.0732435483630756
4.979222228846681
-1.7174146134242168
4.528017832807293
0.12330241174461065
2.611748143354614
0.1318184029772579
1.900238487619259
4.6918620692959285
1.1758976344371062
3.4009808405250226
-2.52640763511266
0.4419443694340044
0.5862545297378222
2.786267537970614
3.487296241955198
5.016019572511141
3.4948987958560958
-3.010338883924769
9.175146537993196
-2.031258570772061
9.426307191036397
4.0738591773128645
3.7145659375051183
2.93204866845646
-3.3178033911221
-0.8470531210684931
5.616754634128725
2.7611470313204114
-0.7417161318371541
6.142115416767076
4.633808141771046
-2.5252293459277473
5.635508683889183
2.623421114728931
-0.008725641450627541
-0.5137790418508764
1.9605535889686747
1.8755754028550795
-3.379689052687445
1.2447411938090711
-0.15400032492613855
-0.8612026545346655
-0.7047665747935903
-1.6632884847109488
-0.11033968824085306
-3.368286477440816
7.763485119000713
4.938265706227094
