0.75029772497749
-0.4526852697511988
2.0665319359732863
10.729170129898769
-2.9807337452440246
-0.4329054719445976
2.940175199743022
-3.750009836708095
-1.3901685192523086
-2.0924134851082035
3.215823745186573
1.7447109332574535
-0.41237297871273126
2.1997374640717244
-7.029584529772446
-6.141637649185959
8.288250545440802
-1.6795947183903825
-0.01391301668653963
-4.678908675467293
-6.219932551004
-5.4259482506811185
2.968135628297161
5.3778727493067
-2.1614244155594378
-1.8045858020413905
4.419743343816613
-0.6197263634796981
2.5897448429812586
-2.9536653085523876
5.2913490326298
4.675127955239035
2.2626237725232006
2.953438665921702
-0.671090435307355
4.642579792691878
-1.6496109059766892
0.39703152318065227
4.729089060955043
-0.3717029140769087
1.0553780203528509
2.3725009723206543
3.5367051571377397
2.8354945592009138
-2.9001626967860745
-0.6805992613531082
-2.884581467624275
-0.45929336877712107
4.535160754156286
3.334623157049175
-2.3447012028497864
0.44407214967571806
1.7554499113091862
-2.9492590326227033
6.507545661952521
3.2931729301018224
4.327913517568991
-1.3089217829071118
-0.46417587543300687
0.1558925707817403
1.3432977930107028
1.537643930510224
2.0025137274217655
-4.492185963960497
11.275537746946533
-4.44031098766191
1.4588010777841334
1.1932549220782487
0.6330889575834358
-0.4718273595426996
0.13007614698333067
2.3217411316764833
2.501824234166049
-0.8452152143675304
6.2967035621409355
-1.046767302652625
6.930515393298148
-5.103991437991012
8.301103306285585
0.35740391307750197
-1.7242622888753143
3.6439840155492336
-2.6652609873364974
-0.3562369375335127
2.344392545690636
6.235496952478581
0.4258384888461322
-0.8108833892812108
0.890826143149839
1.1462831760913264
0.24923123881611983
6.188406274189868
0.8146698521363677
0.9020063346137438
9.9078173608812
4.211721279699371
5.087154450918998
3.4854240516379305
-5.413271864935519
0.4985841194795766
