0.9363841953959047
6.0155709422264945
4.063880269131858
2.6627382072350727
-3.5544193989408708
0.9181916188296164
0.871261246913224
-0.49206714808542174
1.4007369559397502
-1.0163157965043337
-4.415414268082611
0.3945773987000639
-2.0804468819507047
-3.703232106223515
-2.0147529313695802
3.88477933802523
-3.022209614327924
2.8057391352950436
-3.9126458352060967
-2.3543483510028183
4.75811603971339
0.10566821177088573
-0.405973880576705
0.3571411195265156
-2.204471686371518
8.61260989763981
-3.4519270110262337
2.2393794017163113
10.4865287247728
-1.6668598326907627
-1.6073027487434377
1.5359991851622414
-0.6208662609674507
4.25561384439812
5.612789243021223
1.3805840232311883
5.403369133191879
10.450729001217468
2.5998984955815487
0.8741190388269318
1.5846558734984693
4.027700142101592
1.3379496486470281
8.361777836375534
1.8754620615328215
0.06409809622530835
-1.9161370680211203
10.581627236135231
3.032980711991703
6.281446430760402
1.940117373967826
-2.068124683140574
-1.126491239206465
2.556332893533355
0.42714624157599823
-1.1024494434969505
-3.3086837749726286
1.0943772213645433
1.3809338765140653
2.200439347944413
0.3865251472354559
-3.0234531473864443
2.4434101432233044
1.2410438110128785
6.736101489219454
1.6692108387114364
1.91412293263263
-2.059777181939652
1.6694172177659365
2.0449451530962643
2.727400024719763
-1.86936654882305
1.6010096812644545
-1.8133249055366891
3.0139173177670076
5.8018062831992685
9.595576709142328
-2.750689396843921
-2.49397395127373
5.708446121508442
-1.5136078183794537
-4.477663726604186
-1.1243921070598124
-2.3090541826985973
-1.1356273358064621
-3.4916881402188347
-0.14006085248285782
2.844838654461763
-3.2208064540558343
1.572046307316734
3.8292375015476727
10.311417551035111
0.06332624277296496
-2.83608766686397
0.9346389242534769
0.32933180906890436
3.0601056526995167
2.1589298180568015
0.12578909877825634
1.1314403833484399
