5.328602461513127
2.8111206651697747
-0.430293314045959
10.062595566863628
-0.39907609445013104
-4.008639858010504
-1.2115057116688706
-0.2573693796749339
-2.1013842877787474
3.2702335994045697
2.7066416918606966
1.3005206709067854
5.796881468287522
1.5801820186582662
7.229222429282393
3.4477624268371336
9.330632004126125
5.301987403924098
6.195928329137608
-3.56423392082587
-0.07688019921986965
0.9292938712745208
0.6658551279547308
3.3631937584141784
-3.6085486743960216
-2.4060742061697975
4.757001765528037
-2.3996960277861445
-0.9084127147607302
5.350068575380555
2.9814954267020854
3.0362623968707396
6.190351666917051
-1.1764399045155212
-3.587159776896099
-2.2593570738756217
9.775141033616894
-1.3338893550922162
2.2719529493547888
-5.838559473503537
0.3166882048631524
1.6446080282549056
3.8886190459049157
-2.315479143680894
-0.25093939168934787
1.1111645408970017
-1.0141535073545114
-2.6278924315107743
3.851729870491654
-4.573397646942633
0.11110656019221121
-0.23322880332231838
-5.630128271218605
-0.9974208372092765
-4.828729526428529
-0.07051514009552388
-6.012202594704467
-1.2653907176128358
0.435436658564043
-2.114484341474497
-0.0011106582337261721
1.3103419994048255
1.918166625262108
5.553128220397369
9.843413526929176
1.8575568956222728
-2.7640870801743183
-0.03911456592163106
5.545812168967791
2.2078166867236786
-1.4402150073912043
-2.514749506766746
-3.4812045404591143
7.0228161243718255
2.2397074377625223
3.4484248656855563
-3.3756870278730258
-0.663920966876784
0.053532915924597996
2.327362437727358
-1.4218681644473354
9.825860821138605
1.6858356798521656
-1.6817481550616598
-3.0692348225096877
2.2597764005819947
-0.3020097169494269
4.215452070181735
2.1292302537285286
-3.3346226673928006
3.6695591181895586
11.031091805882658
-1.9202727460692222
4.0828558907651
1.9324749782440764
-2.4014188632186846
1.350478427364421
1.9287915222615575
-2.06556118190801
-1.3847922999738782
