2.523460931470858
-0.05838227170540822
2.1968441266266536
-2.8392807111337803
1.7614698842034349
-7.469827387098007
-4.076338416273993
-1.431804749731818
2.522712543177102
8.234650097757571
3.309105664111552
-0.18652817768911123
-3.5155209806424392
-1.2287499131273165
-1.0164263296051237
2.1213155803203376
1.0520578868293122
5.475747856414857
0.46831104080853914
0.03773631579029769
9.571798277516832
-0.18831448264125417
2.793229227706527
-2.2987012761180017
-3.4579464337338814
1.26909301725619
-2.805369690956767
-0.7411314625910167
7.24382590021508
-0.2951077319735508
9.623457091614206
-0.990214343567882
3.8815979094956345
1.1085779762483532
13.212517837613051
-0.17087093914561455
6.047112332315688
3.5407672425922914
-0.5715870153550234
2.319688389250288
11.778108439782294
-1.7254248202233158
2.37735061366715
3.364639469807579
2.986850131884797
-3.129571939791486
0.24168110559068784
15.735025974957917
4.124161375063467
2.82365870792032
2.692441003819084
2.327981204379094
-0.3540097436512436
0.3061833333344391
1.373434850140726
-3.657492848258447
0.5596032859791703
3.110608464459986
0.5770408264186073
-1.5772124412747877
-3.019354590576186
6.586671039769341
-3.1527721189170674
0.9928276569262947
4.8244372187881845
-3.5477621485045745
2.99198066585412
0.20159224393824526
5.2874474318692855
0.19903416778918437
-6.057269313918108
3.1441656698973754
-0.49300775026868904
0.3928438971476903
0.8274168178136307
1.1406448560064493
0.6397287188294215
1.2216285430711034
-0.07189555019515367
-0.18411588089200942
2.207915358805314
-0.769142605893768
-2.4684391947946662
4.20783804424066
-1.8082753055527976
3.5508239914194233
-1.1042379133717772
-2.2620175967222385
-1.5951963923422254
-0.5951255429999556
-1.105733444012615
7.6133703497313645
-3.1718191396783406
-4.278709800294401
4.21374689974382
-6.586805235618868
1.7694226167620712
-0.6367964504570903
4.1133942125583385
5.635811224549952
