-3.9966624859049116
3.2381266654939527
-0.06942933888648994
-2.232561463674259
2.0608321870232285
-0.1392340727745141
-5.6812243970463685
-3.275845827677874
-2.4499429904689167
3.070560444343811
2.6448044834691538
-2.4940125900427463
0.9763189640711747
-2.2099551734980536
1.1566681097163631
12.453858728913497
1.9363515319229312
6.609482680257506
0.768049548179004
-2.5569433160043316
2.3720734687804814
0.7168592944568639
-0.540784940316326
9.420005887355016
0.14876321109647161
-0.37893756268559164
-1.737937501817855
0.12247729995442641
-1.6933539494381038
-1.3161370082375612
-4.422016128575283
3.0365963435280374
-3.5941337454361246
4.414857835164193
11.790093765602961
-2.036956649883095
2.1745969402649354
-2.502095116744089
-6.6889117008893395
-0.7647528711462868
-1.784225889155959
-4.049484364723867
5.164595033947581
10.650709010924466
8.163188418991465
-2.9971238264740374
0.626908739089714
7.816279617500053
12.881603873280064
5.4606316802148305
3.998673714885318
5.3801809334879245
2.313469867994805
9.165061611766898
-0.17606817111682863
-3.8469252163489416
-5.301155702659626
6.476541558845801
0.4223288809484589
-0.17836227544647382
14.795320096182223
4.225175997870705
5.7986802183740025
-0.7248111890443193
0.8216791297875634
-0.12926154045425758
-1.0274116930507935
5.8434997697340245
-0.9490723051610812
17.438929295422312
12.121853304876472
-1.7868932532964585
-0.7070826069593737
-1.1598918515330108
4.256849594751745
0.6696636901205996
-3.181524371065154
6.497477964747933
0.23318478343505372
-1.7321769057864822
3.098948036093976
9.800998178787097
-3.406977163521378
12.830149721822421
3.277700444124566
-2.7382895412038715
7.604046057692272
4.701066332312316
4.339734443560348
1.0265039150051343
-1.6553852984728077
4.388406412766935
3.6827717781153027
-0.8054687677166965
-5.922667478194537
1.7205458021500033
0.6122227222312372
5.510892543356171
6.559551050735298
1.742913843247654
