-6.1265437156757905
1.777330245900068
11.760853070274568
-0.329115007788668
-1.561001287819952
7.66599541682651
3.278467265798545
1.3885298434788806
0.5702683896434436
-0.1608382819766952
14.076549633477834
-3.0673473871139896
-4.113963165967462
-0.08638694355200444
-0.922160364766025
2.564143839981521
1.96095337861253
-0.7498138760136576
-0.2144944945233151
0.5842578000531674
4.926387560132094
8.57503659157552
-4.526888516557932
5.9467902914507835
2.9220873896129915
5.782471814873792
1.7342578036575926
5.355190892480888
-4.754736575508856
-3.274854677910998
2.011900653651366
0.851266773500134
0.999916890365687
3.9436092432419363
-3.375866513690343
0.4319147645158295
0.4102323080154699
8.33145411932344
-6.814424415519492
-0.9607650496251026
-0.16575826129091625
0.8999075614354528
9.625927898059722
4.75558287026337
1.9254374416581035
6.306719725746484
0.8636513824641956
0.12949366092613995
-7.3323233521070925
4.1272066490425825
4.986894919982456
-0.4803742732627693
4.5392281883602426
0.9266830150423119
-5.320888459116488
-3.7380165673914982
-1.863827893178229
-2.9766902283705927
11.061566288524816
-1.7324652520382036
8.584305601350893
-3.26993122335767
1.5493777701129878
2.223859637042491
-2.564093592137539
4.779039668991438
-0.17417266440576343
5.028555357192859
1.0929886884150497
2.2131786906683675
1.7564658341315473
0.7563609214979317
-1.774667093353456
4.418467875792144
1.8127120592668233
1.1175078518245054
-6.485149734948976
-5.247928706160919
7.144581794598351
0.057328884358779246
6.121401194588151
1.619592152957936
3.744590907013949
1.314936275756191
-3.6874982254005353
3.6823923555655655
5.546185844757925
-3.1874842301052997
-3.6129702303266145
3.079096801660383
-0.7588492093254078
-6.9311281752148695
0.6467574169044628
-1.9366722642130754
3.7030622912090285
-0.8137080075279834
-3.114815674939631
3.3153277127182834
5.078878683641752
-5.415007085148376
