-5.765104754147242
-3.356313925725452
5.633841366710389
10.872429150199393
-3.7865174787433733
-0.7489869203949636
3.6808610971896045
1.363648266804378
0.32462558865170793
-1.1929218696018822
12.260000576895797
1.337134553149537
-0.5048822052852548
1.214767462550479
3.256804516154321
-1.7167399708317248
2.5159340469567293
4.989508804124234
8.0546487484579
-5.718154477607142
-0.5575191261204528
1.9419759504816962
4.370666370220063
0.47202447033679035
2.422853647171882
0.03596850841636438
-0.2639579619174022
0.7012777404108412
8.142656713374542
3.7816278423436156
-0.04937103452111569
2.368921474085962
5.241771545655331
4.439226772836268
-4.057917725595624
2.8005411344404987
1.1468518293118675
-0.6072838377614769
-1.7594417852204747
-0.5593973072631454
3.6361798203364417
2.1646017500244623
0.7932713002903617
-0.9610807575096048
1.1901017476230207
0.14750501869129273
4.624009823587768
2.2408012947461726
-2.801770763337329
3.623703145319687
-1.6888332526959045
4.646244740989313
0.11192268483810594
0.7076685836225889
-3.1065711626108437
3.80167799484603
12.24202963242545
1.6011282113141752
3.0696847299447554
3.764817377614993
4.278822105364629
1.6385479033433703
-4.685385061530205
-4.097091681598998
-4.431363826757887
0.8363172200861022
0.35618100542088377
2.9990840731343344
9.897054083121024
-1.7853215080489147
3.8505896810480724
4.412234538664077
2.07093141073176
4.605867424154987
0.03136882925370624
-1.2579492036433402
1.0305658605534582
0.8148442788178356
2.5640962232955276
0.4983400738872339
6.0001385832250005
4.6419924261061345
-0.8553349691487662
2.1227251958334454
-0.5203806455999995
-3.0505263252484545
-0.3704558183744403
2.0323669017818715
0.9209324321009786
-3.519077583863637
8.783614452017185
3.846454402387982
4.717825764715223
1.3944077388729244
1.624435727776371
1.263243377740763
3.1766383718607254
-1.1322566933064144
-3.7366035625978684
4.458012948697907
