0.7558767029900908
-3.358068799046747
-1.266519759889583
7.561907764375541
1.5112416251323717
-4.487240677778084
0.3417660906855442
3.4252143979938205
-0.4689621989859608
-0.793503251404748
0.7428315046041372
-2.586646465714769
-2.1805543054635352
-0.9384704685223881
5.324780679861432
0.6451508930081622
0.6419886432563529
-1.7119286715964657
2.359956690096397
7.206670987579856
0.034926596682636264
3.3717532641778094
-1.8216689228368979
7.67447287701758
0.5408410848302067
0.6990028946571084
-1.9125800631876728
3.37860046563189
2.774400017860219
0.303012830142558
-0.8893540321155373
2.107500819255736
0.38312106739211793
7.175790832383397
-2.1901607501170237
-2.4808057853654617
-3.1727583770585914
2.4134910210059655
4.39480845728583
-2.791921413557634
-3.518231192940285
1.8655775427727597
0.527318520874749
3.0435941844507117
9.064242469072157
1.3488750432745877
-3.2620448689074184
-7.642173317486433
4.312019895413771
1.8031590467696352
2.508751018336135
3.943967656732002
-2.2839427939329715
-1.9315268032846027
5.348847728354287
3.5113941613444783
0.20111516651031214
10.673395239578571
0.2968073699949414
-2.7189572672319846
3.142687585708662
-4.491352426952766
-0.4118148441116941
-3.035304374727323
-0.03854500109202601
-2.738964534045174
-2.4993472169007886
7.810323601943195
11.861613558176241
6.1017105182758815
2.117932236435628
-7.701893835586263
1.7681712890659904
-5.833220203152823
1.2266282947830807
2.593681343281849
0.8521961372549406
8.959014295515562
1.262993535503682
0.8857171871268625
4.907781292222728
2.4594849432359425
0.8033145994946376
-0.24970190669329562
-3.2497544983171407
2.9701280576732874
-0.5897843160868614
5.857631795561086
-3.195303776445427
0.794428943343539
-0.9362363246114842
3.6128118420399638
-3.5656415545161018
7.051049532408905
-0.5680073620463562
4.93024417063635
0.17888269377504812
5.844465837702151
8.49668808893999
2.0792945517599195
