-3.3962531020509585
3.4248478877745434
1.0878568898313747
12.210473984187779
-0.6518988765246382
-2.0355457113941853
-3.950402546353759
-1.8408315099572932
5.186036943958377
-1.7452627965725425
0.6694231147718133
-3.3800778341315247
-1.307098328480011
3.936843650659948
-1.1487328362052212
0.15180386781529315
3.6192307778811728
-2.2042090154252065
2.0575686849693535
1.792859541294535
2.596637800563932
7.434793921345682
-1.7497620513429777
1.8677021220938959
0.6443440546696619
-1.4631109923348593
-0.591491490005393
5.4112241240367265
13.897414296004609
-0.1900143690297274
3.108233173566133
-4.840090807804762
2.1164833933311615
1.9746927081321024
1.0371817713181941
-5.190533316034761
4.552251666379919
-0.8587923892842874
1.8719707924647762
-3.430465562629629
-5.511866387419957
1.8056317526827488
-0.2535962033835778
-1.4620910926935502
-2.169272333974412
-0.5287775508832656
0.37132926268136157
1.4638353218298812
1.1670586621773515
-0.06500728060866212
3.0807686410322876
4.030356547167003
0.5364764895263463
-2.1654331257854436
3.8048332717781173
0.5990475659674896
-3.115635758195685
-1.3086038618855138
2.2951215794073323
2.8684994469097425
-1.051529617371521
2.5253466188598357
-0.9790812007206615
-2.745324189822496
-0.3184281191530187
2.7492134705900906
-4.619524449657334
-2.1033331555555024
4.748945422727658
-0.3092547389884382
-2.7365951741704713
12.090923517875204
-3.713614046916574
-4.409865905768764
-0.006530384367483595
-1.5555798334832378
-1.0164683469381874
0.3836129142608886
2.152147573873517
-0.15310857417514756
-2.0795755392935997
-0.7291463079294984
-4.527210629138029
-4.194584021382953
-0.029060513785515392
2.797977310741376
-0.4059362153964795
0.3676975417335068
3.4786682244298595
1.6377995838834343
1.406138472078457
-1.1724255981927465
-5.110932869257683
4.531601977848534
2.6749231496105095
0.8779325021732143
-6.680941951471409
-0.39769920529923963
0.40886328441963016
4.46267449616595
