-0.6395599232903777
0.4921185423457163
-0.0977483107591112
2.042548683322769
-2.4221200639588405
-0.8483823842795684
-2.913334823973217
0.2263730222320091
3.3043983187899926
-0.7245260545598999
1.0822537488611688
3.9208080186471372
4.002569646621972
0.6356197570569766
11.724464707875255
2.5301436652034797
1.7207604756839696
3.4062429016248013
2.3637588815464285
0.7948902248445944
1.9181171479689072
-4.075416425626408
2.1868329257672414
-3.670604448125773
2.0055622693081525
15.706704534986937
4.499419407802498
0.7391944726647279
2.9967370902674157
1.2897442559139658
1.6819293868169436
-1.347640434300465
-3.8112471158293193
3.47912355218304
5.5235277054271155
5.3143714161658195
-2.851640699327524
2.0033098820783604
-0.3938907259540013
0.12439169625421531
0.5000244372983497
5.484055200438678
-2.139688851629143
9.340762947149267
0.5596086403927778
-1.685839884136315
2.396627793888345
-3.2196337080834057
0.27728197992099557
-5.175408746528674
4.7372839920123875
7.6364913987616285
0.2143166239851792
3.022809970581017
7.652818112424324
-3.1615059229763025
-5.160640676012672
1.248821360864154
3.8468973236937534
2.6778268760737083
-4.224190062900005
2.081036071403716
-3.2452336959051338
-0.719244946135212
4.404852734152053
1.1042171859506453
-2.5042723534411375
-1.8320143843304695
6.517787234255097
-1.6799777096319457
2.292000589827285
0.2209827651822862
-2.8628682058174726
7.580515341300719
-2.91946852616116
-0.7993859961374681
3.745282838711768
-5.875868266430221
0.02833694895709661
1.6647079464072543
0.0779312895902767
1.1832192517757805
2.465371425286444
7.60590931500221
-2.4249975208738346
5.81977422981362
-5.234553560163729
11.811023408901722
-0.16957995106828425
-1.4553042339633917
-1.2346104811736358
-2.1731107961409166
-2.220377364260342
5.2007538222599745
7.927027971654515
-2.335941897225547
1.087561896297099
8.947233203485366
-0.3002594431407154
2.8647537225470416
