-3.784250063222513
-3.1813746265560394
4.088449180061682
-0.23852179723582045
0.5100008105068925
-6.84383498496502
1.7217530542814288
14.282351142496406
-2.0537644376915236
-2.044270045349964
1.9592046666185272
3.4537853502030007
-5.901507738328542
3.0672874306883124
-3.8848598275179715
0.9809117952341366
0.6803782811614709
13.095465189481057
3.2970975077188838
0.6893579458646988
-2.799052555626314
0.6612898875810771
2.2360608757646645
1.5369049396265444
2.2355031545212647
-4.4927287038993615
2.2914082511935754
2.3632219978782674
-1.4514764050175273
1.3354696722615382
-1.0699087523601731
0.542167394215145
-1.4640969072306795
-0.20605582856859256
-0.0334780915764199
1.2517265353249072
-0.9878734782807914
1.0018302754391732
0.060222649432803955
1.1501854863154721
-1.4513233077718561
-3.0497725662824156
1.309437685159415
4.751909855673906
6.737863607206813
-4.629398728180614
3.0185562382078954
-0.547513250382407
-0.42240675782549647
0.4827852979710132
0.09361522238406139
2.6450998640393157
-0.270608840676698
3.7989263268689974
6.010120480730318
-0.018165648655481426
8.036018788034283
3.91612893309456
-8.115872629097833
0.6474488743138209
-3.8377871933478196
-5.037274867832915
-1.1119396561871244
6.335255811639346
8.316591338008742
9.949518257972606
0.5208185335983269
-1.2550106876775224
4.989754597206391
-2.2078956645951173
1.6477885392054956
-1.607691850578297
-3.1713642634468404
-3.401533079678041
-3.9131399483759095
1.8932069732567294
1.1579663781085676
6.363137756583532
4.497629851445823
-0.43033769620926
2.710645409686056
2.317396252203686
4.240260009622286
0.7118018291620594
-0.12537351438040245
2.0954773891391185
-1.1453961337491845
1.4721303361536118
-1.0497000685339661
5.808402646000464
-3.8334021245256436
5.37166384091518
-0.15736380962994465
0.34182817091697437
-2.6258907351853913
-1.9154824908946746
1.439129861592503
-1.8641046094158669
2.4719034373909987
-2.8582173770438306
