0.3931260359549146
-7.19192317249668
3.1010572084960204
14.861477782755573
1.4278521237327024
-5.093805885930393
4.556050398578156
2.381396914007979
-3.1894950469570467
1.0558002973617207
0.6899678528111751
3.4008590341819946
2.853062250713392
-0.5029464678897698
1.7646966829269999
-1.2518160017987208
4.441412568126103
2.625659332448059
4.880296322017466
5.552687847914874
1.0761007243631042
2.318576663539125
-1.7085061306375104
3.3440808714697496
6.445235955701018
1.5481984564861413
1.8975627800991028
9.309900525728303
-2.0407241177243485
-5.532597467396311
0.4600462574675338
-3.022632778195029
0.9044215215256083
-5.117376399427211
2.0104060927540597
-5.124754536338335
-2.480522133997497
12.942490025269118
4.367349423235034
0.188250608840214
0.7608135119030606
1.8112648274437912
5.913789198135946
-1.0941440416710417
2.616097413744661
-4.309869051622185
4.74012055026886
0.9791954942694397
0.8990929663615616
0.5055704736294592
5.713598468328128
2.3809032505010714
-0.49223598032131166
1.7824204326175752
-2.3500734003277506
1.0379895157412553
-3.0329818183864212
-0.04083330380735007
-4.45021602818511
-0.37250892671461167
6.071579389643235
0.7286517905613252
7.010379075784939
0.7105101104489852
10.375124232425575
-0.17344921954168602
-1.5411047467831953
5.395428703675681
-0.4950286922025228
3.9784695885655124
3.748897920278308
0.5568507808999202
-2.2809277236319945
3.514020989949877
5.509543102083418
-1.6485967297985882
0.008743598556691498
-2.800939409240282
-3.226947391574056
1.5145567008781644
0.8597836473625129
3.042746562626993
0.7213056351956031
-0.9990001157167685
-0.3595110044434249
0.2528508941502466
-0.23550473922190468
5.9292891110621895
1.4858500375342873
-1.5646451610637424
1.303209367561771
2.0133033663642275
-0.8922823859929976
13.547955918709262
-3.460508725777525
2.9115205451977166
-1.7475636021358194
0.3982065927155844
-1.9768155289935199
-1.7858636892543496
