4.421105924157871
4.673407437662528
2.3108822438150263
-1.6985917913639894
8.19559251511275
-1.1534123074684899
1.517245752615724
0.5201561194327822
0.04936681270480011
-2.167366958466782
6.822611534002263
1.991391053094085
-3.270405850650616
8.110942727932166
0.5878691963486148
7.185089613441487
-2.125974955927443
-3.6524366623199738
-5.94456660324001
-0.8666990247668898
0.07025245714191153
2.382991727596913
8.912337075262425
2.7110173925429444
-2.108694084715143
4.406520758731581
1.3497692885353982
5.789895113484335
-1.425543684050261
-0.923284851337335
0.6915042243057596
8.89423919286571
1.2201769140324552
-1.5458265879072268
7.549848406061868
-1.601640782452189
1.0667856141514485
-0.8292151183245697
2.6510219018460273
1.1550309364562232
3.182913606522262
-4.78846772270925
-1.807012015129235
-7.259359640327352
-0.07361450822349214
-3.576122373025589
2.0215093939721394
-0.032887515744399125
2.789061149673775
-0.6471086730975739
12.97493933315237
3.4285280810930807
-3.6628313128047942
2.473235508272141
2.976138824378484
0.39906478057138983
-5.481379517261152
4.80890621950698
-3.844019238567072
2.909223517396731
0.3902575798371982
1.31674032475698
2.578989611828124
-3.344064874949466
4.8971716138369334
2.1325595651291858
6.7254293420267075
5.056685273840585
1.5189743052748717
1.090516634096123
-3.1338503144865113
-1.5925017901753273
4.860159900279062
5.797353065546446
4.091061715511012
1.4021364537566994
-0.2581605917328547
16.73516497587068
-1.9621057962133506
-0.0387680258202352
1.3122185917455986
-5.084558655461492
1.741184332886768
-0.17010576954931128
1.0980996397976122
0.5958202979624811
-2.159834877803011
0.025408050854470007
-4.36719844417499
0.46125703278988844
0.6878086046212619
1.031673975467229
-4.251996721373091
-3.017628961860283
-1.710433498336069
4.1541587403329014
0.2626328868186064
0.9550459033402383
2.955377694507465
-2.204196872819286
