7.554171204927343
1.0330766980947432
1.0035515881984858
-1.560487335545293
-1.0230151708334372
-0.9714799005057375
6.598131297923061
4.522872332670895
-4.87558519389318
-1.3602901848794495
1.7355085268457282
1.774113951393498
-4.589817712745974
-1.9519561182651897
-1.659030128670222
1.1668339891389319
1.8026937580893643
-2.0005151501010507
0.7168491598371572
-4.855764631542141
3.894254457039823
0.8800049001180413
-4.773035651486529
2.554967092943353
-2.7864807516945778
-1.8165175358517556
5.427104047198273
-1.8032185301273331
-2.4894199454430956
4.211496041545912
0.37970062291656503
-0.04100238951465386
0.37922723684194726
1.501074898878862
-4.058016173861809
2.459139051841979
-0.7933459482520887
-1.849695195294292
2.627360895484739
2.7034401271409005
8.184474829094723
8.007378669355644
3.099660053268778
2.7790334023676517
2.7157464158560938
-1.9960085979614788
-2.076934065950522
0.7236080075524376
-3.9819965570948894
-2.415641040217219
3.188952832374599
-0.66593301539109
-1.6688657199982282
1.3627405837600903
-3.7727563004778872
1.6223182370169922
-6.414728263821633
-0.7864967935864344
1.2386105719853013
6.287264489436806
-2.0542756567129437
-0.3382918651538997
-1.1351686441429232
-2.1140419598003994
0.8513525012330485
10.688129458978208
3.716461277568203
0.8000405206735592
0.6209743509018579
-3.0411263228146455
3.905695003657586
3.339399923632069
-1.5073839686355572
-4.557226297471153
1.2276579325972063
7.8195968334254635
0.953733480516034
6.885736351643919
-3.994539060266054
-2.7301247978300456
-4.409410665789615
7.170413058991637
2.020488861351315
-4.774660603331927
9.120612096951985
-0.2496623204560069
2.057441903807152
5.636669703364865
-2.327685299104132
-2.956023826651684
-1.6089476507703202
1.8868945444151368
0.23134633059551019
1.3637293090831726
-1.7170193609185147
-3.763919651231902
3.1622179156448746
1.8547638116023442
8.40607509880246
4.835637865236826
