-0.7936063760725081
13.900243510544323
-5.329840069577823
5.679306596123149
12.831419987990461
3.7255218527591523
2.194751887575984
7.56526368642104
-2.3196791358796327
-0.8222192274562803
9.885143281917182
-0.5201604003655829
-0.6742043645132523
-1.88969778243214
0.42101218786061817
0.586775632772133
6.116911998355951
-3.2456792319737833
-0.9791567201121975
-1.0503066271526413
-3.2675286500902763
3.714684398511032
1.9866931265149503
-2.4376968624707547
-0.3540944387173838
0.18230045191739727
1.0144943926957235
0.7231699244900507
-5.311893299268154
6.8868941774107535
0.8913093234745039
-0.027878366493262398
-1.6233776542221443
-1.8700546135852583
4.443085502034933
-1.4351052040126464
-1.2374341167162224
1.4897381373771759
-1.7806553995316068
0.7876161880232967
1.442853828599259
1.0270624094186227
4.770945578065571
7.627954334800979
0.28437848281510275
7.297811364201106
0.5248003177758394
2.0427699984403964
-2.6613509353844367
-3.0905381254209248
1.2568359751201317
0.7096711679110864
-4.7718688974071926
6.160078228670024
9.57066766338031
0.5135950130787545
-5.2621681852177575
1.2863956463041402
-4.817861130819506
-1.3551485852244785
6.083700816355716
-2.0955589059796984
-0.6583727757065364
1.7795219686795287
-6.935012125832371
0.8946888413297999
-4.137720215405078
-2.816998731591016
-2.900501335950233
3.5995229013542596
-2.801100419918882
3.1244414102375933
2.7279089427090133
0.8566781295493036
1.7162023721826767
-2.3882090839207013
-4.778164413501756
3.586085692419963
-3.941990922908724
2.694292400693367
-2.9038798521898554
1.750845299397923
-2.7045987953987156
-1.4549424102949964
5.816976872618296
0.00754755227063996
-3.923500670463213
6.690493212743282
3.256093551608151
3.023543566005065
-2.2081098204944176
7.722789241655542
2.1967016304962574
0.8481171363221178
-6.394609660549105
3.10359996631081
0.9892504645257836
-1.0522717270907642
-0.16201673069671138
0.968658526096682
