-0.17377783928032092
-3.319581051904545
5.210797004086474
-2.422163372074742
-1.3700693330301554
1.8938167553453185
1.1997552769395612
-1.1861470180480813
-2.9132420777347
2.0243211596070076
-3.9816281186193967
-1.9875812103694974
-0.6579151556119301
3.909470825422951
-2.9456095126095607
2.851638441514636
-10.43805012821493
-1.3176798966543855
0.07118631810611928
1.4065114063446726
3.88329454567058
6.535641024220187
5.655840285982471
1.0608548424598272
-3.5815825343188132
0.2527440996467921
-7.097764345595074
3.0909401033846002
1.0889816922464597
4.365034755026578
6.476920796149529
0.4890136677563388
9.942350933388369
-0.31031557181819514
-1.8292773516437588
8.57336664236059
0.555138248823414
-2.563903104766355
-1.5826073613698732
-3.2395900819793084
7.3607621661738065
3.406633271889847
-0.5113522025367402
4.4888442034213485
1.3828724582178207
-5.846021835798918
-5.3361779501658315
6.031247470998491
2.8946010588425732
-5.58577029390152
-4.384176321389822
-0.818346418688928
6.138742297661067
2.908099288301128
3.149275353652241
4.360463512146341
-2.3388802876644235
0.6075651015410888
-3.412243789662015
4.462263976206085
0.5377148297066722
9.825435165937519
0.17348516507997744
0.2248744939798607
-0.6576901849895311
6.188893731149131
9.319065092062932
1.515781961019008
-3.012773162471315
-2.109847351826958
-2.1456943445354657
-3.5647990754916776
1.8174011279816438
0.2300891786937225
-0.9072073741236713
4.635943060705982
0.9551309435687971
2.236819959841342
0.7378453789124078
2.2250870621391052
-0.2796532136108074
1.3743247736758
-4.793651808791626
0.4078046429942098
4.243784339359148
5.8070489046288944
2.680477378046831
-1.8400068566676389
-1.7794079259331532
-1.7819413096597883
3.0666806002414293
-2.6672204552662473
-4.677050705700141
9.786018724957284
-0.8705728899216235
12.501536501025488
-0.5759163441890647
0.6075976561331708
2.4947983084837015
1.290443719918916
