-4.256464499144309
-1.3979554430410495
2.233445289457497
1.381889256543369
-1.450877970823897
3.4753904857851703
1.690761418325571
6.268700933983227
-4.387673943396646
-1.0434328516004419
4.791664745506807
-1.6272929804900547
3.6388893681696195
3.31968876143044
1.055048156006396
3.94406525614446
1.9679891995904915
7.494057733643003
0.6272887953988283
5.224898562031407
-2.2404305832271296
5.024720752025928
10.873982330918457
0.8101505453645679
4.128769834623518
9.037978000120388
-0.1406097290947812
0.9771743663719985
-1.9244024949388212
0.7823344468272033
4.959623098441412
-8.278485568544085
0.8525456696115615
3.3971451988512746
8.883353080405314
5.053076631822957
0.7806208055801584
-1.6187760968240372
0.05130856114706818
-3.4082359848997696
14.175998009371888
0.9811886301610065
-1.3490451485370287
2.1574453563966656
1.1556350388552108
-4.167760799601867
6.722586702062168
3.844944929384422
-0.06306332198981024
4.211945924516494
-2.734902483031968
1.6687323457839427
5.272401075848684
0.9953430295111609
-7.308593443695536
4.035633562856395
0.7989888835881023
-3.97782087453659
3.137704251667068
3.8908292533052036
-1.8808274614670033
-0.6174484098430578
0.6202369452583438
2.0387854096541522
1.472648393925285
0.5855507769700451
9.804701804293792
2.7324100404791807
-6.34485294739236
2.9549311504447116
-0.4076285071256796
7.999808489801718
6.3171451824279
-2.649650184378048
9.12038154512021
6.10820516142189
0.017094019570702862
-2.9074868782335517
0.45547186364016745
-1.8419701925376502
-0.25907396859822374
-3.282002127546593
-5.927282328497956
0.13149293383088567
1.7477468164666243
-0.47457701362776916
1.991066182948182
15.350132291311688
-2.7754853048612502
-0.7109228971892757
1.7089117797976052
-2.2169427946224465
-5.366253026573257
1.174819321569464
-4.922664532513142
1.4731088429755799
3.839805836706647
0.16429391672908888
-2.5122526056367915
15.794026249557277
