-3.7525515673311425
11.094582995775811
4.725632952626029
3.0425024092210866
1.9047726473213515
9.318093308515351
2.697165978769207
-4.115404716533716
0.7323871518836869
-4.315340975928227
3.210099617561602
1.152254153686156
-1.900361130274291
1.8295684641098364
-2.380831403838165
-3.838212654827074
-1.5053589020064466
-0.2122985732774616
9.17454474645457
0.6349468836621983
-2.711463758758816
-0.9084076803659794
9.266682498590093
-1.2264316142029674
-1.937587332503393
1.1681707539849775
-2.7281993611073965
1.3461972468562675
3.2141738276646477
-0.9721508661768918
-4.1894620536036635
1.1121133903585785
7.82704367543916
-4.8187592779507185
-3.600549016688937
-6.782741535423805
2.78180181603615
6.266419374357447
2.621371255829046
2.934612680123984
-2.9666632255607257
2.7980804132474013
-1.2328725320989427
-4.938778614647077
4.062058512547649
-1.6758258734990972
4.199739353968531
2.0911566406470863
-4.220996135712532
0.1710899758881859
2.4766339665745076
10.36485097631974
8.283639284193589
2.388650579491309
5.155967799696142
7.769668242485849
6.357517152855426
3.6596684431711584
-4.031299011159845
0.8784310070116899
-1.841398291296014
-0.9773756519055334
-2.544766812572232
1.4308317647320543
3.9773992141515455
3.2216418005035043
0.8894472916465908
0.6707830960529115
3.4984060032541757
0.016062820577321387
0.7738387927473702
4.5790520849811305
5.9779395053241755
4.448832461956222
-0.342332160286021
-0.1648394891151233
2.3149479665446586
4.230611076273281
-0.9520893963208663
0.814237860436434
2.196338406495706
2.379219019270971
-3.4859355508506638
-0.5933192595574711
-3.600178270092176
-3.7687780925482075
2.3798061542191977
8.95364269522316
-1.5162879211424478
2.42332634254073
1.6111089423183094
5.037751406781569
2.253877203673606
-0.6557167675982005
2.865936352369314
1.3773435479929652
0.3006241997795699
-0.10484266207672926
0.4907760511597039
-2.452583360247663
