1.02148713583533
0.6856813664250886
2.040753531786452
2.963672534979649
0.9159300847319742
1.355703422003236
3.071057738144267
1.384823220499662
-3.109076818490707
-2.5835011960517607
-3.64043911383063
2.214861830237144
1.8411784136547453
-2.193121206752191
1.9902137779078233
4.127499938702451
0.6496469488360018
4.3927822436600765
2.5980156901434968
2.5412451601098365
10.462701064600562
2.7625294883501437
5.395188403686612
-3.345031866096199
5.4344632969056
-3.575638124609064
-3.2375672212451256
-1.2278310117567004
-1.6091762523173805
-6.257595478407892
-3.605088648592921
6.173347333868996
-4.363129295971524
-1.8795294746006967
2.0071771153268685
-2.277030957752652
0.2656636791442555
-0.37106928532679706
-2.191281400106056
-0.9039793628260788
4.615838406654143
-3.78428611501134
10.302116268306454
3.1081273740907043
1.2931889438846114
-1.0990196474498608
-0.2503585783214842
-1.4033251274985605
10.721373092173067
-0.4017855684426251
-2.43768996784225
3.8217620507829553
4.049082596081259
-0.7175799374786723
5.454051513222197
12.076453798243822
0.7938176728437654
4.032288801407937
3.5712125767464196
0.9143055344223887
3.9750881586230085
4.701650778077607
2.984045438117799
-4.348235418205254
-1.007457214515546
9.828968523598059
-1.3032340457818479
9.31171780630559
-1.9300359962885552
0.20099108548554065
0.7205984529261822
-3.542347244684234
3.0154370458069697
-5.928162702084824
-2.3012186862450044
1.3769005353069341
6.5846232973264875
5.110722944262974
-6.024243145289496
-5.9585719037312685
3.8583129663659137
-4.024507655583634
-1.773773851760712
0.961722387118676
-2.007446631399204
-5.819325491926903
-4.035852929595709
3.288051541628784
-1.800353353508751
-3.5393537928934355
4.664965856269843
-0.9466333938949552
4.523194878128488
-2.66800015256025
1.337364019985544
-5.386299288470036
-4.091965520753683
0.99361851767628
0.9744046979061404
0.8984872347600568
