-1.490069450956038
-3.0213630376690315
-0.3073058978754359
-2.5479052239237983
4.783607528919962
-0.6501189637626197
-0.41569184357895844
2.095250863251642
11.983358153705991
-0.36185405055948916
-1.5364655098149722
0.9851843611394459
2.8606298913935615
3.061025205879101
-2.5407142921876336
-1.3328369572392762
-3.4463445936735164
8.964197517355505
8.872550971558441
-3.19206753248658
1.5922021293593565
2.3263892483152158
3.557836385482072
-0.14466984464929813
0.3394157446220582
-2.9284240626519638
-3.014619186408444
4.245933265957783
2.670767685768791
0.6043439416409722
-2.6033061051033637
4.415461169827709
-0.2677348573101897
-0.17343376114043993
-5.07946335750057
-0.35194047103532183
0.16332468102336015
-0.7546297453417923
-1.5047288293369134
-1.8444609107733907
5.71165837393872
-2.4167216659957798
4.795506567326928
-2.243378182582461
-1.7043902535884787
0.018966471872493014
12.109922516873747
8.945018677204509
8.564998767110865
4.185107089405525
1.049103703591162
-0.9889749430537764
-3.3393754777465454
-3.853976933767836
0.7204814899017377
2.590982886213395
2.7224842865323127
2.6245400801948535
4.892223831999517
1.7356687227643341
5.333848755645208
0.2876455516488936
-0.7467910367129647
-0.5901375785405746
1.267494754942287
3.6641998665971367
9.62280700962578
0.268204789501177
-3.5920093439763
-1.077874722454036
5.815453567399906
3.116508869328351
-1.683811521014728
0.8445548944111914
3.6024798326692924
2.9150687062180305
-1.4209110687217208
-1.9285094029760652
-1.2451845762743288
6.979742592614749
4.2357664906168
0.734640950764245
-0.5585086143327285
3.846957695214056
-0.6573148342801824
4.9166812122657175
-2.467431316917083
1.634264923295063
-1.31719600432405
6.174532806304951
4.112179704199705
-0.3303436129713835
0.27276336914025706
-2.167960675625229
-0.9452105133182561
4.864124986208161
7.988388693691878
-2.667200211564898
0.90238325339308
5.005407819947101
