-2.5205111450769824
1.1863182261025296
-0.2970315515741352
0.199409227259799
-2.131010223648362
1.8244090771468122
-0.24334712008427495
4.794284789511113
-1.0377821607707318
-4.058104445563831
4.723922361373875
1.1151356555114826
-1.9456347516634598
3.5319480114697104
1.6025047103146801
3.4931298390374375
-1.8732459821682927
-0.8530582738414236
0.08986153654818843
3.968076385389311
-2.161362412434295
-1.0035939891721564
-7.229371440940172
3.0772867694532846
1.7072682443785423
-1.450661531123456
-2.0130250427888337
-2.5393007661135245
3.6228934425545627
7.985124220602056
0.6521126979574559
3.39449887417925
3.2851243349254595
2.0828708925934736
1.041780314894282
-6.525934349653232
-1.4495701611024192
-0.4037240161138729
3.694908598727064
-0.5702878658962836
-2.660314937623215
0.8304222032271238
7.899621480364333
7.436137069480331
-4.318690932015418
2.9408595336651686
0.8866544829268923
4.408692452098839
8.170495198886519
1.9990913857932293
4.5200535372873745
-4.484314725779289
-1.3534826578458663
3.8480990463568547
0.5849229614530377
6.71804754800379
2.97424843197959
2.085062396181555
1.0118368121482946
8.2935085389357
5.772860334305338
-2.1313874102852064
2.454342153645104
-3.4659094580678396
1.1677367787245267
-1.4955681887893926
4.865158804625338
3.550810117022575
-6.252208278217875
-2.6488355449606344
-0.5841327077236028
6.075243743579517
1.4988898020889778
2.0092082075336
-2.0196298145773124
-0.1363041768960233
-1.1521730821405365
-3.2685815964254155
-3.4279052178877096
-0.7279856523458674
-1.3328229090556831
2.720676502489283
-4.35716058352652
-2.8336261947752743
1.191987937653713
-0.16563555877844047
2.637282427451556
-1.4058963067405914
-4.080725576915267
2.1251870631501832
4.0466604904895185
0.34958114026636145
-2.818109257979306
5.382453404563464
4.954529981537683
1.308613753624965
3.4160797026138754
0.5572193001980472
0.47981791019540987
1.2067676242387604
