3.7219336231907727
0.07556510489434208
14.243055003912714
2.534301708518774
-0.33095743133963257
-1.8826208369602586
7.934575759605363
1.2259052249901576
0.695749140064148
4.445619523606171
2.885495428230379
0.18736592561377086
-0.09200752330942896
-0.01730829800626104
-0.18069992383131034
0.7529186019642357
0.1259145291814804
4.73135916876233
1.6638875135801605
2.8064781508225827
6.457637757134654
-2.33032342915636
-7.3195612691048675
4.398761086385631
2.0575627524257625
-2.9991601571015276
9.751923568444209
-1.709697575846405
4.997359911213104
-1.0483039181140077
2.4740774056978907
-4.946824489912052
1.1666254704302823
10.717359623429196
-1.2357628597692756
0.8105576846010312
0.6435413006175421
-3.113154526004441
-2.0313046844598333
0.34083151817492846
-1.0997415411935831
8.03054979581431
3.2220645184970342
-6.273037462511409
2.7115762005327806
-2.392524636356217
-2.8747711448979247
2.9257640084352894
2.6735314685016554
2.1217388285733914
-1.6204086570366463
1.3122009061947102
7.360587627540006
0.056138068566623636
0.4415580943741711
-0.31302990820662924
0.47024792600296295
1.7684535013768956
0.3420694862147705
1.8122910466252067
0.13656360987984312
-0.3045666658296199
0.31442346713793506
-1.1339484225451806
0.708168970934654
2.233081765919949
-2.2604493365617984
-2.9090795478669444
1.637657841580964
-1.8266240929025321
-3.0236609402759793
-0.9436530263603902
1.2945069812301202
0.031224677099873602
-2.148617958566456
-1.725445799619069
-3.015676260288955
2.070048955420834
-0.10361143862415309
3.2301165269059178
0.09739079319020252
-7.4035642575536915
-2.765857606023193
1.2869270858223665
-0.8197739418732796
4.010958968336347
-4.491913081675824
6.611253084383938
-3.485310243364789
9.713302420964283
3.8325831791694807
9.169044787792453
1.6424866719082982
-0.289049100945962
2.067772984255309
-1.4665640443021892
0.6959902076981115
-1.0570959278164815
5.006695163075842
0.30175047776437597
