-3.418151465670742
1.9735524857848463
0.9801945374390957
-4.019707695141179
-0.5189936344373343
2.029186616357757
3.811539200200041
5.5892038077136545
-1.2427135942038132
-4.518126556743398
1.2627825589276178
-5.108713418844321
2.159223561088336
-0.318368845463209
-1.55626578145682
-0.6230156993173357
8.333459755442174
2.2406094876178893
5.818284150903324
0.7342933027459657
-1.0323951193628793
-0.37855400582868587
-6.796353773621736
2.2637842721847474
-2.5594452495571614
2.3878884089781103
3.77916516292664
0.23922488148145973
2.5273551039347137
-4.16877034077351
7.857731881795404
4.797100115406359
-1.7334992735547476
2.9299639519555933
0.4842881009990705
-0.7549574779379558
0.5488725779555864
5.438769977971824
4.553952880768104
2.3182046805152177
-4.9214079279730605
8.747194277757975
-0.10364093184917203
4.568978715586001
0.6014304104532023
3.869484279409851
3.2987617506104474
-1.300042562089422
-0.009727142440938526
-2.5442423934421754
-3.048517703259736
1.3833559253233436
4.78777579520828
1.4460380261892734
12.417676526656292
-1.4735409513256426
-0.2578423485264198
0.4805624501106789
-1.205163099856299
-2.551916346631811
-1.8285886792034094
2.818959388358156
3.086058366536372
-2.5572155920941064
-3.3215481445571307
1.7097016955079682
0.4141404391888031
0.6236779059519436
9.717304836355083
-2.6824211965569558
3.3592224385944203
0.6468358538538693
-0.7422939183818975
3.0539247895311132
9.971456340980321
5.688149735332193
-0.18540025462215115
-2.610945072388705
2.273917666963422
-1.7710820200089548
-0.4142726861229349
-0.2255138179187481
8.575111077857702
4.521022163025464
0.06428425729455998
2.2392186758506454
0.050275514848846084
-0.3111858795109206
-1.8887426445086781
-0.11929699842223489
0.7409262484694076
2.0570043891796397
-5.2007694699721405
-1.7001721240812886
0.34623537267847604
2.583219176323083
-2.701633048721249
2.563541783179967
2.8010912309410063
-1.6561145195765423
