6.625781390122474
-4.525845634710897
-4.286319574863953
3.745008326933573
2.6314593668103727
-0.9139259575665024
0.7143809333656774
-8.99257910422096
0.9251134363781062
-0.26986766021677355
-0.058070573573494405
0.9757074155469359
-3.4664752730962927
0.8594840329814663
0.8142455767947907
-1.7149813925305741
5.72981956313417
-2.8314795387636917
1.5536437459103927
6.866379174676547
1.9652430112846804
-3.185764143662391
6.134518018464515
-1.8879027744314674
1.3679419424031751
-0.184297241391501
1.819831981994295
1.7469030330894064
0.1076240821341864
2.377593010590965
7.619774440613313
0.12237082871293026
1.6602112726768523
4.756948547961026
-0.1402213211962322
-4.441893206812387
1.9375126383838865
-2.856581670879935
-1.7816660093655452
4.396225527099713
-2.69485099844822
-1.0220606792357814
5.777214464323011
-3.3968207548178126
-0.8008199169847183
3.9125151424820164
6.234787628887946
2.866530672535089
-3.7642295196648528
-3.7872491132538695
-0.39457572368892235
1.0660497059640521
1.5064816608931957
-2.7347003431107773
-5.533266923262217
-0.4420393099466639
8.786061386026413
7.124910122102926
0.19070734362415376
-3.639442270874706
14.240639728127258
-2.5678361161370526
9.272081124994543
5.522623936192817
-2.243848632363627
-2.0486410712849397
1.2941908322257687
11.509425492472744
3.0580228471331075
2.211165189441049
-0.36908339695919956
-0.5537794834665952
-2.0423672249958678
0.17799526291400775
4.066596757462635
0.8268737499271177
0.0734572356774413
-0.24433330094121752
1.9508047852904042
-3.3757979913867575
3.8262423475136913
3.1373781058615577
2.1048292172863694
1.6695956776466727
-1.9623853522409347
-3.194152586177476
-1.6158640385821317
0.572685210362158
0.919401376812521
0.22037247405222998
3.15689915234711
-0.21361957393049857
-2.1459342402870645
0.7870327001328841
-0.18011730571975082
5.215446061090636
6.275275704512537
1.612230155985213
-3.4728196033951235
-2.6907686313565735
