-1.3691221771210662
0.9576838116181674
6.709629603485679
-0.8879689839517486
-0.05942550945530717
1.9746233783247085
2.208847458562447
-2.094066793270245
0.29296889398149123
-6.208006686518205
-5.036566882459976
-0.8230724166911842
-0.5354184732239338
2.150807231358551
10.774724308630303
-1.1754859829989175
11.201157715771156
-1.6752180901285978
6.169139661105188
5.985051594829057
0.88577341505477
8.415517591840377
-0.5489762798975997
4.072522142732796
-4.01883113228971
0.6283173589279152
-0.7793127071665887
0.6122105338833369
-1.6399837009827736
-0.8788784020311755
1.0910792489714727
-1.2880838082455588
-1.7391394263989326
7.056987939804454
2.957954223336318
-2.062129276490676
1.440271891784259
-0.6407354444644805
3.151725571417389
-2.269752452188123
-4.0190199337156844
-2.0800009033077984
-1.5697006606142132
-1.6545263789752176
-5.10625847410857
0.34388104337938863
-5.974963449862997
-5.171068733250555
-2.95165465886025
-2.8702210169523825
-2.124498402051703
-5.113487805967402
-4.160005748424555
-0.13398761721862518
-1.2458077563546726
-1.4441643368534713
7.853742552245885
2.2354987190584703
0.47468351762629957
5.282206268875392
6.162158702870563
1.3994256654957486
3.57166951875196
2.2802974864828736
0.2409654669085307
0.5696968953473645
4.931714573965385
-2.0810686226439374
-1.788946462543445
8.827600255447775
11.44016981524475
7.835237681123557
-4.618503982464992
-2.3301500570779052
-1.4998265539300966
-6.2185208699532435
-3.157082986066869
-3.3042353761045993
2.6191006994875616
0.35990877747165706
-2.1707282850526513
-1.4328433580851674
4.918992926890587
-0.664928770397993
6.414597563566106
-3.952909159972325
0.9819798510489065
-2.061363641121192
2.700556249947555
3.473510103146655
1.380125668985007
-2.218078226680636
0.8114885959463418
-0.4275674902076136
3.3717508555838354
4.777662433679528
1.063234611671987
12.036430762310092
3.6418362641463937
-2.5396899565724516
