-2.8095510096376892
-0.9495879131973732
-1.116921018930069
1.5762437357504162
-0.28106918265714853
-3.692275209170419
-6.304189495044884
-1.907385459292422
6.327645127944427
1.14381329328473
-0.6586244936530495
-0.10467577224385216
4.428301834319292
-3.1288613383518915
0.8321073303335418
-0.4445952068952241
1.3428608394438286
3.014960350514287
3.516330163154054
-6.109043168672972
7.2638500591744455
1.5045058435990795
4.410401679640367
4.119031329446503
-2.733932884021052
-2.0122596153424563
2.056752928205594
0.9230544300360377
1.0109736261964561
12.710589077794282
-1.7458396558728992
-4.320027447002001
-0.8375335667371919
11.836749025151764
-0.18524285694671783
2.6084990250887143
-1.956802078270081
2.9042822502447665
2.598813009929216
-1.661621505967034
-5.562960805005741
2.6287087516919825
10.719699797234131
-0.02177265218514326
6.817023052699064
-0.21217957429810835
1.9217061487365146
5.529846124355823
4.5841552115040285
-3.921506686550716
-4.752912473228619
-2.3351177845464024
4.854146266567318
0.7349844794217565
-0.4492770219341138
-0.2797490579327919
2.9139229609618855
7.758720105274661
1.5239419234675562
-0.6130652883169947
4.462504436572475
-1.3654004698475233
-2.8665493135414444
-2.9349379579766453
1.5652881228174138
2.205870592754642
8.476169111029062
-1.7911849989194961
-2.3497921998628377
0.031128880893119423
-1.9995956623561408
1.3508822769239412
5.294524309729519
-4.097512934750307
1.7743260896962654
-3.988785081460941
-1.7532538448506747
-1.267184542398308
7.526572087951765
-1.9836084272254608
1.1092960162850545
-0.4524871626662133
-3.0332041359151174
-0.034584887473379844
5.303845042875075
4.5393500688255966
-3.3774739305864485
0.9954942976444756
0.4962459946807951
13.055372942710772
-0.20086716660159087
-1.8748777193484356
1.5434033846050692
-0.688718923901749
4.925690332895934
-5.4347241540067355
2.824635793990629
11.121496738876111
1.0489704572679068
1.2077975479296343
