-0.1859772157421327
-0.5123125505040488
0.6061554241374093
-2.0846979878215492
3.642289342314108
4.356007551368426
4.591126082605041
0.15803014373052493
9.196679257637806
-0.505157927888713
0.6665444373332579
4.107927003162368
3.3011631345642813
5.109652188650548
0.016910907964846712
3.5232388976625773
2.4399830906704056
8.271517039960052
1.3508639086673468
-2.4068213007898818
8.415043332789134
8.789840416496784
-1.1057197013006472
-3.114828058547646
-2.8172946906423086
8.82198988544559
-1.0130876649982645
-1.7034530385447724
-4.79249473753061
2.402424477043698
-0.05117688925431071
4.427386310398551
0.7282919388998453
-1.504689303636766
2.5270177259566653
-0.10914625143884782
0.743509140189874
-0.0002847955477393577
3.8463885012389216
5.236124879402396
-3.4303805820481132
1.2037083769107604
-5.198410227692822
-5.1996361097114265
-4.982802001217423
2.995481707328179
0.21840960137865334
-0.4758759289246784
1.736601143118665
-1.0820523707965644
4.613168850219313
3.85684046837766
-3.878801064512091
0.02401269980650137
6.855426472963985
0.7768206052270059
-2.151847704096559
0.6102106218503593
-3.4151021683215945
-3.705782043737707
0.24307594692837034
6.849202685128858
-1.5923248493814053
-2.1235709791198625
9.248507224424888
3.895322028011373
1.5570376449178722
-3.8569521280636883
-5.303351405501028
-0.03131778660981179
5.162732413318277
1.4878166343603532
0.4750211772893985
5.999920809797392
-1.0752962401304462
-1.3809656728000665
-3.403112544816193
-1.3361922693650121
-3.810524521843851
-1.3636066200333934
-3.209175838795523
3.6283883629719753
1.3236206633040708
-1.3035828256086783
4.9008462392066505
5.738894915535785
1.3288984363631706
-6.95222314387933
6.930100356558046
1.7617063362386955
6.654202177251218
-0.4381223194101328
-0.24074399969946325
-4.139683972260421
-2.10578896279818
3.2201687469725924
6.717409637372695
-2.319635256818968
-0.8322896491507579
2.8722528537774705
