6.1684477575422
-0.9006424154835759
7.3792795725807645
-1.596629197450849
4.341403398902805
-1.0412147618716299
1.4611082906436454
4.6974696503557185
-4.39044075876804
-3.443785441179392
3.798120765300024
0.5293419418755603
3.75565795507259
-3.1093869542387527
-2.781504803266042
1.840835903962317
8.314165721756046
3.9249140517042447
2.2586287162667853
-2.567236140107479
-2.179961840545992
7.510949382311662
1.2977973577033617
3.989320177409776
1.0931823780673353
-2.2173240142018917
-2.5835043013444743
-0.5446060001569714
4.211341934005461
-0.37609590883495997
0.14175071335258257
5.748828847773198
0.3834073629979464
1.5035654584369156
-5.332122045758721
0.6598166410067584
3.866586548950436
6.097222952626289
-0.7230789312187745
3.6041126256602585
2.613150278108091
-0.2791904835320541
-3.721864139603702
-0.18259058162571612
-0.9320162023608706
3.6879642110558137
-4.7380447977924565
0.28844115252957114
3.146826011845697
2.2556105775158137
-0.7275584208708743
-1.0997822043222403
3.1975264771368113
0.24467188856154673
-0.6500130146848881
-0.3080508367108213
-0.7461859025992704
0.066394176629829
-4.145153625588668
2.0783447013241956
7.363824837205186
-4.353798772813652
8.235946713499409
-2.817319438965355
0.44657338412784403
-5.710381124268165
-2.6054456140790165
-4.242043957918884
5.2287006287081175
1.2424624596397118
3.7752987585117213
2.0772244269454947
1.6917045896417988
-0.31680680089769353
3.092154921190025
1.148057851621803
2.63242943654548
1.8496704285807728
-0.33322232049089295
-3.803109883210749
-2.579296476744504
-1.984156644277717
5.524308670214309
5.504935855196473
15.237580412438007
-1.7373975788154223
1.752815336971716
-0.4344287097822125
-2.5973315508548875
3.3841559404376444
8.695443038571243
7.265091611928675
0.3812270940521996
0.4504699419090879
-3.1052752984214855
-4.39762011226209
3.3978908014315166
2.05890331182949
9.075901152490863
-2.9737342220800755
