-1.3584904974078622
2.660684007416349
0.6735858063643392
-1.4821891294899456
-1.1527136850750859
-0.5153884815963212
0.1798477078685245
2.5212834703043123
0.6122247635070546
10.138430540749074
7.812258856541341
2.981465366750066
-1.963861418399722
5.241428242786345
2.6959703426662784
-3.383628330226336
0.627281359366769
1.89215106534099
5.316448577386725
0.4214366401417501
-0.68507347118464
-2.874460362592657
2.3430075292732924
0.5889518040158563
1.2851121254157167
1.2083188568076753
-1.0622190074752602
1.5822144456191911
11.040634462523418
-2.893558469318555
2.7537386719847055
1.1281296531176501
10.908047435174598
1.1631416547274445
4.170914233816362
5.738117057092577
0.7788903067913864
7.448154112608696
2.626263889494957
5.465222175683602
-2.743933916411854
-2.0432505201558886
-0.07301752817550078
-0.32574242058061487
1.0341635963232243
0.21438871311686467
-1.5677740440767225
3.597954776561805
-0.21391808475492058
1.6987257062121923
0.4481308449670295
-1.3952393317126273
3.690578817116829
6.3150566632394245
-2.993474533769513
9.28655503519916
-5.018853661064196
0.4338423054605418
3.527053515371655
2.547428319323101
-4.31359668644961
-4.295326032619136
0.7660671151803462
1.5904452344250564
0.7435738741840703
3.1241413177742756
0.7754001240693178
3.0266931456878705
2.99676740708592
1.0996983253990864
-0.20278205293878726
1.226318947990862
0.4885881279062516
3.7605687668742833
-6.37731060139596
-0.2984473499984552
4.801777460983834
-2.3229350632249512
-3.0209780869463216
-0.7250722027845089
-7.505150185137589
-0.4115667036581235
1.5793180416240524
2.149270939296209
1.9644514641499997
0.9357680877548944
2.223403448431581
-1.6749511091455058
-2.053164668459165
-4.698087303543041
-0.9586086373351912
1.0908833407727672
0.6822366531670853
3.3093089678336174
-5.678253003966262
1.7831652176326505
-0.03276325796176346
9.709414202901552
1.6808991746904005
-0.5663246698941237
