-1.9520841807877167
1.2767615143419377
-2.3848608703826955
-0.5965290245697561
-1.1214710213191492
-3.567325298551583
11.099484215465871
-5.31449748871486
0.8392288521386068
3.552081940227541
4.985780231205075
2.701389665142999
2.1906201839806227
2.7547238215818606
8.296406560139857
8.938447006919553
1.484280977250162
5.394377773988385
-4.061580072461975
0.1549657484945391
0.3773946938184958
1.3956157888259417
-3.7127802453727305
0.6854766493450644
-3.686509928710577
-4.285912881406052
2.3778035227218504
5.178625926615444
1.4685927943489834
-4.483603111334968
4.3981051289878685
-1.4250073878501008
-0.7457710554696608
-0.4091515580344244
-2.7703698577515565
12.093254695594776
3.4503380018854184
-2.4340931240891295
1.5871797005338126
-2.7448352543194474
8.145606272844166
3.1833154617434447
7.6429927966658475
5.646063414779331
5.134355422525827
1.606077471446107
-0.13439005057738884
-5.61817084135185
-1.0012851935855869
10.918461113113642
-2.940371059280183
6.025074918006363
-2.6571247974306935
-1.121606981945588
2.5026768220594304
-0.045805567247206
-0.20662476076492306
0.28143721737052363
-2.016044883875175
-1.8204332822679752
0.6835886812673453
2.7026270112809194
-6.45927588235425
4.27417626041053
-2.032848648118731
1.7208549841426222
-2.6191928126087882
-6.581489463833368
-2.049405796002849
2.5679624352948918
2.2829034784169293
0.8682668066228564
-5.946682996289445
0.1954790232582306
0.16864643884564398
-0.9622665873477312
5.100318358915317
2.0666172282596755
-2.865516743728408
4.975352969049211
-0.4260188945336089
3.6095283310668598
-0.6331315653208994
1.7171010669636777
3.270184925868202
-1.1942929751370583
0.3051434231149931
-2.3651136135094166
-0.45357118710814115
-3.434758136246262
-3.3535247036066633
11.67159518965491
5.0986426179209055
-1.3539989309105336
-1.8357745954415028
-2.2300420565419277
0.9494190159169877
-2.445937914904664
2.024059897148062
-5.670109100835039
