5.3049837209218556
0.04228918359335579
-3.6220729424944498
1.100488312224291
3.238050854164676
-5.196626069947549
-4.840027095537277
4.961401899281995
-0.9725725676256207
-5.187190529762882
0.4014502616272984
10.371921583694132
1.5018732586171955
3.796393186494727
-1.061365039102193
-5.028811239957402
-4.653085293088894
-1.8999202437451088
-0.09197609269062582
7.485274078362131
-2.2289576991285203
-3.873446705377634
-3.5078668559534214
7.207084693761154
-4.483885113301637
-1.7151400891071822
6.3690997739097766
0.7018121001567399
0.5266445172015717
-2.4901220600155862
6.409781594329786
-0.7758986179806637
-2.5873297803436106
3.1916799935172797
-4.109053089466096
4.887381010732027
3.083860956774095
0.3819129984670248
12.67272050806156
3.8697993617486244
0.637017021512932
0.7162804791912705
-4.147807285287135
3.611963198694264
2.6777861109961494
-6.30108794420935
-1.134243959242602
-7.487569401806512
4.708411128669553
-2.8874077290144866
-2.7338515357398463
0.4658460593512094
-1.7836109559542344
1.3032113996932115
0.12950376227986568
-0.6759578694520303
2.3635028682343515
4.772928581816689
-1.3081098630031627
4.4520235535267805
8.690150111201987
-4.041532067675561
-1.3520558793364015
-5.129758569614863
5.588272728460845
-2.963353722368403
1.4239183393181436
1.8156694699692295
-3.3409931717310233
3.5246064460479785
-1.4310187929720004
10.58280821338889
1.7582690748243954
1.5147205592280617
10.164201559696844
-4.4593918340613
1.6408387484653135
-0.4500163570050911
2.22213617319998
2.051559196431021
4.568344652937502
0.3613995059109101
-1.2997203017992132
0.3906894346363061
-1.8032667315720379
-1.6948420659236383
0.7074685858658509
-5.039529843370788
9.154588194581516
-1.508954973752019
6.912846426882734
0.05873094628582676
-1.0461561849031276
12.979523084904766
6.312086271863466
10.639888196970716
-0.9937103237932772
1.2473222176044083
-2.3495144040710754
1.7294671293723325
