1.642942322012696
-4.103993184148943
0.21159061562191905
1.5687304125763877
-2.9189527560075286
2.148839500711754
-1.953510457030939
-2.1980088801634245
9.987654684198384
12.082462519084068
1.9543318525356534
0.8771656056341417
-5.97835661569966
-5.332969236272775
-3.3497832410158246
0.7415399685990128
-1.7302892820321347
1.0726180595853474
8.704590026682334
-2.0317508621959908
-2.667335847601803
-5.827353749718326
-1.7169993352811175
-4.252464503354657
2.4570616964981715
2.689125690514178
8.632166900852981
5.2300232393148205
-1.4275261263331434
1.7309307664777434
-2.1649210394138647
7.577968533201109
4.923549010932163
2.616806989728664
0.7978724087018776
0.4904855696546089
-8.823308526811275
-0.45365058947181447
3.09643635625359
5.388526988812164
-0.13271203280572635
-0.16523572763717675
4.459912688589366
4.186661277751822
-4.622165382620808
5.164270082060117
-1.0039134298570718
16.257729852785957
2.649454844931696
-2.644153622570081
5.824909912605546
6.515144760403471
7.827027621670553
-0.7261776599400203
1.0149356848299562
0.9204053413230207
0.35839161200719677
2.1831024961901577
2.8158275233803916
0.41831564265461585
-6.876507601453368
9.13023291105615
-2.8950089796980905
-4.071113895126029
5.483417432168382
-2.6600091630756553
1.230377849475392
0.6034887248533989
-3.9071824332523715
1.8356727776381143
4.031790119785469
1.1302190265011403
5.63951687760374
-4.014116695168649
3.8717965046870857
4.0032095611446215
-0.14686135881003648
6.8769262901368
1.9285617588420632
1.956692046998186
3.873339302353946
2.978093331147042
4.474910742277286
-1.3582563671374719
-3.039303240977854
-2.074885763170219
2.4573572286876137
7.395327074104456
3.693949043968943
-2.8142699325963063
-3.8073996361055364
0.49717750301076225
0.5995337841043049
-1.055610002873331
2.9583041113880335
-1.835644859555514
-2.797111410664859
-1.7628693765938945
1.3560594102432664
3.578915815527714
