1.677021527577447
2.7890840547591873
-4.699594491003614
0.6591543125456222
1.247773033505315
-2.6186177303718288
-0.48028486695855166
-3.320396914187011
1.5094641058815934
0.9452964944912341
1.7003289765970195
-1.722263477861612
5.452762319485371
8.504885417439612
0.5857231301565968
1.4912292811313361
-0.3044865415260316
-1.1518676583810046
-1.9380381253292702
0.8255642374434586
1.2421133825398036
2.795992001963806
0.4767534307974016
0.6566061140380336
3.935948579205653
5.304470183310482
2.2203379011793194
1.2651016411223186
4.915622421408965
6.154587006748824
4.902280590342617
-1.845747951342271
-5.5681926682944045
0.5008987340233507
14.77491449720459
5.723006363120784
-1.3587221932207518
-0.5831737519479816
-0.6201252725758746
4.63887977643372
4.693642230472355
1.7498876125510137
10.883428947503027
0.5059934073224632
-3.982979883982873
-0.12730469577313877
8.567919422739719
-3.866930541783505
1.4438252327615457
-1.4148746964057337
3.444667610405734
1.9678512877592849
-0.9936114804160605
-0.8202017696240205
-3.7579246187502644
2.4401500974825563
3.9379274427662043
3.667089747664755
9.450228447393291
0.1461341267772617
5.41258995830397
4.933442614751785
7.574841617130088
-1.3617930040509083
4.564934664939656
7.405472296102436
2.64027016157614
4.215025198493745
5.580621072024467
-0.6160813010486494
-0.43789964972941975
-0.8381463320512659
-0.6882962948469056
-1.2505304796242207
-0.030162041805695948
0.7770259368091338
-5.271847119517458
8.419555286686725
-1.991635691090392
2.3870391404394686
-3.01719738352776
-1.062960077507904
-2.1150200033205095
0.596906078565033
-4.387452115956262
-2.363456419013824
-4.017385876631471
1.9267825331790145
-2.9516956235411436
7.265346091861314
4.789343921703145
-0.6967468882282295
1.1503840257133742
-3.599677581632104
-4.702332929857589
6.067568966475608
-2.1224772200268602
3.4324603817126826
0.45091871216898943
1.1782587252300765
