-4.203124865326586
2.8329413521851396
10.870689734624879
4.045948375611217
6.174698970565714
1.4927553435880998
0.3294688794595698
2.2245603293604086
1.9503433690875411
-0.3323214368664862
-0.3067043294016026
0.849126404421374
2.9420453639051485
-0.6054566596131651
-0.7215751381899962
0.08468601692737895
0.45163752433886273
1.3344195012491937
4.522242002532149
5.4647193090685775
-3.2070399840596275
-1.003517777612669
-0.4407918323864247
-1.561480329535652
-1.3599482910708391
5.535291574157876
-4.359073921848351
3.47014697607767
5.020143584599116
0.37621423256228836
-0.020546909727607636
-4.064468085590183
7.087805786025646
1.0050840000907688
-2.831001600670369
7.4762432210037595
8.830109720733768
-0.44087130738073255
4.387353284406784
-1.294953713108821
-0.2570591202288916
1.0153218771335362
2.731102409377346
0.1691048992962776
0.921080501987664
0.37002971087927583
-1.6483187041790734
-2.812878669444606
8.33057686066909
6.018085423946129
-0.7852964523601254
5.1640440566695975
2.5069117417837905
0.6865935186614969
3.904881464406717
1.33329992426994
1.0908716639897231
-2.3008605843605645
2.057941986371434
3.1618136467564404
5.059880605717325
0.19003639584994225
-1.5606868201908346
-1.8955827596911874
10.574252280039948
-2.459360058937559
-1.3141905745078086
11.63805707341172
4.1656953389074705
1.585748429369033
2.8130729488188604
4.7073341913189335
0.7403019572346452
1.4959884865670638
0.42644474187646664
3.5560190175348607
-2.5688108090285984
12.186748226456778
-0.2640838759503991
5.533459739799769
0.570821158925809
0.2381738172585344
-7.66729968728643
5.052798451586118
7.659471532397216
-3.900302961563935
6.277062662056588
2.4770029329231997
-0.14548298327514805
-3.617696477506506
3.115676703501813
0.36263948509743116
4.118381809389942
1.4147790365573492
5.3659707896444795
0.5691810066062561
3.5246089746642353
7.259802149646305
5.526471409938949
1.1502796614821773
