-5.269900720968987
0.3854222388410985
6.062492741685615
-1.0915013547563226
1.944896831711703
1.7045793646602738
2.7968660824908027
-2.21097356094185
-0.38794666647846454
10.984141509779795
13.060367791984518
2.1212017779721766
-3.081712286152621
-0.29328720722185353
0.5426569031448913
6.109006891899614
-0.6029386628830844
0.07636386571678076
2.4310321862384336
14.487018280169263
-4.680712594238689
-3.114671358950422
-1.7292260248505609
-2.987502978302777
3.2919158400770483
5.256135356729071
1.2926874235066568
-1.9536700936371947
2.8855146862790306
1.727888152369709
3.5689367177731928
-0.13188567000810517
-1.311269862229576
4.531678806253703
0.07039469955934263
-0.4348101427844817
-2.1688458255817715
3.713964182962797
0.3210173369660279
7.68817985187773
-3.0842050707126836
1.1292868995225722
3.6626073041909013
10.910986553103108
-0.31714557287663225
4.2284718766871405
-3.7045081378836833
2.9970073634275924
1.94554358747602
7.556626804602596
-0.8725913391373401
7.247074453738081
-2.754642116459963
1.3365961480380555
0.9921373269877324
0.821433350192954
4.368619078426848
-0.03375459175427605
0.035675314039000254
-2.4359865263132465
-2.035930157213471
1.2907013082330925
1.7208563847764105
10.961202553732367
-5.116449538530036
10.061923820584084
0.3944554712268246
-2.28155514385975
4.409510567444215
-1.9694994277338043
-2.384613789252427
1.217667269828525
12.646245332470619
1.4596127713772142
-5.2509570958576175
-0.7044869598783532
-3.2007660231174313
2.131602433826855
4.360135259034008
-0.9533668972937224
-2.304850309181381
0.019705916477491314
-0.8717643551070529
-0.4993977200623463
9.581171921689615
1.2614244943183919
-0.49703502577448955
1.5021033618870219
8.489957279818878
1.9523987991658593
8.018202508474683
1.4923618677942625
2.144712590515119
-2.4508083953479916
7.5649320905868
1.529824056055437
-0.6789778237847605
0.26883243982814453
-0.40216367781197454
4.536511023116687
