13.877970540823032
1.57786402567137
1.7467786344215113
1.5761655100480456
0.6188608803360032
1.2835734254983815
5.734443723811265
-0.3767121587612888
-4.284820490418633
4.052715397234291
4.054446054325869
-5.44100841462001
13.876364323323237
-0.9399666798076528
-1.225561261050745
0.9888126893509357
5.044396704236956
1.8439150483711582
0.9809788518609319
2.878225879464929
1.4071499800625737
1.328162374304949
0.6482448714116243
-2.0950044356797157
-1.4726201420306255
-3.8886482689199857
-0.48637400234623146
5.439647143695515
-0.1269381229922285
0.5553352936689353
0.987806546978629
-11.779714654618147
5.133160780325214
2.7788322157915566
-3.645063374897929
1.1640285215350064
0.6693485160892034
2.4323207499569133
8.211238331513911
9.22350943319944
-0.7914532680832287
-1.1093933561132512
3.748093886451743
-3.9390504372456645
9.180302024885494
5.427071301404844
-1.3110519273057724
-1.4262829130256145
1.9769346058023465
2.370271119043433
0.7575822307949434
-1.858848588759007
-4.038263267900083
-1.1927442608052425
-5.081308310269522
-0.21370603600541177
0.474154547846856
6.841405033437967
3.3417264045921895
-0.8838309221142993
2.001490022074308
4.982857603814289
0.1781272242365901
3.4667734819418587
3.3824131770057777
4.276145776039362
-2.285709102833339
5.875338958334098
-0.30722670983235545
5.879501385279385
-0.8341928095948223
3.4512380305833528
-3.0956583741890866
10.706932917710567
1.417908221785832
-4.363596154216195
9.015621085276152
0.8210837850037753
-4.615259347443972
-3.04722265327761
1.6751508025365849
5.030475059827155
-1.7654112785273648
-2.258333391457449
2.3318750074237946
5.095083729303939
-2.3721416897860736
2.460542865913328
-6.744493061884915
-0.39876617381430435
2.895719734358223
-3.0958924090076847
-6.177341165622851
-1.7798644347533807
3.049288434025681
1.6288882701777978
-1.1075166537759509
4.778553372022547
1.2157198384042343
-3.379334942633909
