11.807648428499945
-0.7611005405766937
-1.6181504110354372
-1.1650514559729923
-4.207200596403551
11.133986095260308
1.4876435564747168
-0.7772925317369852
-6.260378647723877
1.4083641167647067
0.33669953261802466
-1.5587208646805315
10.359758402745072
2.1110200374265284
-6.090906714840224
-0.7074105549506144
5.392107848413687
6.0503217767894535
1.12349530735598
5.297768379922062
2.21034399038206
-0.9431384895359629
1.2246811937275548
-1.6705822558857812
1.486239857989684
1.7341046935483835
-1.5811328063984367
15.08214689052444
-0.46052356074544964
2.032132224075127
5.374217268841647
7.984571524890493
1.2128856633689462
2.906390157050133
1.4353856098964481
1.1998245066698934
11.387877961345284
10.452669544865477
0.8855108156035275
0.564591261596332
0.1372429744082077
-1.7889483704639888
3.9255840405800284
-0.2534281850590566
2.7133589084555823
2.300495073187864
-3.686144902144579
-0.8380800808490698
0.635596279061569
1.7987073244831353
7.745869621939571
2.6438187171501255
-0.5299203499158774
-3.015165186114541
1.755151937831175
3.861781645683023
-0.7087086360107051
-1.7484250867424405
0.8584976675163549
1.003461635217269
4.06349206717322
1.370975205131594
-2.50409228186765
-0.7321459299029172
1.2304077359641754
-3.733977821720245
1.8998423877521196
-0.16036942935570644
1.5131497194773393
4.695214735863834
6.5530585699420705
-3.473351468479556
0.07555656140704411
1.3229351361514197
8.222662342951548
1.8276632849417846
-2.4209642702522363
2.852517154981681
1.3804860182331653
0.44222321272036524
-3.022577967735975
-1.5012961029734477
2.072737338111331
4.617498785207532
1.4048196335434522
14.03156886507498
-2.5584056895166207
4.530589116077641
0.1475228939360524
0.44142892777782067
1.5016917381384332
7.867752453783649
8.496434341901878
2.189533884381152
4.820635322129871
-3.557526501979372
-0.499885825437403
1.2083337300547932
2.5539882654676744
5.927321673468667
