5.447868135738222
-7.511324540854378
1.1462019895147628
4.079826646845435
6.298623730230155
5.453198784165775
1.7060478235097483
6.998514167249718
0.6153970229821996
-3.5763208455540973
4.2374214596562005
2.7647168080446174
-4.315786978172955
-1.853771541131845
1.0845972648220719
9.227186094197037
2.6632988941461044
3.4378410472024346
3.3034990845423096
7.424793395175564
-0.45227382014081685
-2.211468851097486
6.641668381920093
-0.06211843447600454
-0.2312087246583882
4.159449259511264
2.995092575963468
-0.6401033129902944
4.388707174429044
5.031750985925631
3.6741973140308906
-0.41200685491010736
2.203630987046323
3.1231075031073092
-0.36042820104051343
1.3673198951823742
9.520575919238311
-1.9034547535022592
-3.3468975100194776
-4.106146854911354
2.4344316942419226
-1.0684941954945153
0.30760397297398817
2.8157037506612546
-2.0055040468814247
-2.8380005546383416
-2.182623473316567
0.6022750191460615
3.1596438614094158
2.9787838856652535
5.785934635006549
-1.2703120552890872
-0.8478866708444089
2.781268280755998
10.122339501030789
-3.5198639597302863
1.6565168006061155
2.472443521981411
1.7145108596506884
11.387990714780344
-2.8347492321074697
12.595949833732336
2.3897099257199215
-5.73881075498514
0.037701977930734876
-1.6305101126997363
0.5078672788142184
-2.545915405216497
3.0867761041172184
2.94564218181818
4.067403017928296
0.8263019298276058
0.7235530569705244
-4.074123472583565
4.044204557742868
7.867894443154244
0.08966443051646954
4.400160665101761
0.006157562336265669
-1.0535066324500062
2.4466374326540334
4.90425810757725
0.23635942939449728
-1.383458974154597
-0.1036818776267095
3.7072650778275067
4.697184132533344
0.3974743142929231
0.06341812153812654
-2.1853647835616044
1.977956175657245
-2.494539482712541
0.8337562989182352
0.736508403919665
-4.1511745397657736
-6.201528438089831
4.77329072068308
-0.027000077601099542
-0.20999600641504468
3.6437342248060167
