10.4235545125956
3.1263620633769786
5.324646233630749
-0.7854166512622927
-0.2279685312670235
2.325370371466062
1.5453802564733161
2.7983481473854583
-3.5540415250083535
-1.1643097443735486
1.7071542772168833
1.9156416319966842
-0.6198927695938894
-7.512073885406252
0.2374806319535675
9.316834491913138
-2.2280399380181306
-2.6425115323189847
4.403577182095155
5.877944201168791
2.623026898884843
-1.0742269723223625
-0.2712119146841735
0.5391058011630662
1.7910484567342992
2.3300888408601232
-0.8035062111761198
-2.34084470287304
-0.27678858900142844
-0.32881889155150734
6.216512115474025
5.721350185937348
2.6412009335501105
9.122099319042556
-1.884470251109284
-4.585941581366011
7.389905159710761
-1.3089116692524443
0.04096557226582186
0.4189223050689481
-4.194516221667239
-1.9551719686453204
3.3115539245032926
-3.225124618761466
0.8372539818933555
2.3505466132357347
0.8157116311476587
2.97091198569719
-0.9970866321392478
-1.6322696794755855
3.051805224253319
6.105787763156175
0.5666686515977487
11.125474013591713
-0.09693902552461672
-2.184121537300216
-0.9245719449741633
-3.0938854360891703
7.123860198057962
7.400247967889919
-2.268592088337818
2.07903957371772
1.5222722828510815
1.3757223265058482
-0.7906358027795779
0.5861927576492214
-2.1488368467338774
-1.2829618871899275
-1.3603310685562024
-0.07131482579635223
-0.8394957719035874
-3.8629713090999798
-0.22150940765566185
2.6815909428084144
-0.46299894478109194
3.849921975647252
1.245089920746864
-1.6981752361551021
12.201877263903045
3.774296618966011
2.5488147511729657
-0.503199507007676
1.3125321998204376
-1.4777745730620457
4.904056347440463
-2.328182010029127
0.8505307346385813
0.43510423487727173
-2.393003596265719
-0.5905195063235454
2.1028231297596585
15.315960120013964
6.039131097542297
-2.206155617020846
8.858191014001015
-8.033197976064958
-0.6556713614538728
10.239290279710856
-1.8456478199027653
2.1345553972476417
