4.637279222225558
-4.121925675754829
7.276426557084137
2.843499936268178
0.04870866266232807
5.69521586606919
-0.2641335247439186
-2.4529017741823247
-1.939907175606133
-0.13835821583893695
-0.3355305835859297
4.483600374159342
-5.850653349220801
-0.6298146250094168
2.526174960274535
1.0694235696388703
4.2216130246021315
6.314886027569218
2.9967273203871034
-4.586705983837776
3.827245093217124
3.3706037324922526
0.07349707197179249
3.5216922082218356
3.261255342612569
-0.5630022434975285
-3.611056151576244
0.8371583723007796
-2.7340112420298253
7.791373514004386
-1.9189564594084423
6.313433231643331
0.08468482449478361
11.331267957281428
3.2246799180722103
9.18412625184233
-4.241698761397431
2.5052270682161195
6.127062043710207
3.0143096082732947
5.665181897845662
-0.507850083509845
-0.854641691742998
4.562517098186094
3.084482497730604
0.8079971548669651
8.82508497063619
0.6140389903362822
2.9529856519819653
2.0064164223217658
-0.4116197616836049
-2.2470320054983537
-0.9685902703444746
-3.1769403566519125
1.429230426271562
-3.74561646355615
2.3693271203172532
0.27740494831421264
1.654432049065171
2.2736072958768103
3.2227378541271743
1.4107636797592789
-3.4966890840508946
7.649870047411665
-2.2550715224679116
-2.7855680388211406
-1.2348892844937671
2.529277103447932
1.5260478459578972
1.4563557189375964
3.8036961281539576
4.225148706496169
7.353277277997998
1.542776665286492
1.8731336391346534
0.4952812839764313
2.805917258854619
-1.622262319571583
-2.3800545777877895
-7.935618791520309
1.2615747811087905
2.7176054985784894
-0.5959929215354507
-3.907598476240757
5.475059246057219
-3.4060640267745934
1.7882086197197373
0.0739191776534
8.693747695877802
0.5002043438420154
4.588723727619268
2.100032188417406
-0.04716755336091526
-0.5165004629220384
-1.5314003707852395
5.5929761937385765
-1.4593981471940913
-3.5772502744065218
-3.7469930420872757
-3.3977828698767008
