-1.851126761020425
0.4811670942377045
-0.2634882141011428
0.40677209464851183
-1.74569575993329
2.2676679758990574
4.5355511947096545
0.7657898526659146
-3.119905672224115
1.3431423497338288
9.845869056042284
0.7292644458041766
-0.3970114669547255
-2.260684203931404
-1.848342375933945
1.0137856030806118
-0.07776115270114214
-1.5968005471469393
0.38389056679282446
0.7957815312230703
6.5504082720705075
-3.172652315241703
-2.4335623651796783
2.170113293689142
-1.5228666471464658
0.8379495291787722
-1.2077662963617137
0.20259071341756021
1.8851590856821123
2.130012247108996
0.6699066686723102
2.9159426473104606
2.895071404605992
9.138618889405022
-5.431703748272325
-3.711046111322741
3.440463047567757
14.710883007616893
-2.924341054339859
0.08073423741421737
-2.4306726671462644
-1.7353166864136635
3.115612464109713
0.907129126790837
1.4763960301039936
-0.7848972165809586
0.17481718836135265
-0.3776371638648074
4.404304381818718
0.3565484337758837
2.386984779218613
2.5161271886594214
9.107086656357648
1.7748769710983234
-0.14146743850040702
6.840992794790292
2.5627059718830147
-4.544889266988843
-3.6227352985067744
-2.7118875598496324
-4.225101602324647
-0.7728565068128865
-3.715720088091664
-0.8691228268320412
1.4660458903117681
-3.8372300642675654
0.42393279963476105
6.02300325381697
5.170237243236068
11.452680744761018
-4.5335374333999
8.728416582301898
12.634248128340026
3.111074678071703
2.7711836928526346
1.6262947633379121
2.52318358296615
10.603975072761319
-1.814796288277953
3.1192785487349033
-0.5679801147649904
5.520534242855149
-0.6415796941219786
0.8202149946948496
3.5254372198480706
-2.417745650957208
-2.7115583674147423
10.170540881236565
2.7011590543005797
0.06733961041182451
5.594141361778394
0.31947552010542424
1.1863744742710391
-1.190136664229866
1.3344215037955238
-1.424750769996872
1.8834060871480047
2.8879292172102504
-2.2446979913591294
9.919128283084897
