-3.1184247827927107
2.636455790275915
-0.6484054819445333
1.9669539283038922
-3.638087464314466
2.101871519341177
3.410232334989512
4.921760691303927
2.008226558330101
11.227364173677183
-0.046751744082657434
9.679349447807503
-0.17556156958276076
7.58723291088881
0.08486341410892834
0.9163451088216386
9.331025159063769
-0.1128457689601966
-3.0382200264776333
-2.5481666335205677
-0.6673732461888957
5.708137126603753
0.3466088156465075
-6.888276919321838
12.923474654305899
0.3616040297809633
-0.19584189876928115
2.681010733673567
1.5789268244921044
-0.17778789253264884
-0.09427962346900035
3.8120799962910663
-2.1864048274964514
-1.1884701411049583
2.331548746815584
-0.5847251951396791
0.4133983863799492
-2.084289998307323
3.364426596943116
0.48488070036642095
-1.3566414669940832
8.696906819209092
-1.9351914666394578
5.863129403703585
-2.479142909658057
-3.1888289904905993
-3.454740960282967
12.804746417371014
12.533965404333138
-0.2076348623180531
3.7885148968526288
6.184596415046297
-3.0488397850980773
-3.1590455468797467
5.074054704736287
0.23306112747006902
-1.801560151360282
4.515839902517717
5.542106913551659
7.301984630351908
1.014000758891435
2.6121214981532574
2.5107577541566877
-0.2718938116021975
1.1729200825422756
10.166410857847671
4.05149864918827
-3.0425989370676003
2.7711713791621833
3.0129940903130876
-0.054201924591525064
0.08768967312543696
-5.012789958626083
-3.3569907694659142
-3.7558469537803294
2.274316249546813
1.04217802085056
2.718736754828195
2.921077988092839
5.438149390812384
-1.6069375848781313
-6.09897013516076
-1.2439983469504199
1.9930023035449635
1.032976148031863
2.175687384394309
3.117535417561208
2.9476228896019205
-2.1809869373668063
-0.6594680313153659
2.71176362498678
-0.992758090564054
3.0229339672554545
-7.860136846843556
0.16095572630771232
0.7273070351669659
-1.3373102928590486
6.937576312370431
7.017583580272603
-0.40668199429343993
