-0.28061059271436334
2.9576616420708572
-6.0906762935530985
-2.5734658585054317
0.5984268832351933
-1.4717629401816616
3.1893135613108274
2.6130724364653233
-1.7719330945744483
-3.691931557222482
0.07028332333625698
-0.10130811569622934
1.342158664842416
-0.9731650157358105
5.415986394514569
5.432387911230865
-2.6635816922295277
1.0648198012882848
-4.700110655369064
0.27055418367253703
-3.0360084548653443
1.991889660341192
0.3448921832067341
5.414227855834795
-1.3475293218555136
-3.100071743496214
0.7079265710471108
4.042653751884835
0.31370215621472075
5.821999170746749
-3.120282033699774
-0.8953665428985657
-4.118596390424239
-4.012093129083725
-0.8993984042129741
9.897006022212437
-2.7908491482102598
-0.17279082116297695
9.569077739184491
5.431218176162646
11.869470669878401
0.8467632454749603
9.149905532404208
-1.1134621770487771
1.8450979557185034
1.1216630164564987
4.062975332412057
-5.949878808360284
-6.683984671095178
0.4111998110132248
-1.707112286390294
1.7868115714878416
0.8108087558496403
3.8898199213054623
7.043307848571423
6.953074633529447
1.2471254604770003
2.0905506331472545
-4.6589272747696455
0.22315611931640084
-1.261146747525115
0.48321697403975417
-1.4440902751030702
-1.8998390433984549
-2.0192501979245217
7.863591237337735
-6.572064773156329
-2.9532937983456873
1.5257412897215379
-0.6218159868910453
6.75177228653445
-0.7743955429973727
1.7349369851301113
-2.2348753045417964
3.3258385716253667
0.8636607389426579
-2.6184805196120116
-1.0729811035074606
4.500603354709873
1.6239406220151473
-3.528984799092521
11.920853549146718
-4.158252204756066
1.5335080172382016
3.471172021115689
9.391831047318874
-0.9357903090289281
4.512713828898222
2.2630967396942863
-0.21134632436419382
-1.0743008463526977
8.103675120287216
-3.8168742836559937
-3.0901734630949513
3.810313183071149
1.8052298660651465
7.078623704307106
-0.3030127605252768
-0.6293570436327705
-4.030297950789567
