-3.114699280003647
0.5447577930813761
8.805938012369193
0.7321553007895871
1.278806626533263
0.6464223067320124
4.513999275831589
6.519908354820874
-4.027783960827193
-3.3059253674275255
10.726342865547156
0.7671445571187445
-0.7787758615651682
-0.47879411892549906
1.3920664693053744
-1.3384363905967784
-2.459128666650075
-0.6949771124053304
-4.663015842732639
1.7240378866347854
1.869293346576427
2.429725168355023
3.1915669042523245
0.5520969367385177
0.9577227409507718
-0.9281302491563278
-0.4432518018817787
8.99747118757454
-3.928292257221243
-1.0509865436838806
-3.363499898048186
0.2862161869236083
3.569783127889904
-1.1772924494546453
-4.279008470900722
-4.403273892543989
8.373170557528049
6.213952616259514
2.281447619535167
-2.640274539210125
-4.7559950997808755
0.543621009392552
1.3924593272023844
-1.6787113455622649
-2.2389518171399043
3.449596379789347
-0.9123344245675253
-0.32164019521138904
0.7296367343398231
-1.9300640558781432
2.991564223922396
-0.1501745958352076
1.8229295455205468
-3.8869755410367013
-0.5699581348765923
-1.7453935895653072
-3.1471427224345105
2.34453698843217
-5.706469090586938
7.399184451851722
2.0593681522330196
7.149546881380718
6.042816655187816
2.6609755195978226
0.6974952108421872
-2.724384719826223
2.3303642970401848
4.3924096718962335
8.774406416024139
-4.507069956574075
1.5410579304140386
6.540408605880128
4.987826501506458
-0.6702454379399956
4.114553411286363
-7.6293471598925535
-1.0121543355711573
3.69174883370894
6.5266566947739815
-1.234322610245415
4.031438676445461
-0.5712522712816779
15.032775462604237
-0.3220594305583508
-3.6265191652384785
0.9647962926591405
1.0487950120028708
-2.49846790139941
-0.05039672006223774
2.2573824744067785
-0.3230233019975841
-0.32774822670036663
-0.5437288244383458
2.3433778783028165
9.120644146996423
0.5452491293809858
-2.705928123944019
-1.813684551634819
-0.7412496895992418
1.1170111747500298
