9.08916596936851
-1.1438619545458892
-2.4770411794865552
-3.7843549906012215
1.6553370264051805
1.2551611498363577
1.235102629623208
-3.9515171185077924
0.4251914266672552
-0.15230789892106836
4.458634024819158
1.1464734009838022
4.55324769886643
0.581255005205996
-5.426870968288454
-3.1581448674604777
0.8639066764205878
3.879947868556852
0.942391679678095
8.366346576643705
-0.6807331998273304
-0.9606103199953875
-4.893510721703987
6.122815491777075
3.7204978998738927
-1.642130656064436
2.9741217335796284
-3.290939698268725
-0.3014617392174365
-3.7927467159897903
1.8988072590843408
-4.083630631880533
4.420341442702245
1.5189963959075614
0.7006919103653304
6.814211935735771
1.4147830771763237
1.6094336328211307
-5.716950648067132
3.7212879571262274
1.273677484374135
1.3741804268362559
3.5425648192025374
3.31915642370821
0.8658071162479459
-0.995122192915677
-4.024152863521138
0.6671914079856158
0.04859086756878603
-4.465388844306927
3.2266473063219454
2.565282042322888
3.3401127976667544
3.5309354351988187
3.824630511449242
-3.00396357363068
-1.198665466737486
-1.7277585822905435
2.693073588936096
-0.11330078568630567
-0.8362228051512755
10.224185739957772
-1.733632293558313
-3.781702460852035
-0.7646571357855134
9.966490167314273
-3.9117229177192305
1.5455544534227625
1.4215612727707148
0.560203029076509
0.4332957927296558
5.850891934026643
0.8561303123279571
-0.564387886868745
-1.7051918420041297
2.437457183593081
-3.7009781136641524
0.11071014484499139
8.602683890276072
-2.4787360320868608
6.867356751693197
-1.2992688220651711
-4.846952041212681
-4.648481998278584
1.8072047600413623
1.6315570044945744
2.574393991357807
1.2713158120711952
-2.585745503508117
0.23804791315570362
2.392620217169542
-3.679240056056252
0.4853629201342415
-0.24087918195408506
1.8203385415777626
9.407741495687398
4.547808899483286
7.140159024814848
2.3632018865612894
1.2631033831313476
