-1.774690918346952
6.440823647602383
2.2974993572015854
-1.8202736589112045
8.014967427791426
3.068874679186168
-4.443939769594616
-0.8894244447206092
0.7274755328961806
4.068395119450912
-0.579115988873349
-0.7114564979161611
0.2828989764834912
0.5842599739843494
0.1318159132322855
0.3326930065559048
2.28450384839401
5.309115973881273
1.3462761134890386
4.926656390045824
-1.8272491975819105
-2.530958239403806
-3.9522087066297287
1.3031758028547897
-1.6896598638089924
3.601384522973921
-1.6086048143898728
1.3184781644832846
-0.8410212676048161
4.404241729699251
4.708013404373265
1.9899214781822974
3.4036254847423906
1.4441065574887575
-2.7513812523176555
3.061679672114863
2.716893284979707
-1.4917800077653696
4.268448422528339
-2.9419301829520084
5.59457844915198
10.181969447423723
-4.891340096344356
10.926093174154648
6.27756313673973
5.802384970323204
3.476521578190051
4.556020281881484
1.0299176407396806
-2.918573168345031
2.4739252062292656
5.177266266125617
-0.8390156845993911
9.19693125896664
0.7475749681389385
2.88658230138946
0.7041775347401039
3.4434402515832603
7.83331931267292
2.755641750077515
-1.2247659763432617
-1.0718067663581246
-0.19419280100324895
5.390184731170272
-0.6321123919481221
4.9772530676348605
-0.7211087835592728
4.188966001784802
-0.7542812981775096
-1.3399990320087372
6.170096808563326
-3.5706824157595687
1.9109945165726792
-1.0204365620706008
0.14048910196590836
2.223413686615981
-1.884205866741082
-3.3903271096684167
1.5921847910127038
-2.583209347758255
5.448857262308209
-3.5276966282908875
-2.655644729511986
1.504073808099779
-4.800381056037335
-0.9942884076320535
0.501298420334289
1.2723661536060216
-0.4840894186786557
0.8632317639007763
6.700251851735116
-0.7478092254971829
5.0531657537511006
0.24953059455396234
2.7463272167007253
0.0136899482290171
-0.06401983982285472
-0.6312786412237554
-1.3308448846857233
6.9246540566798
