11.151121997296473
5.578850184988477
0.20993214653523312
0.9815121592490543
4.754841817547361
1.676818886748802
1.0401071972883482
0.6744546865566683
1.8675411431625324
-4.247473560639367
8.560166551576419
-2.7762090997399174
6.970041682239808
4.829922858208351
-2.2393987254337833
0.6215685490228191
-0.1688830256263063
0.8489560861598626
4.434697728295277
2.2098333125042777
-2.627034679705913
-0.2861812552344394
5.087042383300692
1.9735729804754674
4.266716748723812
4.228539410356823
5.9182045030494645
-1.9268240510410974
-1.3718162787002715
-1.7943478248854556
0.4279127713596412
1.7719941007553832
5.843081569659454
2.6969451650642555
-1.1632268382483444
5.785477441611285
-3.4425214040339784
-0.09359914888251303
4.805768322857663
4.534291057547851
-7.037415814084438
1.0425558843645504
3.401602088288529
5.650461697463209
-2.6805621352357885
1.2374605992177217
2.426400064203004
0.10230705587522193
0.6367247541704757
-4.48194976043364
6.957830202403043
-1.1878818956682806
2.33176192563478
2.447578477999169
-4.03574410415826
1.6883347569741298
0.5060447685692638
-2.006931120668229
-2.4888958769720984
2.63025798870692
5.209729398326863
2.8553100309330484
-2.7810848863945874
4.652546322663563
0.6050065772027049
1.920725096351695
-1.900450192990994
0.7479163647014254
1.9155894032742147
0.7179192479342839
-1.9621511781948526
-4.423062522756819
-0.30611538188213316
-9.042105987537616
0.38826627144032744
1.9000331781776598
-1.810775466455401
-1.0715603319542288
-1.6355572556224178
-0.42177125144167804
-2.2312418693727745
2.5272690387296954
1.6190779094180225
3.5006592593497823
1.356631051049123
0.35441040708295635
1.6975169254779203
3.862406486673068
1.1248163174623538
-1.6391720033031125
2.7281303277401845
4.9654948878284495
11.471577392743614
1.132982181517641
3.303234217827292
5.904742697780767
-4.401909214788398
-5.721281038095166
1.4856937452014267
3.8753797578316576
