0.6504653978598707
5.7534130598485795
-3.1205778643113393
10.149765586774043
3.8028224533049118
-2.1251818861937952
-1.579168795742282
8.202497745832405
5.693107328455122
-2.1407042905770095
-4.349943088740106
5.76788292143916
1.6118108628289365
0.15890429499696151
-0.42899513954647417
0.4468900016666728
2.4636221806721004
9.90457667196396
-6.729267681648022
-5.060402192715581
-5.341891294311031
0.7473668959306654
-0.48981030083814225
-8.255902448738755
-0.07235774673430241
-4.128628098026178
2.877680229739067
-0.6041781478907305
-0.7275425796292878
-0.7063398577904731
5.9102671062219
-0.017049786419578515
-7.830963581279643
0.2497828000375539
1.065662956456431
3.4459898869084715
5.744528490010527
-3.1785590767380887
4.604747854035187
4.396397347297325
1.9767668640979337
0.7669905170914053
6.381669698776738
-0.6409116881659562
-6.1356248549522014
5.398865297710396
0.6410847541858091
-0.9227693011847158
-0.7754763337662376
-5.4862766719593985
1.5384644505214335
2.2726957646821
1.4176991127058072
-1.9323224510136274
-1.694589627080641
4.524699511441269
1.9740696162988725
-5.689813517784054
-0.5165267661919011
-1.7912318807415009
-1.0028144786347655
1.8310198684241101
9.351089380917657
1.889255778808765
1.9248239275677168
-4.8358987387575345
-2.552978369970058
4.0665208179989305
-0.6652699033776929
-2.1031607205422036
2.067866658038379
-5.610297929254147
5.383887213624182
-2.3467976212023736
3.4619605931362396
4.310711470211356
-1.3921369837704303
0.3515738546513099
0.18012233031840325
0.669973774788002
11.848120154736101
10.562983999878446
1.5538650606737439
-4.3857095329590745
5.118601760917937
-2.5096858450953667
-4.400153382007858
-2.6093849191617884
0.18474028177208934
-1.973893903416784
-6.566914173333201
-0.6646217741250828
4.659292509565067
-1.5885949659622802
-4.147511487076768
2.792907897308279
-1.662910331892129
-2.7241521948242946
3.9275623461692364
-2.9813766636700434
