4.560360258337011
-3.2650456390062836
-6.44958915360918
1.0189196336868807
-1.372006214647809
-0.5115257230963242
-2.7905152514016924
1.8580136857166478
2.3377760924131197
-4.550452209246974
-4.677685426918817
-2.3181125577772814
9.180955984938294
-0.11688626242662548
-2.9303049052344705
1.6452806373388653
1.4849102275965953
-1.90141699570158
5.399808144293097
2.8756625566915237
1.3813240636071036
-4.19370958387044
8.655816332503615
7.728167418579369
0.14829558056825728
1.6947087186964533
10.268716554839248
1.4591269360286432
5.68342439151763
1.7051846337964651
-5.28023798104152
10.003264412589942
2.0710186993908923
5.306121766603864
1.5468221748166435
5.482430548513896
1.938532335750705
5.110691602258649
-1.0293694206683948
0.2581051116682701
1.5726298947914856
-4.635405337662805
-0.9727749261001799
0.14038472475290298
4.421054784645051
-2.8204189622153453
2.289600885837313
-5.098615204713018
-7.1675468793504695
2.3731729814397857
-1.0781160016228741
-0.7885806988043202
-1.7797473449091834
2.209417765277404
2.8040283351444133
-0.27520740048719716
-1.3418911147549069
0.06833745105370667
-4.346696022577771
2.4944451302411763
-5.8434842240963105
-4.125177350222244
-3.2917814627225566
-3.267226368969095
2.3848959949659507
-1.867758599990497
6.382274049745677
1.6109060365521672
1.913474700313306
6.550279614968249
2.876414174605742
6.7537023821775195
-3.506504290974828
2.7204747124365722
2.133038273936566
3.7957823326325117
4.0484755593362065
-2.116535509726563
-0.4607381736846191
1.8591068165966225
-1.1551151983543213
-1.9769060853410094
-2.3313938270261487
-0.1619148964472042
-3.2573488661388206
2.004975792548715
0.7838427412713341
-2.196042865551701
0.6427604174288144
11.211677781181015
13.962388131374333
-1.1395763930757836
0.6579497491623509
6.045766003135647
-1.441016065354037
1.2731165077918902
-0.4965151370061633
-1.2457404836239803
-3.5919785886829354
3.6073350403940507
