1.2432828810356755
-2.217031987602578
0.3878297399765296
-1.785892000635195
5.603776462479419
-5.08283052390256
-2.3074381044195094
0.34315260574567835
-2.805189195250931
6.55508926340832
0.1628830366858067
-4.053185903663755
-3.3386268022176813
1.9283205840132267
0.004563273477492465
0.7894271529142509
-0.08419526124638899
2.5598069077017835
7.222514700739245
1.4027409820712158
3.3393804149160022
-4.345140386652741
3.5509737111239916
-6.814049329050151
2.356836370908006
7.317036881086064
-1.3978181970907622
2.646885365680631
2.1970298058579267
-5.4557168947287
0.07620475989187703
3.050890905291868
-4.480480867787166
2.2795201207117795
8.80007791912181
-6.0868142333643895
0.7858193307331063
-2.083556684637909
-1.0033704806678991
-2.670169125306365
4.450419632542255
7.388204956968622
5.40011889622641
3.0365143257857348
-0.5479635776756173
-3.4322848392816674
3.18646511200824
-0.5843833126364625
5.866675432727095
-2.649507403593947
-1.032913138620514
0.12275322927252066
6.129891542774624
4.627179095193637
2.033864668724842
2.2626956580102773
-0.2773829484034165
-2.802823587458011
0.5976555683841354
-3.7237656404927852
2.0457295481351085
6.703601484654098
-3.819034681771706
0.26364954489269615
1.74690086316787
-3.4005219088976357
-2.664596997363194
2.8738114300516573
-3.1336005830273503
-2.7462191378448324
5.9695590077369545
-4.713086269719977
-0.07399991894642605
-3.1725545992637683
-2.7039512495349403
2.2963144388944525
1.8904575526142522
-0.3258285583317778
-3.246902379010039
-0.4583098342646652
5.36972240951586
2.8268580982224956
-2.7073927092962795
-1.3577022554093032
5.993691628271747
3.106939563591212
-5.611890829635336
-2.1588679638776354
-0.6737643128591762
10.209445655794099
3.719035855305872
9.680637470617206
3.1009859670557747
10.709922469749339
2.0698235417682787
-1.3305134026363623
1.2769856783163944
-4.442106797353608
-0.9225138331457161
1.2805592916811641
