0.2084976013146198
3.0082970740840844
-0.41333104981909347
-5.739524429045803
-2.496381254929201
-1.5671614496040924
1.7333675671896773
-5.987073706299437
-1.3728493628426202
11.397525055423035
-0.3437948663295298
0.2854418225527637
3.872755522575167
0.7549786909177678
-4.407302297798956
-1.9874723217343022
-5.192078881761892
-2.268694878360268
-1.795392672120331
-2.0139647142958848
4.008858036526154
-2.3059476878423966
4.318845362540671
-0.25480563094183634
-7.159036987672148
4.491273275782828
3.564459908382922
16.606854961948937
-0.8676224669135408
10.23299288642893
0.5107578016486056
-1.3008221865816028
-1.239977747003996
-2.7717656265181123
4.594186040285377
-1.0670177701551493
1.178682704121633
-2.573297211615314
-0.38639078615441436
3.2311086119661807
-5.137985015836601
-4.782724044586237
2.271571304703615
-1.8917333244779169
3.202663135318732
1.040104735080898
0.15368090716223734
2.6287828968789753
8.996832581815037
-2.9678412407302335
-0.2084589938494742
-3.4590656014870347
-0.9167223924235673
-1.1963189086747614
4.847810750420865
4.368848621195588
2.422753308711087
-0.30173759850761056
6.1938831919682364
-0.2517585217708487
-1.2288787774447052
3.5722406645042746
0.11012454060693365
0.27831494077448865
13.294283625908179
-1.1945339089323976
-2.361476707316444
-4.888075969486842
6.788119048433923
-2.2746737851470282
-1.0956838800912618
-3.4747604587106364
-0.2953657020982696
-3.3164905464078105
1.9182529971256406
2.4702973777302906
0.24901004188088105
-0.1065448393283426
6.572294859394042
3.040964017591265
1.7200744522980842
2.029363124077126
2.577812383953748
-3.018527527218806
3.8396455096497277
-1.6877969484453068
0.23666108126029886
-2.434875925114934
-1.1310654761800794
6.710957671029618
-1.006412176347487
1.3884016860597204
3.81933991082748
2.203833154109597
2.9203518565565885
0.8512244042168806
0.44849419100172067
-1.2798504734473064
-1.7313103512084673
3.2529569633391198
