-0.1232065577454185
-0.9819314575821032
-5.761190137795881
-0.5419362981664124
2.4012090907352044
-4.518033394821673
-3.006985879554304
-2.416445051766966
-3.260353562386486
-7.623609134395376
3.7707268217669663
-2.3004587788977764
1.8164952704664152
8.010721204392595
0.9860415712284856
-1.7974206015191534
3.2514762241553754
3.7080418949957776
-0.6431145818143595
2.903140047826876
2.867376226242518
1.1976136842033769
1.0266636024028837
-2.7053425474537884
1.2508095275864146
-2.4282414025758974
-8.526722299656303
1.3967718447883595
2.8789598820337714
10.2665361101106
1.366358829051939
9.32759935068302
1.5981911985278547
-0.4950093598996944
-2.168148347014132
3.0007254811225907
0.9623924487089552
0.6928083307389541
9.097813965689582
6.095584545737903
0.2803439174199162
-1.303317418962365
-0.08867377307694913
0.08084357198025147
-2.2229898445261815
0.7535136489129272
5.328254525491105
-1.6182759572639316
1.9146760961376927
2.416316097906634
1.9204112199918741
3.056655257767035
9.21749745234475
11.61511155217801
-2.017693477702402
7.631234078384435
2.0976553725531772
2.3790682280956212
-1.7322716328136911
2.3257930960472635
1.6502566164979944
-1.617040035640143
9.470611588383246
2.6451339782635888
11.838633394532318
-3.2295385585900656
5.029341247807599
5.526709326698904
-0.141406009261501
-2.2783485727749766
0.6312659739653699
1.3000324518680195
-4.122541517389307
-1.7333241351068738
-1.4530670547964486
-1.2037036518935622
5.585227674490954
-2.9828254406732886
-1.172704177430668
-0.39983293660297947
3.415189901893978
2.418369325578514
-5.270997771100163
2.362087326439319
10.101961648842323
-1.3901439705916812
-3.993342442668798
0.05486323601820067
-3.0329885784025388
-0.22652244784271047
-0.7050173333666934
1.2234796070124498
1.7303940829274103
-0.1043281431213703
3.2239352726586072
1.3870754867401685
2.315939750590511
3.5112025414754817
-2.960987249787266
-0.23019939852430593
