0.671508307204588
4.0078527627275555
1.6204326677042706
3.763472384865252
-0.9946985977934975
0.5840820694998208
0.1244490623532743
-0.44437214696634597
7.656044705080253
1.8362139328172942
-3.1870245075623167
-2.5347630908422234
8.300291065677566
-0.3155614033475542
2.4959878569299354
5.122060165463424
2.804722068340422
1.8231244303257514
-1.3527070487867385
-1.3376177185348113
-3.6310347765946758
-0.5528478746474427
1.3537651742376928
0.2997090185671178
8.115232992398056
5.449955353217343
7.390295297221856
4.223447673875635
-1.3281779472526627
1.499562214846857
-3.554167404269185
-2.1427416857064987
2.057668401444159
2.0785327281498387
-1.453295378553713
1.9923858877977545
1.0950565459210098
7.291813547413467
5.022008029089273
-0.7130137319388438
0.21320983906117563
0.1304727520376642
-3.5521786432406675
0.6714739284645598
4.576138504905211
1.977395939941526
3.610421658968731
-1.0114313679178124
-2.0177538674437123
-0.8766504396383255
0.215422375299376
1.8836019477258208
2.870210764125183
-2.052083079364401
-2.4790065933815226
-4.429057201318668
-3.076104515196355
11.1053167414039
0.5301013276972437
1.859819766926531
-1.3175247302842605
-5.73313912758119
-0.151208883612968
2.4261520969739294
14.125521865178513
0.5870696996980632
-1.5910934553530396
-3.2435622168532285
2.065137355999298
0.08952201904776672
-5.76077285987002
5.862327105664871
-0.2814012215779478
4.858534755490191
4.343990457901028
3.981690922846636
-0.10892348112212474
-1.5981746005290685
-4.750528755178786
-4.368633975448998
11.936797143808485
-3.091897427689174
6.789639641752239
-4.072916251719616
-1.087359714727996
-2.5550656155563845
-4.3641516004401115
1.2274929699871098
3.716585895664493
1.169018215829238
0.7888626383405446
0.16037550988434413
1.2120311324529593
-5.6851355356690885
-2.9985061777710285
-2.3212710197691955
-2.698954990080442
0.8570340793686315
1.50229670363832
3.415323686458011
