0.9853375987081666
3.47028877106696
-1.7191048186394433
11.834508885909315
-4.053564788776251
11.963225676331623
-2.7325526197692147
3.91317898510141
5.432216708870643
2.108012098262049
2.4560228697308695
5.245144777895801
-5.872164870845528
-1.437871264865848
8.438553164851184
-1.8325278691402422
1.4934414504488736
10.179263442295756
-4.303094422767323
1.5580775916910985
-5.102612420379564
-1.4977362003581096
-5.527893016568473
3.803796578797619
7.894233099298742
0.4892501584658866
1.851153182818536
10.870497699674132
5.570952574266887
-1.6553105144099645
1.93972482493399
-2.7875062579493015
-2.7263159815000133
-0.4499145790296384
-1.6410667218231891
-2.8910714473802654
-1.174996987076814
6.017046449249156
-2.4653710002458302
4.567996308566288
-1.821598589165007
-1.8906365309078446
2.756816869497138
7.21217399033962
6.124624272018625
-4.849804503725338
1.6009038108329423
5.220818404625725
-0.22797160593655408
-3.090422026953626
3.431633540450566
2.701234880523519
-2.2866615702363973
9.939901416015786
-2.0396779687175317
2.2768773070505053
4.443348312277186
-3.4930599379131912
-0.22008037885605847
1.951196111946827
-3.425392758194044
5.502398647907615
4.762613356098042
3.733956662019547
1.889331331409709
6.422037075288232
-0.4302206397701662
-0.838822355304564
0.9093349378958919
-0.3105413491198379
-3.197739282078678
2.94820910694604
-0.8009416161983673
-3.2940884631757843
-0.9345826764295757
2.5740084666914167
0.48823703845028477
-1.6989583744900911
-2.884140361771398
8.43391739690064
-1.6110772641780455
2.5794541272844014
4.598870834526464
-3.0443232982004953
-3.3852584603615785
-1.933287345742063
-1.5717382518672003
-4.502087033120667
5.8757253334805375
6.45020896989004
-0.23011992794693883
9.37053048227337
2.84867063625876
-2.6788007547474186
-3.351464095776203
-1.5117363829016837
0.12878566966943264
1.807485552012428
-4.127836693711425
2.0058054141249197
