7.558824072441022
-3.043933229701138
2.8058680732130297
-1.704360825620073
-1.2571173119015118
-1.0207046371856168
7.716120014903821
0.22594303779471464
-1.338255586429707
3.029605104173842
-1.3014038989049364
4.0641721480133315
0.008185839231210022
3.537193623735929
-3.559157048259295
-0.2080250522933298
-5.155582106993319
-2.5275248635187784
2.634897784672535
0.03548053889987639
7.559017009360057
0.9002994854048172
0.12310405192359722
-0.8885956857441051
3.103822109297097
2.853788437106477
-1.9176617915734453
-2.5045244782566525
-1.945397141359426
-4.335293513671986
4.772790561694593
-1.1647685620830535
11.437012099630214
0.13081487813134574
-0.08387957965392363
-2.7328552979938756
-0.38988701192135866
3.2309435259895913
3.4547120058004297
-5.1085605438656145
-1.5379863331209154
1.3123814945990178
1.8989660848550054
0.7591730473497595
0.6401934395689581
-2.137624551970295
-1.4909185718276479
7.794314867431265
-5.332543793667241
8.147742420284363
-0.17357257574909687
3.850263611529501
-3.532147572498559
3.242655481623747
4.100434638328306
-2.273208633948701
-0.25136657078140323
-1.9160498742944183
0.954626928373395
1.0348496157604505
4.515517471473844
1.7244062946763998
-4.334252734434892
-4.456501251755654
-0.7464600462721749
-1.6005826227997333
-2.8120000203636977
-2.3417703016801728
13.729885440253344
7.575346999053775
6.8580210747800034
3.0486325147858926
-7.6508429548505426
-0.014861830823719606
11.636438817712548
-1.9627771138372236
3.1862658567848783
-3.898502684874508
2.35725725209625
8.698557208920205
-0.7553239782837542
9.998209357831103
-0.2734623328413586
-4.513083097510892
1.7861362117728221
-2.5473602988384734
8.260402223856751
-6.64184002967365
1.7812065560275079
3.393899059374462
-0.004350260053287965
0.09081424329681834
4.578558854335413
5.8819766633359505
3.0471416274303396
-1.7055598772215663
1.7160655982505042
-1.4697916763117742
-0.7936278143102052
3.6789500999286036
