1.6927826815605371
-5.025638092127424
2.8548129673626095
2.472982890705665
6.010907045292047
1.0147747634202506
6.801365801199253
-0.5431505951084953
10.213354620841084
1.7171130383987565
3.926574736984497
-0.15662209190293996
1.4291103772697187
2.310559262551502
0.1416303995276464
-0.1324240287899372
5.124321977986621
-1.7370885560477625
4.812124480821848
0.2330304493687698
-0.15895006177311163
-0.40947023678773153
5.931682885064893
-3.9783104342481663
1.304733553007954
-0.8461214437276896
7.7868602667003595
-0.2647083295883982
0.4094584422548442
4.6372222924602
-2.497993337284191
6.303865589799015
3.919887231933436
3.6550401571017535
9.316747658324662
8.307401348093357
8.144841501417844
0.4935781506894681
3.132241703107569
1.8449054276439936
-3.9580750956191384
0.39088137693937575
1.1930526096893272
-1.7497014067550476
0.44236902486934526
0.7825114345288932
-0.23283815337527106
3.4552600451115723
0.9640890340775006
3.735445562141246
5.101562091521482
-5.080213730738984
2.581650958254615
2.686302936857111
-2.37521554404505
3.6256644976446855
-3.3498610267322957
0.37236095516501316
0.16203199767062515
4.87977911155803
5.144550355111212
0.4296289930815824
7.25050404660772
1.2136795759725005
-6.38029179860537
-0.6307611013697325
-3.8938239619026094
6.890952904136424
6.589283257749843
5.757991888357307
-6.084533246287002
4.719838522399046
-0.9664186807165427
-5.10472869614943
-4.549692870357598
2.664391797831027
0.8826145114219506
3.4194188924647864
3.1934951723481158
0.14027664347735896
4.359103710183868
2.4619958370950035
3.776777340267615
-3.559683978339273
0.5626350933548396
1.7655142400507826
-1.3551657079023633
5.012826591409057
0.6589703239900915
0.4057550204821687
-2.0238953351673574
3.658184004824165
-0.0993180106793046
-4.112800614945187
6.93189282393357
0.3560317729320284
-2.6217679427583906
-5.5008166296617445
4.138888139889172
7.84644277539607
