-5.537529202397134
-5.961904501152651
-3.5438251061545856
-2.2595293403377354
3.25807151329405
8.614504811101959
-3.872350755855998
-0.2307197355125758
0.8351709951336662
-1.8932568530962626
2.601978710575729
-3.977587152592033
0.6178399790526736
-1.477615390572124
-1.162012448925339
7.930057538763712
-1.5063823946074386
1.836950153756423
2.958245901999388
4.486570285106448
4.0385416402242535
-1.690605035875379
-1.6991064687032704
-2.278439114511538
-0.4519017423077041
-2.7809157748289888
11.066632952971617
0.4964902935175397
0.2857712241532703
2.056755828912962
-0.9512025516506553
-2.3781791641005556
1.2745084370746518
-1.0116734935110239
-5.182559979278551
-2.023899542763036
-0.9207328494108307
0.964775353014243
-1.892493847193587
7.97632355301647
0.06491617546413017
-0.7704906814518037
6.321009110813737
5.561393219300899
2.389169962477475
5.573396587089321
3.223972747494327
-2.2179633018516265
1.3959410787076334
-2.573134706941604
-2.7372386559668485
3.0942860283743125
-1.2364968674350296
1.372612554804836
4.424187956792563
1.1679879593990812
2.1588557062016247
-2.421346135854763
8.810347695819146
-2.4089809647870597
3.7766609849121036
0.6578941127433268
3.1425600416203565
11.930091505079492
-4.055240656693895
-3.522400881437985
-1.378434126794437
0.608083182431991
0.06587484663293142
-4.057615624327863
-4.160682238007472
9.70984901509986
0.9095507924245729
8.755180656616268
-1.1048253987715104
7.0685954591102975
10.093097506024291
3.9829242478886577
-0.5802133542498231
2.6323195350062503
2.703570122094111
-2.9740642255238443
-1.4137705192873815
0.9526786398810807
3.2290789086507243
-0.2684865708373757
3.698147000323835
0.2780040466491993
0.7625599939599086
2.0996604305795237
-0.4852411909932263
2.2835282478500565
0.10716510413827463
1.6532700041944024
2.5174752735615007
3.131380808495067
7.544820956107065
3.040746560369671
0.6285552838959477
0.8914579338411708
