1.205505385020639
-0.1911200500569181
-5.432710803424829
-3.9144614887682216
4.268439462658744
-3.6174050136161116
-1.0690118441968781
-2.1667969064501404
3.186946849757711
-0.8416736111414305
3.2489882000633337
3.5928959471147275
-2.668281669353247
15.283420568469722
-0.5179919588668856
-1.3012477335165382
-3.2067724005152716
-0.0258150115877182
-0.9549879843539826
-0.3202530667281859
9.407553561407166
-1.6437610081259553
3.1734747870652553
3.039733267383255
1.2068219484645923
7.0285731955135144
3.0136096891348805
0.9222677261682359
-2.5301266636542863
0.9044792761054522
-0.23659300126718105
2.180035237782839
5.799404632373483
10.32105822650323
2.9786668851791758
4.332617709372047
-0.2209190263817295
1.308395178285223
-0.07631226267503982
7.874908629796611
14.524936956452835
5.362094763203092
-5.27666858574985
2.3922958544313175
1.2352099763992792
13.544119373809137
-2.8160317648833377
-3.811711623704359
-3.4770062284955534
-4.454188781547656
8.395197526761432
-5.0626355775273595
5.501010253692236
-1.2860401102432926
3.141593046978878
3.247383771184875
10.17418309687115
-3.641389313740764
-0.33115596644960177
-3.104663635073413
-2.648815267577012
8.5216966432789
-0.3631948481654487
-1.015086208018662
5.662349910716993
-3.6767772444359417
-1.6065504199785525
2.682543584299523
0.04151571660591949
-4.006824030121061
-6.215113825576848
-1.441260564904478
5.284815046820763
-0.5580515243782953
2.2226588116186434
1.4532513990721847
-0.30849994297362426
2.880694693086597
-6.690322924980428
-1.8402177348848592
-2.293388415763016
4.231164395491579
11.031711367216275
-0.375578302050652
0.854537602348244
3.674489554390191
0.4404004774003063
0.9805599330874784
-1.3981492121722838
0.5060612569857015
4.48938106723671
1.4301350060097398
4.357186367572311
0.4140215050466214
0.933199180325758
3.0631137768794283
0.7070877435453891
3.461325162471162
-0.4085910818954329
-2.4854873358400726
