-4.421038415292154
-1.4267400007758129
6.219847513806008
-0.860066026899428
4.700657247944616
4.751262783983424
-2.030272579052708
2.6731807474990625
1.7340873450069463
6.147080979350198
-2.569152730825304
-5.6080513547508914
1.1062713412699359
1.7391642130963127
0.8365265196346311
0.17902869557739032
-7.246542325086462
5.146447202755541
2.8080840641632823
4.669389938860711
5.090384530853015
3.3237102778274044
6.8179498839385975
-0.2431470046197105
0.0784234589041405
0.5265688615616114
4.626450874256646
-5.223631981264199
6.2797484384578555
-1.7754834724942137
0.4990245911856368
-2.3295744568837122
-3.4360883476865673
-0.977258420714326
-0.7678798036728317
3.43377697425085
4.432093367174855
-0.6415668685239515
-2.7598678594483443
4.623400948860296
12.821969254264413
-1.0652004504074861
-3.224759804745471
9.104961527618858
-1.2897417909631521
5.470294353245902
1.3955570314217636
6.552306113152664
1.6875536680876007
4.657853095799263
-2.950711586656707
-6.435021485187363
0.20957418416059875
5.952360180479786
0.024942953717759862
7.352106800226887
5.937612490484433
4.860032674753729
4.736587486856251
-0.25622836080091926
-2.901575074345389
-0.875816993838636
-4.983214681985853
-2.9572274599732413
-1.9665702734324508
0.6902468486475299
-4.831377998227117
-2.2519563373390996
0.13106071342213907
2.5332193522316935
5.964534704308035
-2.853678491422926
-1.0652677488652125
9.692169018869203
16.023618874364498
-4.527422057711286
15.375939909090317
-0.16113498827357767
-4.2637586482086185
6.961334239943465
5.393115265976551
4.968195667466137
11.18042283244212
4.015536201923545
-1.0237873073950596
-2.383719245486895
-6.559545611233977
15.07636536279715
-2.5351992103445014
0.2649447175604854
-0.9213223908533108
14.060478437978796
0.7617214112560196
-0.6543563095798771
-0.5767997545093556
-2.8387823375429337
6.185736227329112
-0.9403994203500714
6.51539250611504
3.7894231011415442
