3.468346909322927
4.849896097106991
3.5640904874142665
2.6830505891885843
-3.1956300705117773
3.01740125087845
8.210746552416346
-3.6924447724417035
1.6824287986831161
2.3313206247645906
-1.9688266831150387
-4.805737098186706
2.4230430352232637
0.6463817608694568
1.5340745834580611
0.13385741340272006
1.7970768309376473
3.802592856552561
3.073168114611123
5.306100585169482
-1.9507010714803155
0.316870281099668
-2.7169056291786022
-0.2622278789778676
0.2806237294684286
-2.2104342286027823
6.068633514253361
-1.318914132530654
0.6386768405748044
0.7842223821264348
-4.887563975949187
-2.8156887746762607
0.033123076110084554
-2.3619112221943612
6.145738572863662
3.670536805893653
-2.150035004238987
-2.979741316632581
4.551000628337429
1.3311866097575187
-1.6653636588943233
3.921489959467938
-1.0134760820090425
11.09244164369559
1.880505057367163
2.440053191920306
7.4148227220591725
2.563718392179305
0.8335341941697589
-1.999353287348556
3.020414549058299
12.602517231442201
-0.6478260416886559
2.956426040863959
3.7793035211684955
-1.9334585181837278
-2.0157386380846694
4.725935372912424
-1.3766990843909812
0.7218498272987561
9.441481549866538
-0.8250947749812472
-0.9151849463273191
8.600482156065674
-2.3929123764712052
5.811786426800577
-1.2074053708804189
0.14138455118855003
0.5591512023277685
-3.1920624414001075
3.1908813443572965
3.512286172018693
-4.10106695588134
-4.85238963658558
-0.31296875091531395
1.4378031741905861
-3.798844485565702
7.370828836043502
5.479939579958888
2.154465894661484
1.659947249713205
3.2533676788638806
6.637594448712511
1.4568295100041149
-2.0937810539807264
-4.54538835752189
1.9649067081031617
-2.285296524644645
2.3299516818282777
9.37868845206604
1.4362670560267594
-3.483918638949257
4.968574187451856
3.18267709733267
2.064221100351147
6.474349052101857
4.237845034016725
-2.7551004929971388
5.61089900038467
-0.25715353876521807
