4.229215415816973
-1.063942515842729
3.981447260987738
-1.8006697356454948
5.816272582800362
3.208890774768353
-2.5593544636954006
0.33058061206723316
0.6912836442391642
5.094038548861155
-2.4707776625259497
1.3876265227426683
2.828676993958675
1.2052835329932876
-0.11838632195499421
3.5977473063964935
2.5684541986154574
-4.223567660504261
19.41243719925979
4.961866532635435
-0.3124761330377905
5.217592641512319
-2.1960167700193
-0.9082296488950533
2.0848641714836575
2.713618758149198
-3.713292298810834
3.5167197855937427
9.04915930065834
-0.18627769396192323
9.233482406056023
1.0932695087785422
4.352538371033844
-4.037898665380049
-1.9941581606082615
-2.6301349279158366
-4.359121574832496
12.951991925390402
1.7401926417059708
3.6691641065324707
4.409018381413389
-1.9196436999638986
-1.6100686090718237
-3.3154903532378546
1.4042103291331944
0.08221291499348951
-1.7812479546045705
-4.268207719338574
2.120680087767875
1.7589132040164879
2.934011176675852
0.10452691536410727
-0.13785192946183
-3.4571173654159297
2.3292024401784195
3.294440612755336
-3.5587512785607327
-3.690996260119977
3.8258576906586867
-0.24095464958426596
4.1714895086678325
-2.5964007047616064
6.565243540930352
-3.060633616538304
0.6228685902329617
-2.107723783290403
4.057813684099953
0.7339895676315309
-0.04529214091000692
5.9596749650015495
-0.012661151189925932
5.04923030649585
6.884992586039587
4.840194693802277
-4.2320160889501555
-2.1999334034725475
-1.8853047580439113
-8.822643216508688
-1.235628646329383
-1.2313014655325318
-0.8584759255189098
-1.2463049575627099
3.529587960092128
-7.6048799395290185
1.252243229485337
0.6845820527826582
-1.8994323019650028
-2.5445714283512015
1.080779035257653
0.2666239308191138
-1.511109596713828
2.751775325075828
0.48795581104853303
-1.2382605930933592
-3.887478400630447
-3.3973746441684725
-0.11686131775112037
2.9200874349409305
1.6691612481749845
1.9696053856079976
