5.500511868878498
4.772623462713212
-1.3954388881657982
2.980983467695677
1.3154803643944786
9.632642495534673
4.401437982025268
5.440546788042665
-3.0053541632241103
-0.6781936260774976
1.4799230583172482
1.2729760052511314
-0.7629612733303306
1.2317880272084198
0.8945426153537066
-1.2981675760153188
3.0104851324932667
-2.219746106214953
-3.2508327590007258
0.8936201351114996
-2.7421587858233947
4.68242144589013
11.621781457651192
-0.5515375058266472
3.6252618908075913
2.6131840564330866
3.040884833416367
-0.039781180478943745
6.246504620945091
0.5693403798077233
5.1252284275122655
2.1167287559528
6.958590304617409
1.8588065953340753
12.568054453929896
-0.233156816873121
7.04409536929019
4.223528648171511
5.409294397101913
2.93107608480297
1.0192390366712025
2.2120117027725694
12.409857426496256
-4.040831017889323
-3.8321746671394683
-2.605778638096203
-1.5473322480136962
1.3222203448478504
-1.5386077170495025
-3.3070158252452537
-0.32304604072529575
0.00040922726163559564
-0.5051340887024587
-3.5958120678255767
3.6898434618969995
0.34503565109165063
1.47827217819291
-2.0390514276880487
1.575891227250592
-2.087461226212161
0.9930084563326345
14.781314097654008
3.2663021957681893
-2.3306920082446907
-2.189149722971709
-3.310940052159811
-0.8926092907852019
1.6568269402955362
2.0325738433027896
0.5339894442876685
0.21820807109189017
-1.712931855088594
-4.8832578351007605
1.5947093681286044
6.068452992681207
-5.626782977460993
-0.18197169918485806
-3.1148067182978485
9.014313088433203
2.0895926919559953
2.4457732123281195
-1.4059941748407692
-2.398567406802491
8.800132308460585
5.366673070933279
1.6059616429742687
-1.2571645097260582
-3.4786444908698257
-2.8025188162577397
-3.3092477760101984
-2.5082614701034407
5.204595346136498
1.5730037450237968
-0.3053596771474716
3.461308437327854
5.933986485000649
3.3709790350294075
4.4002144857206975
1.256831482925708
-0.8568854793965801
