1.6651589029026774
7.87467844415878
-1.3869309254786033
-2.3643290831052193
-1.555224970433906
0.5518697025836478
-2.0562642244017653
4.413277549612457
-2.74137408742715
-0.026121569868991924
3.8510433962394606
8.23724231143958
-3.199044555568636
2.188843512286652
-2.0828052974824884
9.019443113350334
4.579442776011745
5.6591457636759985
3.012626429129976
0.6036179144265982
0.7353786730309818
2.3491654575153675
-1.4093093154725984
-4.127175397432092
-2.153154499121953
3.202277173541292
2.695508463397069
-1.5130715732266513
-4.75072765835754
-2.5215695766150232
0.798297505988882
-4.446462840553953
0.7966312781915175
-1.3703900292787563
-2.4294593382701404
-0.8184419767677116
-4.253942779283648
3.185596461281489
7.573508535261705
-6.7566934018328695
3.248256294203519
-1.4297262823486998
8.942013076430532
0.6775048579578968
2.4685503810822813
4.635756683842498
4.906043059757057
-2.8758331097105403
2.5072869102932636
8.874634772227097
-4.427342397962726
9.8781761826904
2.2370627919781993
-1.7345467568883193
-1.290531339234682
-0.8444668114650269
2.04172350518687
-2.9206939837412467
5.396725377137605
-1.9272058003892492
3.0144504183810223
-1.635150717429461
0.09940557051967885
3.610852543187022
-3.2153687282625034
1.4991259852570358
-0.39418321342290785
-0.9385373056399116
-2.6579125446766003
-1.1321807804857698
-0.020762168328734214
1.558387158994662
3.0104044165628006
-3.587804409259828
-3.296063766697587
2.2306786209574563
0.7750049529699521
-0.7363273401208901
3.154316350521169
1.282162520700567
9.466608522830553
-0.2330089048722696
-0.7395026790440535
0.9984709752031243
2.433441443940158
2.2729266427164756
4.988851415872831
-2.831901421453172
1.9729490754813197
-2.8270004039175345
-1.4582040164289998
4.13598526462837
-1.0508940872880999
1.7720881399375141
6.6723860780686515
9.151080375240284
10.385374507247118
-4.466462833001285
12.66655569114266
1.2139391241498667
