3.5398809716615744
3.917485732086217
5.011476779589555
-0.45057286165084576
1.2501829128024569
2.3723426331343855
-4.879111992629827
1.0687771179257737
1.1643990002839377
3.809916492011328
5.371864656432783
0.5743070686875354
-3.8227487290055153
-3.93770562885029
3.1890522948849647
0.9768586596243143
3.513821763510574
-0.27920352373968216
3.893505348954556
2.873739423554748
0.4892480489691803
3.6431834961607192
2.65096208260067
0.08880726828934382
-4.988460946900162
3.1767496054567155
15.849888409866232
5.252176770575726
-2.6308176082654504
-3.04174904087946
1.5616376547491873
3.904950814906798
-4.923751687037733
7.686534797605203
2.324675363033844
1.18916996762101
-0.6561019658947582
13.553019911132294
-4.728843963571461
3.8581750665987826
-1.5998851222558614
-1.2012882688754183
1.5331741530441727
-4.012007411356672
-5.472339423732751
-0.08274174569814721
-0.6561390436266064
1.3716887346797884
-0.16038957514692928
-0.4130395078372944
4.413172171534951
7.288678982346254
4.4595640695127035
1.6225549538344541
-0.81257391274755
0.2920782823310305
0.41446866363590307
0.197682559373769
3.113067533693846
-1.7690254953237026
-6.627161645291103
-1.2433528825748517
2.294111185390673
1.7629396600097595
1.5852852731696938
2.306574853002166
-5.992796418562005
-2.0434056256797493
0.815880039178257
-4.2140139255280475
-0.8482905108472374
-0.7809631840796081
8.586449232620135
1.4450887681133855
8.033622200577947
3.526922655840889
3.9281382918051992
-3.17901603183664
4.4845368379715325
-3.7762442843844504
-0.6262910920461973
1.4618269885237447
-0.053425957324283874
-0.8292932092126051
-3.440381380799286
-1.1736585265314314
-4.953640208067789
-4.415151661881442
0.4946976790324891
-6.6430136620922635
-0.13692226999888868
3.381503453683468
4.385141184359028
-0.39285633911841134
3.4847791320181196
3.1008184970894024
-4.286105701984561
-0.5716901143618341
1.8199042360725595
-0.6518282739745813
