0.20550047719890507
1.9788460443297122
4.822692177109102
1.5718472504472207
5.417319023035784
0.4396736992208122
4.723960424733987
2.134448187078648
-0.3526487335363443
-2.1920118058434612
-3.379699495811246
-1.3990533717131393
5.824947734057456
-5.621664427231755
-2.22053623533106
2.4268978049468877
9.220703743494358
6.035834277718208
-2.2000466522834725
2.82487895143521
10.928346340145376
5.8426849383663235
-2.747764567027583
1.796580301234712
-3.235619862257041
-3.515167093367845
-3.772285136786758
-1.8573342296864086
14.476661193418119
6.055135277103578
-2.22274176233263
-0.023065746306138623
5.085674804861802
5.373390770085524
1.1460921097090746
5.218314101539432
-1.3518797167253416
0.16075144648157552
2.7608599316610762
3.1904956547863197
2.063084717414548
5.06621198566738
6.073874655041607
11.173879862089008
-2.1496465358075456
0.6098729750805655
-0.07599432377364769
-1.5945872496484517
-2.313095850659546
-1.47534005405845
-0.6439481183795461
-4.748741431801894
5.529198189682731
2.105717576187107
0.29688710978781235
3.31381802550169
-0.2957727431273172
0.37607194043766123
-3.907650287018148
-2.547795519626063
5.451830456527591
0.8324424168724358
3.5664397090479474
9.759919466043613
5.43307602303008
7.48425763424021
-3.2469085933795157
2.169860935174598
0.27712633019209504
-1.9433033709097995
6.0497460246796315
-0.8363991566892026
6.53424467460262
2.0117188665327115
-3.8057062394761116
-1.593326749245863
-1.717600008537532
2.947154217802213
-3.909550633642673
5.310696768985526
0.3397108971962316
4.945019358234436
4.432493554984968
-1.6280643427044312
-3.541644719741682
3.0832829527994896
2.759463806602418
-0.03511276519821225
1.2984418108713653
3.62665118711472
-0.35367809795008714
-0.5446774186421366
-2.106255294508099
0.3991695493863223
-0.8032244912670701
4.547156648544023
-3.7163938192629224
1.5613925002883722
1.2990181120602728
-1.4455119671946774
