6.057465691523401
-3.7442997724951166
-2.7034335610535134
3.2946776565817366
1.307139053946512
0.052929402200449255
4.754401442805268
1.5407857633481867
5.520078152135315
0.27200226569690367
-2.299635497558148
4.424904701598715
-2.350667952576299
-0.5128592175783405
1.3874680872337892
7.0868005925294355
-1.4825010141609
4.469855740937538
-1.3546628659474638
6.58716667576608
3.6383940192773685
3.396140607387774
-1.2270754928397798
2.231518063589431
-5.776252445214778
-2.4842143743388303
-0.6165435201221123
1.7762062667632974
3.359008751417295
-0.09109853758832341
6.848640514049759
-8.051779481225429
3.4547768085923503
4.02880862540301
0.4245839917114035
-1.1221624263164873
0.298869136715453
3.7419007881659048
4.122423557169627
-0.6001266112734457
6.26786406353901
2.5516286767727077
3.8478512665745828
5.713226819518127
-3.2746682200892994
3.0042572143437822
2.440307979632264
1.2483112614044922
-0.29565799705374174
-2.2072556700685464
2.97662335279031
0.402550436796214
5.75862741669687
2.415211593181128
1.944332900453783
3.4925755109141825
4.392424568824484
-4.802417646993536
-3.2328467848761084
-0.4447336539538638
3.6613190098485084
-3.7905716460136416
-2.4162936287459886
-0.2554572642675008
-2.6869363557538573
2.6899040948794486
-2.3113533938297843
-3.991141898182932
5.564358344420942
2.884141671010357
2.6727519803573223
-0.5507429923017231
0.9456955313654944
4.059305830549188
1.4370384359024901
-4.388198109773733
-3.0370045396812184
-3.0408220630938634
2.5266830785055863
-2.461320920252061
4.596434741855058
1.2594795532229148
3.2144748993685655
4.113534447858528
3.6155070489886354
-1.4247505613651636
0.3142174329009908
3.8436665830627788
0.488423641236257
-3.911985197855235
4.200757252046768
-3.5043602599325085
-3.2855112429529107
0.8663892675035366
2.872631298029652
1.917426661045183
7.19697059729344
4.448320579574673
-2.050218016378628
0.2649279945466051
