-6.5640281411603265
-1.2151306549305618
-0.6786889179878275
6.917352910396324
7.13593125610164
5.828355067067285
-2.119811136283391
-2.9166662653045057
0.4165319436050854
-0.9726815761977183
-3.4047460859314818
-3.113466518728233
-1.566194890258598
6.0582953689279835
3.7235312915129444
-4.201331934056518
2.5828323925703103
10.925248513836603
-2.250126073617054
-1.5264368003919362
1.4437709878626124
1.9545965732824162
-2.449626921966389
7.873482872895509
1.8151159927208729
4.68561241726872
10.381653688903928
0.6022378794924577
8.640532025294775
2.415488668258292
-2.809813589170732
8.862979805562684
-1.7128135070725738
-3.4102511692591673
12.796571185123954
-1.3848180084813886
5.749824279259293
2.4701303158159518
-4.289685450009339
1.1627546615952595
-1.9141449059551907
2.127036043354467
-0.9307579236510843
-0.8619987558323361
-0.38708173586106887
1.143416600031696
3.443906128532487
0.2606338443958107
-0.5001696289686081
-2.1740505264107566
0.23752617905705603
0.015382938288881683
2.6120039982277348
0.060917201324998504
-1.0674753751511892
2.112544672434983
4.04089352852809
2.246636763342703
1.4557684921366072
-1.195165090448581
3.7066185204954634
-1.0211468932653731
3.0194807769184724
4.1236614766264195
-0.11844842002857658
4.099148798295124
2.3355446098556545
1.6351951518595316
7.936052541851369
-0.08309523554930563
0.14357074501496997
8.999870238464785
-2.7363312291064266
-1.5350691113675978
1.7859325463933198
3.300161727411119
-0.6882899389179886
-2.107452388509383
8.312876297888312
7.4463523736807264
-4.983400766282416
5.131993136479305
-0.22812387685603042
-0.5226012996455163
4.945821392541244
-1.2485638437191096
-2.774510673003261
-1.0264832240445954
2.8447331736215453
-4.922473457167069
-0.6902970338829033
-5.156713983431004
-0.7656992119123227
-2.4766999011245705
1.4465369259515772
-1.0671748363610316
2.9109280640796964
5.628542407368802
3.5584626419492746
-1.4376437936587634
