0.7598914082767336
-1.0215931896169634
-7.338765465064414
6.111308149040106
2.028765836804711
-2.8369701112590366
3.7452677752202463
2.1585798864970065
3.379312246486984
3.6270593168724976
5.5520717642170405
7.507693166546282
-2.654512126639431
9.798604326247972
-2.2188692724147145
4.404948803847084
9.489476663931747
9.327451158444777
-4.809287230075462
2.536057418130304
2.993595395794661
-1.9163410824426208
8.828021546251044
-0.8709158696200424
3.2350560351138604
2.10888624180075
0.07042561981952834
-2.086687879190297
15.882642437325554
4.0991630999067885
0.304242898637458
-0.08722697259395994
-4.2805383446007195
0.37519006702368196
0.37872638574966727
-0.7982552486342334
3.806561594049273
-0.7818352115028686
-2.6016674635351067
1.1363567502943888
2.1866695287444378
0.5185975017668802
-1.9674602276363409
-0.4229106027948495
-2.851677345353784
-0.6193218564367955
4.668056959022026
-1.2712536842235433
4.551948411991807
8.746720228761284
1.3488563935164233
2.1186541700908297
-3.7002402393266642
1.0949110880039195
1.674715753819964
3.667256475078444
4.317920237354821
2.1982548950613556
-3.668288869354524
0.4365531594067238
14.706088251562951
1.8986628275828656
2.435458476181252
0.4353029174884227
1.9279451809687993
-1.3131094397485656
3.090201998933648
-1.7783672673883144
9.873611073864645
-3.0137896238850246
3.5549705738907855
-3.1198605700062507
9.800719712564547
-0.9978616261483626
5.328872314809314
-2.2395263605084725
-2.3976972849051776
4.955720564027172
0.36449816458991047
1.7556112300266555
-3.276341373056078
-2.7438418945856453
10.441292547646828
-1.9436559824538377
1.456539292428729
-3.568563427196967
0.5274252735911182
2.6714612023124285
-0.33175070319730293
5.136313170773937
-2.4570907895205782
5.272763575646272
0.03295250419451337
-0.3867712923900478
-1.541364327952798
-0.5239013325577847
-2.1946745147713536
-1.8792746805778446
0.24544100902520122
-1.220884957537514
