8.046171508689389
6.358955994377416
-0.2631376362516863
7.689560818571971
-1.4692504537636437
6.776927423776605
0.8701840113039296
6.053426392806542
-3.9763009567774654
1.4453177184930333
-2.650393575846403
-2.645798663303249
-6.499253993133289
-1.6552131560824561
5.258842815059622
-1.0708451373502546
3.1134476057536737
-3.2890295538456322
0.9276071458451577
1.616170787472066
0.46334347282629523
-1.647473389544012
-0.48892152762312224
-1.0247214853986624
0.9574088486105291
-1.6062567618673367
-2.6465702770607304
1.9557841275920762
-2.272162508940211
-1.1070613474581164
1.96245151954149
9.234416976831598
-4.186086591411971
6.227017794775213
4.780165744107206
3.5723986261253993
7.773010041993442
0.28750507766040123
2.8301884353480853
2.073298511653006
0.2515507818133873
1.361588870148353
-0.20015215032964387
0.4047893207043064
-1.8301763235614028
-1.5658439796175667
-0.46820488504033386
1.230482105375262
3.5946482774144752
3.0300348685993166
-0.6962910168171013
-2.601420135810939
8.517014674829998
-3.898982937215302
6.163650825702669
1.9629831536030222
5.934369581767138
-1.316226709579721
-1.0677273416507953
2.122091662834066
8.11173206312382
-3.62628659794147
3.8808330683462002
2.9428721821393236
-2.2508811578895758
3.1585646741278324
-1.6090763343254784
1.542451026282679
-3.2150725191651905
-5.401254490905215
3.142875162227357
-0.3752095335280615
0.6268598201425218
-3.7544210927191806
-2.4541855222253
8.166028289739817
3.892422803611345
0.4525233144476615
-3.7852517990356915
2.7907576008135258
2.6812240403261587
0.6648959943210584
-0.1364082624648409
4.8253996278076166
3.5524691857574062
-0.81595078549208
-3.1482985947031534
-2.517669390206547
3.4182695206984333
-2.7004086889643975
-1.0143680675318485
3.268666199888666
3.824483019317915
3.315767324930511
-4.345293343080422
-1.7562683127332945
2.2125898708574385
11.094751434321728
4.341185465038401
7.55703888128436
