-5.901091676019192
13.723118841749242
11.516784379657885
0.9315195554180286
2.8665288341365716
-1.3169520981816685
-1.7606524437341387
2.1933982975875206
4.864348515374866
2.436664431285423
0.49982858185764667
10.47627715288
1.7437713109669872
9.69596918688881
0.4483001978050032
5.222956201379385
3.9202552661627186
-4.708939115752163
12.892464949839846
-5.583640606582844
-6.184242340114217
5.527435305265956
-0.7696583882048706
0.7663709230223512
-4.150171787000661
-2.9778853101691567
-2.7080118659820442
-0.630111851583769
0.17334146325484506
4.203196593753194
-1.9239275943680678
0.43175998288523704
10.354437633472674
0.8918333822467608
-1.7681046653641403
-2.820186192628256
1.4316175159689604
-4.288662848839982
-2.1630454824895287
0.10122114006904151
4.194686372561584
-2.7862417109213746
-1.600263561553747
1.7086624170925515
5.379421352695377
1.961267886006044
-0.0783988550211343
0.33288267956693895
0.38969060674576045
2.30084336267619
-5.0911199241867955
0.2280429751201134
1.8361079257314714
-6.491360669404519
-3.693731856301637
1.0377930847349952
-0.7284433265163595
-0.7264875645129745
13.260648413314676
-3.765620895484796
-4.141923883096517
4.464848399976996
0.21030251959712618
-2.206858073908478
2.8540464865019883
4.290350671397895
-0.8193059436528366
-2.4046107692721232
0.6077207403781981
0.7543821495158116
-0.1120812444670727
-0.7646968640550593
2.919908294567843
3.2183290610145106
-1.8758222529980668
7.2462530574352515
5.098704202240896
5.543038235095074
1.2282056564199122
5.820764317215758
5.561421477738439
0.8725975160482593
0.579966194974946
-0.7473034882897929
-7.462281241422335
4.412093812932896
-0.8433746892530967
3.758043919339402
1.7376603189418487
8.315721478612822
2.459760836925117
0.9787203513123239
-6.969880823227134
-1.8776639206897503
0.10949502659490112
-6.282905948332971
2.5309949251442645
0.04018951111536035
-2.7568074510043266
4.260194094444355
