-4.774243976860113
12.248197965372498
7.340279546969823
0.29408229417874754
2.2173739572754063
1.9798926308766422
-1.356966697094978
4.754559664180536
3.5439070568602213
3.1990924829034153
2.092207155728693
-2.7479289643226705
0.2123304011173862
0.4323792627342691
2.6427903767301824
2.1771897260086157
1.0443824626808684
4.623416282439607
1.8927347918405653
-5.953286733731231
4.1456353417939455
-3.79976802663672
7.09976820694588
-0.3813609136919659
0.39799275624419483
2.7964637826796066
3.262349019113684
0.12514015534878176
-2.8576427111329306
-1.8720320512179107
-2.28824681816895
2.3240831972153337
7.078655826273653
-4.70740017605134
-1.7578850714310557
2.1160902916727293
10.967436368960353
0.8046796290399909
-4.9658096492728
3.1381297660937237
4.388942994944716
-0.35740278307883133
-1.3641519435834506
2.2392753457440495
0.3386959001318668
0.4965737246686712
6.357478363552158
3.463661531275333
5.526328182284818
-1.923614989334006
1.0434549718174386
-2.835348408066983
4.1265672944387894
2.7903164967739107
1.0340705516116766
0.3274185097951836
8.450439015431344
1.128573214522424
0.5461147220498743
0.855400161058252
-0.7270632150885048
7.11012714711916
-2.54026872642605
-0.05700520323163802
-4.003838034772801
5.658719506079543
1.8830218674425598
1.9059060101055234
-0.9631957322920102
11.28179757299553
-4.009085658830792
-3.505961364414154
-1.7628470376403051
4.885748245248014
6.036532587071356
0.6877164609104136
-2.9247262424139615
-0.7558978237632196
9.051832054170001
0.21335747175504494
-5.3659923964339145
1.3821180191352274
0.22698951678018933
1.3588305101764502
9.99849804308719
0.5436715054790555
1.0338091287879276
-2.2036614259797926
-2.2155234185553576
8.070918424703233
1.3111512451788456
-1.1533034033256764
0.6391671313289762
8.634541045274053
1.2434386679748428
-3.12756336704979
0.08489553819370166
6.550020912554434
-0.17119990250446307
3.044897716006163
