-2.3719159724359526
1.6403387929001907
0.2498667692056885
-7.1786420760401395
3.3021213397945743
7.109358562658217
9.287690176284734
0.5404482399379202
-0.29932595635445153
-2.766383863332901
4.381612631307821
1.782041022674359
-2.657647466658366
2.488770889564996
-4.609180173778732
9.923508620142577
-2.275599269003947
6.245496568545057
3.2549280908792806
0.7709490147030453
0.5320049379520325
-2.251551255425163
6.07288632247384
-0.09719461367679713
3.5811033642642105
-1.385825591331658
5.57696439402553
-2.7925230142734505
3.4323480846749614
1.7857579656034046
4.385417089597598
5.381398281778857
0.8803259869771685
4.193011284993737
3.528249109704381
-2.0300415636390587
0.04838238936234476
3.7658752715546813
4.141200018046866
-5.649778440156863
-0.17612171204774918
3.2461642202519627
-1.1764001255100651
-5.332858385500937
4.604790982000694
3.2314247848541773
10.730161720451544
0.4314483868740668
0.1533922678323052
1.6019115737528105
0.34560473333299724
-3.560323210622363
-2.6896104129094294
-0.2579360919330729
-2.301668292520895
7.238602618640479
1.4653668795522394
6.017060911701314
4.508833352371234
-2.789847024575987
2.5657955615616714
-0.11448254734398038
-0.8336628180571521
-0.7441861233148638
-0.7000988944699842
1.4357810668758488
4.8505864746084795
1.4945628368768102
5.814921555070127
0.5320779337833592
1.570921299332178
3.2747610306155623
-2.5799473368087282
1.8630382092098994
-8.051001609141856
1.7385802698086164
1.439279332700893
9.767945507707028
-2.3918483027232487
2.8850026611847994
2.962310646077911
-0.8741912559486923
4.663537681956772
4.154864635661364
-6.171675842050689
3.4474583717896357
0.028483301334809523
3.950146814688332
-4.253667860269735
4.708180633059205
-5.995430429746946
6.083614801475513
-1.5057093764020983
2.257421456102309
-1.5405769185634277
1.2843470416877345
1.8708702700635278
2.074485936129365
4.201778276892965
4.261680684631624
