0.621427540480193
4.387717633833159
1.3370631321304975
8.664168986764247
2.4193060638159705
2.485300273163488
-2.229198845782575
9.572841535850793
-2.940857800939141
5.056084337955252
-1.0678680588695857
0.8599034318964878
-1.5869330836375708
-6.930025435668931
-0.4251281130221149
10.675809257298614
3.28660029080323
0.4333274023520881
-1.2469432680797206
-7.078425061470815
12.655991887224422
0.833637883040258
3.1128457572997834
1.8596317381060457
13.352388082844982
1.1181294833989097
4.913672920341116
-4.727830538056047
1.436590932518164
6.444792200345063
6.260667039750734
-5.9168207171826355
3.866680069987968
-0.9578358830794286
2.989321479515442
1.4882987291491692
4.213619661290181
4.84602570112183
4.786560114890395
0.4527356226626413
1.1581583585482622
-1.8233758862320892
5.088210962812077
-5.483959926953612
-1.2165912061010973
3.5601288675004588
0.31945124637787725
1.4179946762226139
4.966071517985977
2.0814042370221975
7.3603034403300445
-0.47093512429338535
4.500455217314439
2.8270577399500665
3.6879422303671765
-6.749845803779424
-1.393952397129194
-3.968348674913868
6.307699274557061
-6.265444686889014
3.9835763565237943
3.2919609218598422
6.11565431081497
-2.859055191565666
1.0728972373701184
-3.0632007874949307
7.866811398150669
0.5402732736554072
3.5439688963538427
2.4156788200409287
6.895116040173477
-0.36358531579450076
5.88796483358016
1.2158089937634668
-1.5918030720978256
-1.5946409996072388
5.17847055948501
2.1083917919738298
-3.1848799808508597
-1.8311364495284566
-2.244836099857674
-0.6175867767464751
3.098861025030345
-2.610087947903478
4.904711863749119
-0.9555366376487731
-2.0225880892076487
-5.532642046204723
1.7268067666728006
3.239813690594713
4.202501237665879
5.140766330217167
4.121373299545982
-5.772884269672233
3.636488470332476
0.7383760146383281
0.9745120868943675
-3.7281031607691615
2.6384062132948745
6.085496470197707
