-1.8447718951925283
6.795500192247827
6.046866630814874
0.48146988875632535
7.666999130258775
-1.6249733477459984
0.1119015794599552
0.913143306783462
-3.228833923253521
-1.6500579713650005
0.7341734871754071
6.8708037693354465
10.943240375778439
-1.9801347024424387
8.333567451926044
0.0496721360721952
-0.20557331592825434
-1.3905228355959969
0.027246974912497335
-1.2060586953370867
0.18295568668861772
0.7025682425468245
2.1762847332679063
-3.614078074203176
1.3334320574650917
4.60456814991898
-0.6213570604310447
-5.471143965003652
-0.7825079809970756
1.787677857299637
2.8051485004032286
9.500558127995456
-1.3813925439902262
1.2476186342701645
1.5862003943219323
-0.9486711827117509
8.545196499695418
5.017603595333416
5.03337289439663
0.3369604140502098
-2.011306426919569
3.8045444914539717
2.9990566600928013
1.426512134054628
1.8203801960296522
5.002333905455819
13.800698347906337
-0.9903634406981007
-1.0025910654787538
-1.6193541514345378
-1.0874859631511455
-0.4059106191744576
5.536267828067879
-1.652693987677619
5.608434387925337
-0.8892415593587574
4.242443187383995
0.06209129625154691
-1.248619480508747
3.395580695030125
0.7630412640688631
2.8002754203642004
-1.9750440115404566
2.8949335136485557
-0.644112415821386
0.6277294200376792
0.4400013577341867
3.9229360483130082
2.4741728670322365
-2.219563663879297
0.9783321409774475
3.470453925089333
0.40159624951168127
-0.6558729284941909
2.4326999683485746
-3.4402732227361486
1.3570260477964244
-3.434133514375173
-2.595383673037345
3.274610222552769
-1.5170164748750912
-4.8520645993798945
0.6211911218885705
10.635854757015649
-1.791621213265422
1.2717730374190142
-3.164140584831775
3.4280194054453217
-2.0694472022387207
-4.849248563332619
2.507950779826337
10.167626540410978
-0.3567963442574031
1.5697521526031997
-3.7907480024709517
-4.072581764820222
4.737463300214289
-1.640210131751676
-5.095702300722344
5.7153832933418265
