1.8729464376668483
9.093525061465423
3.2521097620552455
2.448334046481885
3.210801658315061
2.987968836792155
-1.658913501185304
5.187771137761447
2.1743081058769054
-5.696171672215115
-5.079974058503287
1.5672144543359274
-3.149315736454711
1.3865798122948745
6.2642562314979955
2.517847466814158
7.671429912606515
-3.978052034613317
-1.4707078557784188
0.3015810679358588
3.7461661943907805
-5.682597979984926
8.225855418296538
4.455162653944566
-1.8345504637832373
0.5157454657911593
-2.5228062446814
2.117361618457898
3.702930553035105
-2.9199562323066273
0.6541016970044299
2.9544582257676355
-1.6316509656242844
1.205129541444634
1.9826261432794554
-9.247940614367883
4.051974363444757
-0.8135238823981337
2.292573000018148
7.449915354356285
0.3678196330303638
2.9061144218499124
-3.3085932522062507
2.6623803479309434
10.02423200816644
10.978832566285243
5.048795524244998
-3.7726372552552423
1.281597494226237
-2.4753057566020713
-0.5136413370995349
-2.775686528700194
-4.8949286070842986
-0.9927241636856586
-1.767026521709802
3.4909003720924456
1.3245686477230134
2.2055092964057694
5.056548087892612
12.39751730349747
3.5401509339982304
1.525090096049731
2.216188178497382
11.729947399040022
-5.504403817175264
-0.3363134297816175
1.5529019749857174
7.344499545242961
0.7997655169263687
1.3412579754839546
-0.3938305961714984
6.9429079711763215
-1.151282742510516
9.556138251536233
1.3816886610705807
-3.6739825358954503
4.433693573848098
0.9821303507347775
-0.9876646115221481
-1.5054661477053108
-3.032131601192127
16.410761616530834
0.376610032044199
-4.129842539704892
1.5717469953400682
-1.2225251190114022
-4.382427784587553
11.141820010098899
11.529811611002106
1.5713263184478459
1.6705471793254196
-0.23072441743002814
-3.266608854019106
-1.2897665969631726
-3.8276228016514424
1.2463836136433692
0.5143024203301712
6.3810812044946035
2.0863466886032387
-7.739612117896175
