-2.420725918386583
2.2685184878586053
-1.7243558841516884
-2.1466334083122156
-2.761596325420177
3.6616693740670643
3.8886683652811858
3.9158980615521117
2.575341594489628
9.608193951469763
4.454481414115698
0.02174963903982143
1.179186956836492
-1.9710078195745087
0.8535309073147044
2.864333059308932
-3.5471548393459997
-3.3505364121451877
-2.4715583509903825
-3.895561742961627
5.007467322947958
0.3602232112718696
7.326024386501545
-0.4277141050311488
3.0904959543801525
-2.088230975838389
-0.7841852320004044
10.62234243085896
-6.345082257295341
-2.8965166562123703
1.2562593905301274
10.764251340495006
-1.0107694853227864
-0.8488060187363515
3.4328578100279263
2.023546567508341
-1.2987050617550449
1.6799156207382993
2.4278708688837383
-2.0896989010227123
1.5818382088608973
-2.2570707293885173
-3.2932544644993995
-1.7350622450856952
3.1529664707514615
-2.7500444654214045
0.9957749433422864
8.475117297573385
0.33990105791828856
0.08697572858437921
4.458214080299013
1.043471200455945
-3.247452294301046
11.044848633284776
-6.582880014102426
5.572786397102131
10.329719989473599
0.7620146082478232
-1.7090911120547265
-4.166068643463269
1.6217987539217589
-1.2140904619654997
3.259980267197232
-2.5329110506075003
1.1588821486868017
1.4799777121962054
0.6255440643409556
0.5555001862862995
5.1587911192973674
-0.6218470879459341
0.22124981182330228
-0.9172721481048192
-3.3173880474531074
2.1226398140961047
0.5415436043153596
1.8524466351362765
-4.039418442299055
-0.448112695363591
-3.5618049942624586
10.91176496714133
0.0565851125953345
3.878458515160182
-0.9885925875352131
12.317081613294182
1.0104133773345618
4.319198891727835
1.595929883638785
4.478882618842694
0.2633776693411451
-2.739341165688796
0.8968984124869505
1.271171082220798
10.276256873165304
2.781340314059833
1.520355153391121
-6.188396381748776
4.63253116755449
1.3612107476368835
1.9608408334147431
0.08018508470666763
