-0.8613880082587706
2.428517074051711
-4.1710274314851565
-1.6138103663384604
1.228082991614567
2.876891371252562
-0.8857413612174116
-2.1361753586650756
-0.638322556157135
5.711341721821364
-2.2196963296787633
3.1535775952331777
-1.258578504159651
-0.2738783781411094
0.0013684193707864428
5.603224871003647
0.8378041860292356
3.1598492197945864
2.615544211689358
-4.896524703579164
-2.8965638548100614
2.424920811009808
2.9366086635306567
14.138740573086446
-6.662608044315862
-0.21160765781134572
4.084491906565266
10.028142085340512
-2.4941903708636333
-3.1511728584063774
1.458569187350231
-3.3472390039299027
4.65058742542832
-7.458563596640476
2.926379542175419
-2.004195293282219
-1.8787188256237781
2.8672375077575643
1.0522538651992972
-3.9239382881524323
3.444867724844321
2.571860154849812
9.858724384671477
0.03371871050567368
-1.7423980727021808
7.710210621056092
-0.7123404501776242
0.3557462555412557
-1.4849031773546755
8.337790140125703
2.351619579231571
1.2455993655977948
-1.8448403854292676
-0.19188041188237437
6.41375496256555
-2.658773660840947
0.6167397900772851
-1.1293243312133165
-0.6225871796972469
0.9242776475533034
-2.2510523206227537
2.092321964446217
1.9087591728745499
-1.22922334837677
-1.5391345275912571
1.288025228339295
2.1374493507264005
-6.057085069365161
9.82021504891177
-1.3068832118852591
15.016947840943132
-5.717126174452895
-2.018158548059324
2.3708217078355815
4.672822057539761
8.89523551778753
0.2850951799306026
7.772190067760383
-1.6863319377661339
4.2312635076235985
-0.7948178073552863
-1.885854395517808
-2.189630281764524
3.5411345043776086
0.5095204307409033
-3.35824352445548
-0.10706172923716518
0.22542615570611968
1.3279218705980451
-7.721086461900729
-4.1440544913789585
-0.9229887014949667
-0.30119379992322776
3.7777788892203605
1.1633343940408825
-0.3919208348159574
0.9144829442895329
3.5724847177542287
2.746749805558923
3.358703077730541
