3.665670725024846
-5.221827767849715
-0.43877666446920804
-3.0659714848152575
1.8635941473985012
3.3630528375071878
2.142435103373931
-0.5445000759919351
-2.995614550879237
-2.8404989134501966
-5.273921607888757
-2.510426250116215
-0.0337693064980701
-0.33475591618148104
0.6949939056506229
0.851590849398175
1.024492759534712
-1.1914562877298542
5.971913631858281
-3.85387447579011
-1.8454373907998642
3.405048333107378
3.173122445313047
1.0904862267313946
-1.914871469809594
-1.5999680616778629
10.019001751849574
-4.982484185656198
0.05782345076110222
-2.244196987267687
-1.55810953054692
5.884292262093007
-0.6999669763368584
4.701163826491238
2.8304502298991876
1.5232930827512556
-2.849642307723911
4.0175303180741135
0.9579221925713364
-2.3870043032788515
1.4066935648446615
4.223886528426771
-0.13611154194830122
9.272647723211588
1.008564079363648
-3.280053638465064
0.8038056520591046
1.9625031585494286
2.3210650545031957
6.650675082608965
4.617432811183228
0.48347071230625066
1.8823447781028235
-0.7817413835065583
2.426391620543096
7.153435211278912
0.15710350502111795
-1.4054698421705312
1.5467053837859908
11.040836299589298
4.493959715865433
1.360284555683021
-1.611219855724574
0.35369511649843777
8.333780009356826
5.467400572025061
-2.4675849785088286
-1.0008805848567006
-0.8826010988393873
4.664016581638085
2.579134548629794
4.5150777720332735
1.5972089045068298
0.4346549379801694
10.091921180508457
-2.770663625941734
-1.7995081777659516
-0.16673050253024646
-1.4274975433389958
5.184655574356414
3.182403135470699
6.9136059406804735
2.457534744560615
-2.9061441175854235
-1.3516041264090002
-0.7516943656643931
-4.471010278659145
-1.2700586053861482
0.2102092546660369
1.7996146762276917
0.7179409604950144
3.4245158807836864
-3.054456322898017
-2.4099061087142886
2.2298712847987416
1.9316669661186154
3.2334479737273085
-2.76722563871661
-4.309975566613343
3.561681084303406
