2.496057805840266
-2.1743546376399916
3.581267703130021
5.3846853498880645
-4.301616346080778
1.519535788700872
2.3559842334171752
-0.12313598168516028
0.8927324950724864
2.355610464397752
8.761771704853203
2.067027527620356
-0.7924487877227069
-1.771774350945293
-0.015336410120577768
2.248885485851167
-0.45924019034143204
-0.2605992998179133
-2.31019453707852
3.492051262281419
5.714271583428163
0.3454482068754373
6.144276139180367
-2.165677317265316
-2.645591187513058
-2.281150004300861
-2.9639420442690665
-0.7311730050050769
-0.7307728226259496
-0.8616752231356333
-3.972546802724171
2.5173435311032324
7.806527151395574
1.8425583949882127
-0.1224178330017546
3.569646851721117
-4.492608252170521
3.266111665733267
4.291605270973497
2.7267148025172854
2.307823513482112
-1.6692105730599995
-1.2296952670733496
-0.9841731907773443
4.841740974126135
-2.341865397420008
-1.4401412597566126
1.176786776013351
5.141446779552425
0.2992263851515222
-10.113347517724709
0.23234870630603452
0.5715992090587629
-0.6348641249874849
-1.6488288222047365
-2.2213711255484236
-2.2515186521037838
-1.0128686434274234
-4.69044930832173
-0.49625472497891876
-3.6680437419881766
4.00987891290524
-4.586509491604617
1.9159347835099032
4.472874006209709
-2.4603436961909573
-2.323864315536003
-1.4244337379849772
-5.246737974648807
-0.8914076281978528
-5.5923332245200585
2.8046950758268787
-3.5301549988017475
4.059094310902904
0.3264844134251948
-0.21578655350585849
-4.043658314378389
2.9464994019409003
5.435062196230247
-1.3132775397604206
3.75179286885938
-1.4476012547592942
3.2056125564347537
-6.536147989812299
1.7299655804813119
-2.479139907451503
5.394941345000918
-2.974619107467581
-1.0658924635326055
2.3757646355507323
-0.31159497806886216
0.6236540075782088
3.048389022820266
-0.6475239784791171
7.5884031089559
-1.3949516939060644
6.3471933843552835
-0.03333156334362598
4.965944255260234
-3.6024680560355167
