-0.600327657416921
9.951540434031747
4.77078015915936
0.4310341658792385
4.586219785828297
-0.45929516454476893
3.650371199918193
4.589953540730899
-1.2996557305151197
2.1415050629825743
-1.2414654977103259
-0.30602436685492596
1.726595933163933
-2.8542241311880234
9.665878632737552
-1.2387752815055566
-3.624731675180243
0.7863277847703656
0.2247155730606919
1.8473248567731209
-5.9829120643298435
-4.551222212730212
-2.0886836727301628
-1.3263679847425947
1.2623294086897854
1.3811199539655208
-6.263830291497934
7.695983551507115
0.37194040591964794
-1.6800017194351082
-3.168840118226653
2.836298616001021
3.3973747108137013
6.934084465419094
2.488241178931138
-5.915253120319207
0.02675222273236477
0.5961708855020944
6.3763234063881935
3.5700748854811772
1.141137185697786
0.7369904117394783
3.1758862339870264
-0.3676965283997693
10.988345642120015
2.6605844028697203
10.911941338794943
0.339362839332479
12.425809676858808
-0.7524467000448946
2.9798732690984773
0.9390177715708159
0.7590317032359372
7.244845997932751
-2.302984772403303
-1.0815057271089121
2.6064750276111086
4.597762981494395
10.609033514185885
-1.3915902959301236
1.3829845569693635
-5.713128473815235
-1.0099507232233584
4.247585906683082
4.860432471754647
-3.780029836504502
-1.815382854200455
0.29266312725334986
0.46246136990963915
5.86256805048786
7.481168082205777
2.9739948894971344
-7.239292434115926
-2.2625946674745583
-1.26008415604731
3.2875234410451006
1.015082233254188
-3.5856815395855777
0.13341147811698695
3.193562211040165
0.6922621633272321
0.5087436292219736
3.5993310003711
-4.909096713098128
-3.5049477430662255
6.753503252735736
1.5251551469191353
3.217371547297971
1.5997534352657383
0.4197711017483016
6.047929384735428
3.610806489548124
-0.3698613381650858
-2.937032899332645
-1.8266680786030052
-0.8638347531934227
0.048764212238846125
-0.3013722485977603
0.5548369620241657
-3.0127605988746655
