-3.5572229994577524
6.697155540349357
-3.0417133178336444
0.8617296956665119
-2.8162333535518917
8.621791306190858
-0.9586546079744105
-2.3135590658390854
-0.5160590399102615
0.2004775663230539
5.382158692190526
-6.54396009120903
-1.4972689106703347
-0.7247672718722711
-1.0487454866204677
-3.2374643275902617
-5.089752854079512
0.27454494690419495
-2.1726063452926563
2.201527242486926
2.9679761918741514
4.637754389592476
-2.3419150509562634
-0.9835730787829956
-1.083141528766186
3.5030325597125307
13.357904857530144
4.381851064433628
-2.1562336549013668
2.2482498400285817
-0.37830583098614345
7.605306012443162
-3.0353099375219017
2.5265232030478018
-5.5974964078304135
-0.8254441505026215
7.3414701876236705
7.5934175269278255
6.395321418110022
-0.02987762838320312
-0.0001991612128085947
0.34348226050901254
2.5647403736253707
-1.4080767464584776
1.3432483553509411
2.3601189725570655
0.1335345737761983
1.7936344408079206
1.9855754939239172
-0.5917447027001014
6.417873525300081
1.868558473763736
-3.7361426681574255
1.849399621789025
2.5600073980152125
2.6495863185334985
0.6852267808514182
5.330289760218289
0.8582528772538616
1.5526105926005116
-3.1067116861388913
5.349153003029328
-0.47582223768145915
-2.034326716817638
1.2116437014404677
-0.164777693367167
-5.038318868053844
3.732866321109793
-4.142551732673235
-1.374799782407207
-7.607489292536657
1.61331274237087
-0.038003069852527174
1.4159864734857763
12.621779487389608
0.38004645396323045
5.597152495069182
-0.6356143282953005
8.216126322368662
-2.9320490009830946
7.408201068574764
-3.255684961932107
0.9335683917271753
1.7975981710820665
-5.49262548077882
1.5680249057688085
0.3912346829622979
-1.0347789246141885
2.3520434261416527
-4.3247625432324766
4.396674433390254
-0.3974306698251002
0.9655903069147678
-2.9734571024533194
1.2008441438301514
-3.4296321341510754
6.811095357026349
0.14101033771986515
-2.9064827642456814
-3.1177578486485613
