2.4673172907963488
13.955920612618748
4.117962551313724
0.8808206055135479
-0.19624506496582014
-1.6880058257186055
-0.8582328631942819
1.4865900895364748
-3.4658374898177886
-3.68364447015631
0.19045926948541125
0.2978661534310348
1.8755389478236981
-4.177134984453197
-0.4019291386429006
-5.450987096357353
-3.77257684089958
1.4823007320404211
8.941275550601242
-0.49663711784063436
-4.312129248076024
-5.793320991126542
-2.7732227062197534
5.290114716649771
1.8850415597755306
0.5516604640763106
1.5722320537514278
10.652433391630563
-2.244112087520679
4.69554415303031
0.6321007144693005
-2.6725534494952576
0.02300297930034876
9.232964569316351
1.765760407858171
4.917274436010864
2.6347981976047405
1.370319914135415
12.04194569312139
-3.066602501351775
-1.2198897568473421
-3.5910295372764742
1.2517661450183835
0.004889814526344134
3.2416194173425263
1.5886584928033374
10.661180170848668
-7.396195895423288
2.789271549813692
2.334381761431413
12.43696902516998
-3.6185041273218967
6.518134975814522
5.87672208297238
-0.0458024394968154
-0.992098404914693
0.9078640882818947
5.834790420802453
5.995689873107677
1.2423490572452949
-4.848575972798929
0.30509276713680045
-0.5474607122442828
4.633923365063978
-2.352710400715629
4.079949702136151
-2.96934217987935
-6.02141402125987
-7.205727847256556
-0.8754234325986905
-1.2429529754785682
3.972530135103016
-0.38661361506210323
0.03259615145506198
0.29305671935540223
1.539726625355504
4.218738070577084
-2.7406923030496007
-0.8654395522881104
1.7820399672098315
2.612882046366611
2.071442113400278
2.636362279878396
-0.08385595388427856
-5.877591264387696
-2.1334212034214572
2.4553016285169877
1.3148818677062688
-0.46712638480737545
0.12062488075850998
1.7790867564668655
-5.921252650896255
-3.939423740115857
3.1134075067998213
-3.398362114258869
-1.1929622179194213
0.7627528289891876
-0.446085944353232
1.877013962847104
-3.72422516981021
