1.9226941379922076
3.98354630449694
0.6939429317703423
-3.0208138331651218
-0.4694927493266973
0.279915745403917
0.933926647526768
4.209837817529255
-1.4595542365259093
4.472940752339125
0.11138639785733118
0.4500493617394049
11.045565367977908
1.7657541094882088
1.597397217127245
2.9008036698872246
0.6810450523222974
6.896115559917444
9.387498962792723
-5.609086792419487
1.7895362487481328
2.0649906223185233
5.844207506693061
5.8513979475065225
1.331776345201728
5.228842143650093
7.786995426379425
2.024232284000244
-0.5799244084315618
2.1657500649632735
12.595737439054517
-1.425896767331026
0.3765090569387811
3.3198678116698415
11.357144079274603
6.806144402706435
2.7229419142818525
11.030145095700176
-2.08391082603796
-1.8603830193119792
-2.7338163833485387
-4.101676551415541
4.886745080302025
4.052801147558563
-1.0442224554709774
4.529714455619128
0.9945558845412987
-0.2110795619011408
-1.4741785966219978
7.848657470179964
9.522377568511345
7.484737031819362
3.1915313294757652
-2.931150298103583
-0.29119011224272257
2.4232106491830687
3.3540885371475886
4.088739324205076
-1.61733236219591
1.7623646376514919
-1.5937805656419635
2.991097694906272
-1.3087572715730313
4.838354774538688
3.9312553184915453
2.3836303477698313
1.4162970695547723
0.0024430235380049846
-3.946011232610764
0.7350556875340573
3.944774100482681
1.1254626472532285
-3.6926600082536365
-3.7299866236715586
-2.5954160145760232
3.724625183978303
-0.3787039175493869
4.360322278123382
0.24919471921915093
-5.715735556104516
-0.11189929070583521
6.063985667622748
-1.6904496211649342
-1.366974463049437
-0.505656534731118
-2.178849258190179
-2.6103407815849335
3.503093777570977
-0.5801777549094798
4.88683119135743
2.5962176557342205
4.327744521822974
-2.1165825841772787
-0.3333356091318863
-4.311236945496331
1.412247054543452
2.04240486442507
1.1609344791584784
0.10649672099545629
0.3688962138918867
