1.0979010354437908
3.8156985381163437
3.5361894697462546
1.8546816487953863
-1.0258092393737308
-2.387771319653403
-1.5360261786694545
1.1698659022916997
-0.45940691923655796
0.32699248434517725
6.456282204827948
-3.5110834570470315
-0.11277035660668358
-1.837809060832541
-4.178934012973873
0.8167954181732444
-0.45239536124949387
0.18691608890360156
1.9831077546093536
2.9531857177392684
8.39618464529036
-0.29714992214160374
-0.3548760525160546
2.378733972536047
-1.7747458395695954
-2.488640901035186
-0.15158485597071567
1.539882723384264
-4.408081000144104
11.594551879765707
2.3671339208987447
10.896162024311586
2.475183383532242
1.9391791600013946
0.5397657876421627
3.747880234411997
-2.1762386448762565
3.258628192536264
-5.010544216283121
11.283464853018181
-2.0203022617473914
6.592584603431
3.702047351421907
-0.1919869287202155
9.032046201959773
-2.0444132434056796
3.8490126283172614
-1.0964530460938227
0.8771901589592972
6.290943601247243
1.8943398177498771
-3.530189647289818
5.165249034002074
-7.23150726732019
0.3920656124119054
-1.5019314187242743
-2.2993851251877
1.1127666069945314
1.554021754245552
-1.829289997224162
-4.11243114037344
4.819076132828814
2.023193583099005
-3.8480843016481527
-0.2097934845275069
0.7836294996481743
-0.8823187808887839
4.884768292841364
-3.6771628591515086
1.1493800005012262
-0.4725997376654292
1.7032649403629172
5.757436953813503
-3.988701056674868
2.1142585514219596
-1.8824941018788954
-1.4256284493704627
-1.8762684519234887
0.6415635453202396
-7.899660886483283
-4.6106745594222405
4.3892707085420675
5.5163236769337605
1.912032495107145
5.811057576866742
1.185030306481292
-0.5608761947498027
1.6177590092453413
4.5548444996927415
2.1024744132536637
1.7058196401710255
-0.9663057838302969
-1.4183861026485323
-1.1918313824872144
3.1652204599078164
4.577367973599234
-3.115472332266452
-3.4838297568805556
5.6045752427273285
-0.09789679042233423
