5.986719507608428
-2.0483090297056443
2.6530875067284576
-0.17911689242850218
5.598968494031589
5.779968691088692
-1.4626398588197562
-0.39712386585384174
5.140178651956061
0.80236246099256
3.773218967972512
-1.5776318074572069
0.27735726486412915
1.329583181829199
5.576872592994887
-0.9792921954898204
-0.7338946220062725
1.0792232684241552
-0.1719085360503316
3.790368174750596
5.225925256200888
12.83854775330018
2.385043887965605
1.0766663961563618
-0.9200341743334287
1.2012480982271787
1.3220440439786585
-0.42956401578177866
7.346891777637509
-6.199547953456007
-4.149111181895818
-0.2198425466454896
-3.932851496241903
5.851507443681241
1.38605445561265
-0.7032078774097562
6.240816773061311
0.022437980194758282
-3.84386724627865
0.6998691142290728
2.1282007154418348
2.395336469031233
-0.8321731507480084
2.8797444411773347
6.496135629626337
0.5299634502937678
11.307823490755705
4.522710439877352
-4.725243204279906
6.124648480325993
-0.0006533342506944784
-3.1724810974454396
10.341149306496911
9.623185087621035
-3.9273707076233615
-1.6109443626300133
-1.741675126697214
2.506817739185158
1.1211462413748847
4.7693184520186325
-4.863642149225814
1.6948225868350015
9.978778434691904
-3.6997364607842194
-0.3574437110620057
1.2109534642037016
-0.2923444334319106
2.5697731612044112
-1.0839819908924768
-4.61251403102155
-4.434345605763467
1.0465372536979176
7.6303012679819275
-1.849588630118162
2.7537271845078344
-1.1165045153303144
8.560168545356643
-3.2996939029292403
-0.556555123999351
4.7440077069082545
-4.377950723340955
5.940833879309124
-2.6255840253605784
-2.9229705709186464
-0.7413770831690178
2.680505535186781
-0.956371493599665
13.209437462197643
2.6103566677023604
2.4680306320505663
-0.9756103576947739
-1.4476566029354574
3.83093277805193
-3.2843918311286093
3.2062040422473945
1.380241766189786
0.3228373997242254
0.7724867620874618
0.06433767285961572
11.675950539617283
