-0.38730603689299603
-2.2269741084534767
-2.937360181919837
-3.598747435804299
-1.5891586259954416
-1.6954283183222962
7.2366212583878635
-0.8240792473340128
-1.3119667379658733
2.5375213413099913
3.378234696399902
2.882591514904194
5.828728629096684
3.6664847955314626
3.8770634054884994
-0.9498614845144566
1.028136946595053
-6.532364737474218
-0.9112850498956967
6.534578210944775
-1.0918771203297752
4.281301782733001
-3.8860982842840617
5.684793132673826
-3.6597680858144095
0.45923323776629266
3.2355108708410922
-0.8538685767235159
2.0236354436376565
1.0239613959401792
-1.268737244784894
-1.7531811025564574
1.2740973037988526
9.40739248826559
-0.6369238765646328
-0.2735262143090014
1.1545138255555116
2.9300114954007297
-2.6978343405021787
0.3897534287013965
5.675814912443341
-2.4909283136235487
7.8545763418724475
3.376605527309331
-2.1189413954872407
2.6552461105346223
-2.671612380961778
0.2613009718745951
0.00688427097906264
5.9049938169523974
3.345339750052884
7.495693393645098
-1.5039762853343275
3.156088769458231
6.213603917269442
2.550660442962628
-4.20954679520969
-2.5735545663152317
-2.8665853824908534
6.390104912821543
11.325148946287532
-0.4199157902494558
7.139292019816098
-0.1966478060003891
4.834410120753484
8.337139294962137
-4.0139259652899115
2.255008369420794
0.03722698191555761
-6.732220066906353
3.8884506514928567
9.50448836893948
1.4406957558752547
-4.783007409781965
-1.0104118132459876
2.4124406400300042
-0.279284268862801
0.21820803093277916
0.8163463038697276
3.6037248069162624
2.516320998515466
-0.28682682015119987
6.5702829732934225
-2.373131757724269
-0.27608128770324736
-2.9346547105874565
-2.4954928881692107
0.8485681603013098
-0.8747787292275798
-1.9851097267331945
4.751426992729595
-1.2436640825421357
3.5606376542808955
-0.7932736950881671
2.4759543523795493
2.3821709165402103
0.37888316190192717
-1.3207585777930384
3.180003873584858
0.2657704768653868
