-2.4093662476362043
16.532626238127715
1.1500502033745947
9.138765612221343
-3.686661164670093
-4.503720247268903
1.6556662133370421
2.4821825634807
0.17709613679436065
0.6151523847336174
2.7267768513182116
3.3188522460280945
-2.452781804100504
-0.4462887287558583
2.7094391358605145
3.018270557595014
7.3090175971981015
1.5797783308985693
8.589293797691615
-1.1273153714130162
-6.424856244999301
2.2651956859073166
5.104341279637935
-0.09298319835173698
2.8557560006905187
-0.44151097681308915
3.089070865908319
-0.4566419767583254
1.0115651014819178
4.195834203811561
4.685769372937001
0.5641933164860193
-0.5659172160801457
4.721424517126768
-2.662661657302701
0.42348485480758963
-3.6786530832846505
5.885617772086708
-1.5010037544286858
2.054643119625426
-1.76693769901457
0.7622413482415177
-1.1006753147760455
9.312134632146952
0.7476893577131252
3.1316701789707064
1.4175705067859303
1.8047877764759082
3.439351561388054
-0.6077948733719007
3.2193538933576287
8.179825939005172
-3.2560751187127064
3.2973864896818714
0.4639676266613395
3.1207021484545594
-3.762000326559024
-0.8861376374650358
0.62602229638921
0.09443332612909044
4.914416657661951
-1.4205604777641427
-4.542580415121771
-2.566017133637207
-2.0393064000966064
1.365871519743271
4.612216804324211
-6.137984967672274
1.7567159929896938
1.4808350663160779
-1.9894395468702677
1.439110232124083
-2.8299197313834354
6.864237739538966
1.0006388023739796
-3.0185822638806115
-0.31496246228165814
9.00581401591863
-1.0109090126745963
4.1865270527214635
-3.5440676938143953
1.2532717177799968
-1.1188590284876003
6.787083775622019
7.406523078510784
-1.5278145521468198
-1.3693381527117203
-0.3309773011237233
8.436867145644628
-6.198310893761899
3.067297468112386
3.365483390259511
0.31398323001502376
-6.002908073939467
4.906177884234211
1.4511223147174654
-2.3234615007195765
7.565797811670751
-2.8814794693245647
0.4769714626399768
