0.4672712425150797
1.2212258656516601
-0.7748192117016217
1.8189036925473947
1.6026579371548135
-4.387345134575786
-5.5855866531487255
3.6263015823452998
5.9624598937140645
2.8641857898353456
-2.8460702363274524
1.4468639753695138
-1.1496927963358454
-1.4721624836501346
3.5016671828403783
0.9430145883266423
4.671943912937785
-3.5646146978625968
2.858370931510237
3.651863129167168
-1.5191155488161123
1.641861283155358
5.558925605978285
10.918127948694943
0.037171972854563556
2.05075338018477
1.8191683181885407
-1.4567761347081345
0.028112608655356145
-5.107809710177755
-4.620719230258794
3.3871656443284004
-1.3836838237895068
-2.5536842129968127
11.984228607326795
5.283654031502247
4.997982122591978
-0.4036479792842443
0.24606529403349103
-0.5845857008994931
1.6783022770691032
4.8591451478891425
4.730896793431126
-1.0372923775422778
-1.6128996493579915
-2.3766351108337496
0.2575072957797942
-3.0168528156560965
2.1485624870791886
6.564293366997156
1.3534424376884162
-1.857469710880724
-0.9646225495202956
5.105276212313731
2.9569120957879904
4.289210788007619
-0.9909014407305021
-0.8587987107095626
-0.3009162429902073
-1.0470944108925182
-1.5837294787623786
-1.3030316182406985
0.6744934468367987
0.143886929352949
2.0467424707613184
1.979382813322104
4.6149986562289715
2.0715348381017673
1.8180580377479276
0.30397695087845233
1.8914529081035205
5.251360614026404
-3.7679326712447403
2.2450020459330062
2.6929679203681443
3.984802900681948
-2.12941053861461
1.8909346427983507
1.8922945956692971
5.129538643365778
2.297996166703309
0.40421643650174777
4.048089989099782
-0.14270681634045762
4.261374795739275
8.209298225016177
5.730738799921525
8.639187111539593
0.8239224282688543
-2.8377167028043075
-3.331018576510183
2.5277981973682118
0.7292101853591821
4.140887976378762
4.448770459235788
-3.8167324872183914
1.9514602856785643
0.9748428670326112
5.8038979286428845
6.497090190281545
