6.750577406955153
-2.600265904946766
-0.14186644583170205
4.837565556976477
4.198850801795144
-2.95148090898036
-0.7753684929454775
4.890246753858007
4.697269480545508
4.142960823110778
7.628610851614878
1.4998980914463034
0.04936498661868405
0.47647722909806095
3.669447151255235
3.126982585658231
2.0227709363594624
-1.8318132233906064
4.480107391678957
1.054922921333331
8.966722142287127
7.8199769697285655
2.799238002346139
-2.7782794233946104
-1.9493665202626933
1.5798648021988138
-0.4200981820075726
0.24421580917421087
4.15551887946649
-5.979287181144539
-4.7382762523622866
-3.393522410737406
-8.479269383328047
11.165552144480486
2.1137480555997255
2.3461791926557596
2.3920933637036423
-2.9150282825297174
0.7043539561941488
-0.6707018950691381
-0.22692216234200366
7.408499613416812
0.5484235840221374
-8.159451085853904
6.608188959185093
3.0884907263537413
-2.3199009413128557
1.6036541036645913
-0.13724013824215758
-1.7088454383704985
5.3338690495598104
1.724588226312034
4.413476167235933
-2.213815080266776
1.9304294756305205
5.20341163459648
5.40754614214091
9.258450004124448
2.633837915025171
3.0477602485049413
1.507962481579652
1.2245451168320898
0.9175598025860476
-3.418461617289056
3.639733411965051
11.157667771924958
5.561041785787129
5.459075827186722
8.828526566919265
-3.416225623147265
-2.7778705125923966
1.7347924155943568
7.9833792472942315
-2.5329249463189405
1.1307285249970624
3.879111144464704
-1.1976500637858831
1.1783315356500084
-2.6259604401315864
8.824204891503818
0.2692393495111278
0.2512566133384261
0.9401265064732605
0.6632736856599329
2.6700297891510307
2.559179005503859
5.815941539525738
3.713385153739756
0.9146321483701382
0.6534914312500706
-1.2039134594253107
-1.2386450486535008
3.995419525897045
6.866837068235933
-3.2225399155368266
-0.478478228993921
2.4126930847461625
0.4726589961442774
0.017952016895325783
-0.4495337158922714
