0.7102702641173972
1.1223045593265526
-3.216143278203411
2.066162243567768
-0.2615859974817524
-2.2277146667804635
6.374843758224149
8.736900148518014
2.432169152997661
9.452371013236027
10.150307706680417
3.59441556922324
-1.083822616184022
2.263871556518264
1.8023936389606594
-3.7626283673806618
-6.146870250027854
-4.291994310908732
0.9456351385189552
5.8966359575028235
10.639949455466372
0.665651938306209
6.187321603479886
1.6292043266029452
-3.488288237850751
3.0481876246123245
2.2707768985850265
-4.306845418695769
2.7831674304436707
-4.12850988112667
-4.20020884855851
-3.2605052178754965
1.153862892607998
6.629805749570091
-1.3317494498099063
2.356095703452315
-1.3683003319563145
4.114453064711076
1.4263738890780215
2.2467769023848567
1.1696532790388396
10.859202205229671
-0.9239629733819719
-0.5185414042119427
3.6692193382336886
-5.004996007646196
0.739353539334211
1.0189526072332051
-1.9315836231077017
1.4908346020045502
3.704010667156386
0.5872985084687903
-2.8756466584579687
5.832161165673727
1.5991186845810914
-3.188733386653816
4.11434324030216
-0.8443457926511675
-2.0300130462360126
6.990685854181067
-3.5580550462482075
3.5722273253694454
0.2752606572601406
-0.35717658618794973
3.724662761840701
0.07380500865522627
1.35094903781482
0.17203909641756812
-6.001291677249249
0.1334344725660021
0.33195679980652615
-0.7032840939171776
1.295696802350197
-5.353572242405422
9.037426089527814
-2.3135276013231327
3.087329853350357
0.7791791282412108
-2.0503212790760452
-0.520471462797587
3.9636243661343302
-5.212583868119342
1.0165101626556923
-1.6199805694001852
-1.7323365223014429
1.3624776993914383
-2.3070548686609733
-7.727080881934352
4.425831861944424
-3.4858132252996716
-4.901555356408539
6.176290029165285
-0.7847009409196797
-3.6565023627430673
-2.680334339249054
-1.70777283031237
2.1322532213784084
-3.8549780351040543
4.816252730503225
-0.3512168586486681
