11.155003880643703
-2.6267812034381057
-1.010416713013186
6.079482892256094
-5.432280040679543
-1.9067562928560227
-4.525372073887782
0.34787269780904445
2.8962676216122287
3.477522010418865
2.67834734664791
0.48263942939388954
3.253480307682425
-0.06397462749427804
2.4536245677712225
-2.851215801388693
-1.5587351580769073
1.7150613005031534
1.029206114072408
0.24885146786769913
4.175131390046758
12.391778995375764
4.401018834331101
-0.7463635702421456
-3.921666446872212
2.285485855629907
10.037917263322246
0.2566921082956591
-0.9544867278531464
2.277610207306097
-1.1463882322378425
1.6851219363602201
2.8753173037464346
3.2985617962530887
-2.6781727007019454
0.7494849074552452
10.985296709124352
0.18295895001250084
6.005545545222406
3.2894462446406614
-3.215020449076342
2.8318174876184115
1.3200693470910252
0.8976516250898772
0.995642539134737
2.7921103016579067
-1.3173167197642597
-0.890093395312473
6.5943309618506145
6.295682991344774
-2.9927598626217775
-7.086941898768519
-2.041042173333885
1.524242592477974
-3.2758290890397985
-3.5244659419710294
-0.0615791243447287
-0.7729810887457299
0.6485082742376412
-2.725185201856448
2.7645488030864946
1.1482146813116005
2.9154911551780343
-1.1877144057096256
-0.8341582010809684
-4.342177039136322
-1.0313272654141574
2.0974990082522735
0.5094297568859706
-0.9185362945650661
5.754515862314003
2.626961288971672
6.0103200014324925
-2.0802474744496706
2.0625795836957597
4.062530614868262
-1.602037749337149
0.8993959985413034
6.374336866598094
-3.473173711779471
4.503764960126321
0.1650872732357288
1.327791211083288
2.428989897625566
-2.489618525884352
-1.4796211100470344
4.594454501415431
0.9034466026618451
1.5732064396518963
0.9498033573591622
2.129820053796732
4.210462033481586
3.9116292258432663
0.7902089265749039
0.22490426255743046
-1.08428076979751
0.6674660270725294
1.926719392574003
13.536762677334286
-3.413100725918981
