0.38379730462202455
-2.270977760292468
3.747978327524782
2.6681173275721877
-5.4978275358834185
6.458990744723949
3.3871468090522523
11.02091310031722
1.0133249160381932
-4.857123338947013
7.393440626722423
-2.1382950405577263
-3.576078687171382
-4.4055858962085095
3.4790114653164226
4.157309096672169
-0.10505314024501267
-0.5486975050368106
3.924918614857057
2.987249043689035
2.683373479651043
1.5502634380634468
5.265242118359995
5.555557424759428
13.177577028362915
6.222434519745944
0.8312341117140845
-6.739364439073383
-1.6176908428826628
0.08096452825740383
-2.0825023821688835
-0.9166076017666731
2.8838936170920637
-2.3223569754728994
3.6253482766568226
-0.9233121955185309
-0.9877402747626924
0.42736352162210806
5.260499595456628
3.9835691895664684
-4.546678659096654
-4.206661172727278
-0.3204589518876221
0.3402010498552501
4.889564799228337
-4.627260258607517
0.1626747987226911
-3.365444944087592
2.77350450564488
-4.873771641583238
-1.1530062404165649
-1.4273800860415076
3.8525492091405527
-0.4796701312113595
-2.9270116627689107
2.549291436841949
-0.7314212034554364
-0.997288917488777
-5.793703445099587
-0.1988321165662633
6.176478812672844
-2.180269963361607
0.25553198811732475
4.45757101722209
2.692928270918699
3.409976675893586
4.0870883764105415
-0.7717065468657147
8.404804469808873
-0.8023153497116083
3.6311167505535416
2.03859827623885
1.2924494277329446
1.3598089437944827
-1.0190444655520325
0.04582088400222281
6.210591303332275
-1.4535602071487508
3.8269484771097386
14.58375123090403
-8.551392876464567
-2.018394116735904
1.1415396083150005
-1.3277716537911544
-6.194117172513883
-2.7034276123939134
-2.0048756885621364
-1.7319307513960944
2.6345738755581865
-6.336095771184602
9.8109438069127
0.27911584157895564
1.0654780605512102
-3.8012199518294025
6.768808387384881
-1.4406498836535266
2.6810885889848746
1.5814540918745938
-2.1557934585193035
1.451721241039528
