-4.368006593254815
0.9237913391978276
-4.061013399636332
1.080339442521351
0.34499546469848935
8.767595416936903
-1.1443275062329645
-1.8245375292742532
0.5461775067645824
1.8587852542089256
-5.850068683145969
1.1195218237759874
0.8395160667915469
7.23844384152166
-4.827257736177829
1.0362820147081766
-5.073774212495052
8.589108510202156
1.0459278342858502
-1.7396442579001987
3.4684848578249325
-3.230301217136608
-0.9191732541320643
-1.2004976667164908
0.3061652737999012
0.8460899911447621
9.466771605015726
2.4915078353710536
-1.8553136587225652
1.7713922515481106
-3.062130965331928
1.5509276133642302
-0.728275095135012
-6.968336402252119
-1.9886095448827388
-3.329510287477325
-2.3932344057517003
7.669307949486361
-2.4516978270609893
-0.41666027378757153
0.060495570376227964
5.408200978640948
5.305890154238307
-1.9428253517355674
-0.5003756375173954
-4.208263392502907
4.492188092509183
5.049471937093022
3.074404314371605
3.36173970495176
-0.850365206736388
8.703966000794985
7.9768349530760085
-2.4644327438448177
6.0774611600886255
5.244374038411197
1.030708953119984
-1.819427129952326
-1.5066521393266123
1.165433633137149
6.944537960451892
-0.6490207288905281
-0.1945276203047761
-1.6539385951485341
-3.77693358307896
0.6067156671504961
-2.8286953252544977
-0.5471271708735643
4.691555487272884
-1.8898419018697106
-2.0142861791059476
6.434397057235661
8.38705629985276
1.820713767391716
-1.6525370764061171
-1.8293722300992254
2.6656878039218297
8.065755458306361
-0.6638872293308007
-1.543345994675481
-1.9302207013229784
1.4800493926693326
-2.5901251140274555
-3.8151045567236164
-5.431977332700238
0.862441578328411
-3.5895714194100017
-0.9510321185924385
1.2728810991547375
6.664505426353719
-1.244878888435037
-2.9203757738145493
0.370100307520748
2.9200861018570317
-0.4194480018465356
3.3412513789722222
-0.056980920318441874
-2.3567629726966883
2.2047930967327978
0.2995258564123381
