0.018424493632140288
-1.752262187342053
0.21809890498729162
-3.657748020404826
-5.875790869843583
7.920484365976149
0.8960201210860401
-0.17132123850965453
-2.2501821252442067
5.37504556427497
1.8427401083809158
-1.7481764374348256
0.20223258131852767
-3.9371272250269866
-2.0216918907548136
0.1826239425419944
2.099109306912677
-5.511853442041454
6.8989745947708885
0.3408759984595702
0.09421257502297091
1.0613374631963
-1.1602006763787953
2.7066790542859667
2.4796889577037424
-4.629196349149805
1.1500150929287423
-0.49220990585799307
2.132996497523783
-0.9767259156820911
-3.5796459213373852
10.935214269834026
-1.638360826617287
3.356571738943649
11.477446222684637
-1.2946349759727986
0.038420758192328326
-2.3891310502628564
-2.084002557417702
2.971004623530514
11.394301975657976
0.953330256187584
-1.0598196038788814
-6.035207752163149
-3.919700336430771
0.5156782677118052
4.584771306475139
3.81909816102487
2.2461910834512375
1.0268936373155186
-2.330160084482192
0.2837699552995948
-2.897645782729421
5.76924610860874
-2.4957480698166226
0.10964100337076053
0.5039585601060075
0.7016476675486862
-2.239484616559557
1.176119451082633
1.1159444815014776
6.867364868796821
5.994229414261676
3.556106580891463
1.043554087926102
6.609974623922856
7.6498185274408295
-5.505339143378417
0.6137240781564524
-3.5348851035429125
2.9129118363870923
-4.45822832834861
4.245647671531173
8.467255358525122
-4.501610113064897
1.5867590885838339
-2.529008505227746
-3.4756255902784234
-4.951418106305051
-0.6040912258876007
4.7918916861844
-2.053033501218299
-3.1169412796422886
0.05725739422251941
-0.40109908709394926
4.216003659783707
-5.31937733443843
0.8223847541029748
1.8557851570691302
1.0428491781386315
-2.633789395193303
14.369369794464959
-1.2879695960774156
-3.0897643204333907
-2.8818269754178445
3.2977996812525934
0.2700944633150524
7.072534123824532
3.1659219025179017
-0.9312362113888408
