9.999965635830552
1.0178667101581977
0.4569080612634021
2.9636491681335304
-0.5858684852440295
-2.07982004506992
1.2695306687526637
10.15209072352416
-1.4110737165386462
3.9728373607513756
2.2779262006169514
9.905211033031172
12.005312048675188
3.1162752668694975
-3.0272351761314606
-4.958552748893088
-1.025329189718874
-1.9481330963318761
-1.8863419067830853
2.224399107363338
-0.41694507703473416
-3.4163555780584725
2.4550920550987536
2.455513697742976
-1.5898672574530777
5.215026048553472
-3.835625553971419
2.9184268873934234
-2.4379848060275506
6.275838475337623
-0.8340279171814198
4.2578341908130435
8.720234886280897
2.2193883804871195
-6.346782665853363
1.628045567805236
-1.455863726282863
-1.77447927251078
2.835967306296044
-2.8498327277086015
-3.3068502031548945
-4.037752368459385
2.2183274263075363
6.798060222963258
-0.3730389608321534
-3.1023681508700065
5.607422606197479
5.084001508383791
2.302299289334079
0.14416022689998503
-1.0695310370244338
-1.7572741158971286
7.365147452390314
4.158564248184358
0.7010819873271918
-1.8310232058007063
6.621145475955996
-5.523553223527513
-3.0782418314435853
-3.4638941610785925
0.5805910964289938
1.856541614872424
2.4665448415148923
7.89746894610929
-0.4313747336067996
0.9189234752778301
10.689819128713511
5.697276926604849
0.811005602903331
12.12836102389388
8.98233741491561
1.523373664686369
-4.10513751948451
2.158210940805647
0.7607291893646618
0.26816881852665203
3.6089550082301507
-3.7481259398443494
2.2445650156990196
-0.7074277483736998
-1.5149726021373437
1.9780942541940343
-0.23453721206091907
-0.766098585349229
9.242083685304522
5.732285763415205
-0.924543919894595
-0.9787300707962239
1.6030284060980255
-2.168140124184966
1.010833749318412
-5.406950317911598
-2.04783247865653
-2.515087164334488
-3.96262712037095
1.327802023381294
-5.3269121921479075
-4.160670766763552
-1.7544867747498183
2.4611728638641894
