3.0612570803478905
-6.77531061482243
3.490217441786068
4.367661256240994
-0.28194343321529924
-2.709344989928099
1.7530680036146373
0.25042269453905186
-4.475309040045037
-1.4463665567582296
-5.163931322028375
12.295134923431023
0.8610630295834276
-2.8429369425791773
-0.49628785029059885
0.8494443352695564
-1.5590946715498317
-3.969119343901865
0.7894761251838769
-1.8730582254710808
-1.6221838781871636
1.2722831557083594
-1.5817117923101098
9.733819014196882
-2.6678373665858377
9.802349371679036
-8.406992572625343
-3.9499255679337724
2.2026903458719893
-1.7941827418073668
0.20159893771484053
-1.249616070971511
1.485738840670158
-0.1696534326672373
-0.9035332303913977
7.014134519994045
-0.01398298171546322
3.981256878141413
3.5214448282650004
6.605824094587628
-2.9450967760778237
-4.1798327933672015
6.341023334722758
7.100872676327089
0.1300057724214448
-6.653904780125769
3.2870196459347474
2.1210997964034446
6.676442995006868
-2.7214101649452562
0.48909163487325524
0.6688559483669417
5.327057660357353
-3.051277933593563
0.8305783492075991
-4.8069991591681465
1.2323506013297822
3.2516102907062834
9.30102938858299
2.961663835463448
-4.14931539955254
0.1072392354833075
4.823970356609191
4.1956738681588845
-4.36824328903503
4.889997957448829
-2.452402727340422
2.3706930617048583
-1.084466542249134
-4.149361551089249
0.9800246035307509
3.3486451672821014
-6.741681171105984
-4.143442675190871
0.503227703991327
-1.4453854901230478
0.5380103064777623
-3.7397968766319916
-2.470394645597478
-2.815270778654884
1.8992944517893424
0.06612236267222565
-0.9894166503709545
2.7580886774757634
5.02221421892746
5.78564720793089
-0.010933763638948818
11.347135439456151
2.1541367576543307
-2.1283735176646292
-1.729578123491219
-1.8580753031499926
0.5462027693718935
0.22046341525258162
1.4026194799570355
-1.4332930099358023
0.2645839622837355
2.600766101812454
9.424018778149602
3.3176365252047137
