-2.94625945012128
-2.0610430729612097
0.9399808430948735
4.877366298689915
10.420174304631546
2.8024709320430814
2.623876673302393
-3.14380363219526
4.823774595386748
-2.8307828368972876
9.87962261266209
0.9585427286995543
0.23756029366620984
8.547351884908942
3.7957394617353484
4.569688952672487
-5.097966875223516
-3.4671827045260946
15.64094006081018
-2.632490069308105
15.326462661603255
-2.852355619489819
2.7826995864497404
-2.0574212147507662
4.806240207237689
2.3480797730372123
5.022920332475212
0.5398483109836896
2.331239488952594
0.6426569431302593
-0.8883868461236015
1.3862232701642627
-2.574262972963825
-2.8000048641902096
2.6753177338640857
-2.8741896336190838
1.238519395551827
12.379506366634208
2.5863135471547603
-0.8263243126693597
-5.9137697581625055
0.31130096143439967
5.570924350721973
-1.6475920210728527
-0.0340925632560074
-5.3512664354731365
3.1901343194218295
0.6741508181545823
2.8845332250969156
-2.1861967688664374
1.2591484996761864
0.29284107068935045
4.774696212072902
3.3959012693629584
-0.7500851818026499
-2.0755090753870293
-0.13225572076998637
9.707997138284354
2.7347592233612397
-4.673639166044473
0.007527988799662426
0.47400400603183623
1.8192070741257202
9.602851541838117
-1.0705245715680665
0.47192104070890334
3.976789729919653
0.5722147605452435
-1.549471704013282
-0.9011177893051521
2.5537636829847976
-1.5262068174704073
4.858327929904238
6.9612665059914125
0.7097628069614297
10.924866263056531
10.500539962581497
-0.5721519853950253
0.46388752462297733
0.13035235276633844
-4.331227503799476
-0.9935193828346485
-0.9664889460543395
1.9325237474843893
-3.0125463464233357
5.07960356434323
0.006881194798156187
2.225828634644757
1.0994937790349062
-2.6439379734592756
2.5999275188773643
-1.5740919250079901
5.466561089485143
-3.536127731775701
1.033104162887817
-1.4443457229850618
9.268804875246236
3.8845647706673208
-1.3144142583104386
6.687913741235305
