-2.149596747486686
2.819017531153184
1.6460440082409367
-0.042662924233973776
5.379467927790456
-5.5517573861866145
-1.5939418455592351
3.9468056148576327
-4.7126323353117225
5.520175748732289
-0.08258488817219181
3.9861588211340138
10.461113571113595
-0.74010609932504
-2.9992727572043822
11.563690157476884
0.8565287865864558
-0.9264511449791031
0.4912506863364092
1.8639899586146944
6.28181682912026
-8.691513853403393
1.5992664620946895
5.827929698404899
0.16185606118896714
-0.1899372045788889
1.1107193287006545
-3.3385252323578136
9.884263523572839
9.418320656172646
6.0856915095643505
1.8823564892514653
1.8760794508003769
-10.505891416354514
-6.299197568119867
-4.715714845945655
1.143379174707426
1.9479684699365498
-0.7629041419556194
1.661925533183863
-1.8022128627608918
6.308764134905108
3.576694829216743
4.15120484216898
-4.813739255920497
-2.197900917951015
10.513504308201071
-2.263108175960322
-0.9516747225882385
-0.02583758965205659
-4.487418720601372
4.558686289492513
2.3570093146072346
-4.477631209151757
-2.459640539910295
-0.70634060477327
-0.15003194518904506
4.189571700343974
1.1738458360743005
1.293594340558694
0.47540234034105444
-1.7396465455091468
6.057350184228151
-1.4157772823681516
3.480807412234511
0.9863977018633288
-1.5390484377400693
-1.58793665280646
0.8039181366576116
-1.9205785150053112
-0.46816190200114227
-8.336057743128626
-0.7158505984496604
7.032806419094289
-0.1519932259478977
-3.7076293507600058
4.745938961741684
-0.04501566657532324
9.533350428055005
-2.488085659591388
4.830100334652539
-7.755069455315725
4.2409979549135945
2.495455362269935
-0.666539584091776
-1.1416772200525855
-1.2385860056841362
0.7054412276459807
-4.632057562342871
5.213732806805302
2.5959303022208617
1.7251480285839689
0.8389675540819382
11.381155004536245
-4.967509032408648
3.3664223502080755
0.7052264442109166
1.3047281039072043
0.08566532352965689
4.481505856916636
