-2.5706526287444778
1.993770442194848
-3.609883585672993
12.324378648250118
0.9451183065868654
0.2043800797353551
4.677864253000608
-3.958082217133037
11.347129146860041
-0.6162343284416117
6.489381719401888
7.3559686793234755
2.8163271288224663
8.08461850697574
-0.8631793827349001
9.048758740782702
-2.9791640046893804
-2.433383506858529
1.4339317430998506
0.2632367752793119
-6.719647346250334
-1.41020257688788
-3.9990849159810535
-0.4720285369570119
-0.16503741458392546
8.985080335721875
0.12810750285249142
-1.6595884154691245
1.9228331687706586
-2.517202522101844
-0.41494830532288984
1.460441571335261
7.884240908006752
-3.834069152457655
-0.47827521125479455
-5.818306855977462
2.4493497458832305
1.676188465721835
4.897399078778426
3.3230341673283537
4.066015585905512
3.225226498059478
0.19514729609119918
3.5518130995447166
-0.5797391405364188
3.438011559300462
0.6083444675960787
0.3251483876819208
2.1732888728238553
1.5104587210755402
0.5965475342329856
0.35793740233799615
3.2488994915345337
2.1860690935929563
5.037155970167769
-0.9725096324370472
-0.3094359379843658
-1.6540692476928824
5.705775814948732
0.115119536656863
-0.3936330635114705
11.456790372051005
1.47006380598383
-0.8105290252745225
3.32497762670329
5.282538170807094
7.1868146874602195
-1.7831425096001987
7.810257034305195
-0.06055752570346165
7.077761696603491
-0.21132358890326142
-2.385834186715627
2.6398848109115205
1.444225391129361
4.931668657945647
5.468004151282026
-2.1467342701777463
5.605005797846001
2.520171276445746
6.119034394376747
2.189748844143318
2.0043449533824993
-0.1122134575951113
2.7698281413701844
4.272870450372937
3.098616245196377
0.4747077681152164
-1.6487672553940937
4.646777790543721
-3.090420225241494
6.808747353188284
7.89345200730659
-2.5679958331451673
2.8144304107969083
-4.16241989401304
2.7637996542808025
2.755068125359908
0.1875899175468582
-0.10821782822362686
