4.72703226120416
1.334675966837981
1.2675132060660874
-4.423178798168459
4.356658912959068
-0.294498298903045
2.1158225515647597
-0.5594749766235787
-1.1742701543455367
4.850805436308749
2.0391479923968805
-1.2510702794238924
1.248832523033575
4.516410394541262
5.796619538729976
-2.526171831814666
7.290044162383643
-1.1804205672258719
0.11907398637295036
-0.3523873560805302
0.7807847385485884
-0.9952362152194966
-5.304309230814313
7.5190555622967095
-2.265058881556278
-0.43486691637717295
2.790317927952831
-1.4562907066964927
0.8310157911155713
0.26022501413795673
4.977425059139566
2.4711596646749756
-2.380899828649139
3.8208322341541114
0.7218357804444169
4.085691087023914
-2.178671952767422
-6.775043776991254
4.174616943714013
3.4123496960317876
-0.7338414857630962
5.808373083847099
3.310757461536319
6.574184600828162
1.490821390490387
-3.726156727091622
-1.2284761608607748
13.579148791011988
2.3969319069302104
2.368732746342384
0.2966999018263682
0.8716579490315808
-0.09493581171882998
1.5864101520599325
0.17505222876523147
-1.6466458650975244
-0.1849487928312948
-0.7520440409448463
-0.36791011905004734
6.248366558780656
5.485574681652945
1.896107062862035
1.4124802056832055
-0.020940530203933865
-0.04320126968550076
-2.3722576659179584
-2.147038053327663
3.0701744845474117
5.032011893433525
1.4164312742569725
-4.699654308977488
2.6443402040597026
3.6730113905678667
-0.8934652412970392
-5.1551786864043905
5.589004965642085
-0.36198480647794806
-0.6711070172263162
-0.4251421508319603
4.728101629155194
-2.1814920950963916
-1.691650936312702
-0.15768389642832936
2.678816706410358
8.348221189111237
6.426870222893238
2.9894574136096645
4.763831525329525
1.398746386683631
-3.8722041600500905
2.5330543155303595
1.2366631283997265
4.982986954256253
4.7341528905715204
-0.3534732335327912
0.23051165882339636
-5.284764741362034
-1.1018601927856533
9.785124481399805
1.7939267696867933
