-3.799237026441538
3.447353856967641
-3.699155374816539
-2.6596762008599004
1.2180119431341456
0.49888722316025896
1.5684321615453187
3.1126114237194296
-0.4563280398123939
-3.1811177813877505
-5.130174421031544
0.6289147994899794
10.498884968228618
-1.9119747560528575
0.8172826195317856
-2.3656345163189565
3.4027399754593395
-2.0469959390632435
5.2549796103838196
-1.3863510645312516
-4.294976510439047
2.081022021891145
4.198261536843115
-7.010103988147707
-3.163075212591215
1.2555763585711073
6.095738144097303
5.77856258610444
0.5685430813547572
-1.9007642073968647
-2.2680776570644445
6.998212441638774
2.5147920464076936
-1.0322648728050237
-2.5443876524509594
4.6039734705536866
2.838686010125717
7.111941633726572
-4.517572537271213
1.5105487328298421
5.330988874769899
1.337267848965019
1.9595939656550212
-3.5815686288074673
-3.8219303518584113
0.3661819135955691
5.888170501949848
-1.7601112479408325
2.2969155543389674
3.525410813496566
12.22954907353279
5.8140206653586475
11.347002559318772
0.6313435433572651
-1.6536040181216944
-2.0995820249733175
1.0654540778757555
4.087144764680119
5.654773403343363
-3.832357518748745
-1.4861731168694594
-0.9710671996120519
-6.5560884016857806
-1.9608590692409487
6.607035772647498
1.8043832230662642
4.097822346247632
-0.6566499415140494
2.5765505600766696
-5.006245249477526
0.8869406759276514
-0.6653676947089132
-2.9831813553256312
-2.7248615285031823
-3.4937228745512035
-3.8879217814583305
-5.968585724116003
10.180166821436796
-4.835020398169801
2.6403007143599178
4.289244393437665
-3.4741780714934984
-1.8569138220313621
-1.2929482129113858
5.604841729204061
0.6601665611991928
1.4714543607033166
2.4762383208087555
1.3135979311422665
6.443066776885969
0.2189109295816695
-4.812148771393714
-3.643701953851517
1.2245183675442795
0.18568893096473685
-2.983594308557345
-0.9531618399617376
-2.7835489679445913
2.567450978244816
0.5084629232213216
