1.7753196957776889
4.600383808991614
-0.2573407248246968
10.563556674485136
2.4278998177285946
0.019655410423472394
9.78824082974403
2.897194514755996
-1.5363031898014547
-6.235242857986496
2.745982914976886
3.6961895877241586
6.0586920540235205
3.3270273414077236
10.600026499840343
-0.6277047839812973
-1.7587319312913186
3.744608504562756
-1.5684005753621295
2.4216431168943555
-3.8186738787371253
-0.25743279118289264
3.2744713693959637
-0.8039786178881991
0.007099447186769491
-1.5133978093778948
3.7366200916364907
2.502619679414236
2.0414211056429106
0.782552353309728
0.5981833720608112
2.1568105687473444
-1.7233691734012915
-1.5198073745354528
1.7040847828499035
-2.2259658241286564
2.3665725732365854
-0.14506493946510246
7.141222058129267
-2.651603400979734
1.3207535852213215
-3.086061754562759
2.0873679683863715
-2.4526490558797436
-3.950373095342938
6.671249413803344
1.7603557533432321
-0.7293475882788514
0.8167168493894681
7.878852553246533
2.8279250905632276
-4.475872054442032
1.8701401042509593
4.583078639767214
-4.098296423064357
-1.4839860651196126
7.2545439236646985
-3.601129101235898
-2.2217033103365997
-1.263533172563049
-3.155023391393024
-3.289922863035292
5.8837013181551985
2.353256285577887
4.964839059625225
-3.985778626459803
0.6858811236953155
-1.6861403656376626
-1.3285834157500154
4.992715560372492
-4.9444781062647785
12.431892301057704
-3.5833814253304723
-5.61917531409042
-0.04799587309270957
4.983668833079213
3.0110450722867776
-1.0779029703069092
-2.2128437560072687
11.463808108293803
1.0299342119267
-3.9827410450861187
-3.1906700298878468
2.485055865207296
1.1289476315386282
11.069592320201021
0.6033497664901131
-4.934721903005119
-2.3389716210030995
-2.0197650230116033
-3.496326582342795
1.305838972319079
0.729480712281902
-1.7817371336381602
-0.32596256899424
8.73678494797312
-3.5646633033581914
4.432169875948236
-1.5090754520257774
0.19404147537011196
