1.7166329574409014
1.3257401906389028
-2.727582092282707
2.3730889227528653
3.171249454802998
-0.5002225633217214
-0.14073787021037046
-3.644755798800944
-3.880592830659403
0.4071945751401117
-0.39468792361653643
1.2117026315954158
-0.26726256856389263
0.4845230136304677
-3.2835842827594957
5.024335783471107
0.09305035307026133
7.254968388115481
-0.48879634302542097
10.22600861249296
3.5083556233039923
4.351539082829408
7.7405340625025065
-0.4856024521468366
1.4322729449014227
0.882823347093393
1.636045670390938
0.05361399557455819
-2.0183026948393774
2.252482901708044
2.7030465241116746
-1.0582107716641231
0.18551863452340883
-3.104376638707677
-1.5608402259386098
1.925176720142273
1.0548293599460874
-1.216721513903046
1.1912075993460212
6.394423263801341
1.2281219276784734
0.9234631070095267
3.027567065558225
-0.8906496949728969
2.3230818991592157
4.640268377602267
-0.3143110226054149
3.1845462683622046
2.493352351609908
2.38868464117039
1.4388622300897196
12.513582307400075
-1.5702465929003693
3.3923975403602995
8.959018037108237
-3.5525236914248417
-0.385494131316659
-1.812787928251592
0.9585283376911344
0.5294597415202634
2.29649765768311
3.5355667088229454
2.153323697537215
-0.24193338313082577
-0.26175066996705926
3.7299624045662467
8.881817093695208
4.656135572147123
5.511722374605492
5.767537097008293
-8.535481375833971
-3.6388261291928465
3.0782707344826794
2.0453753850181986
3.787223000211205
1.6487809727865206
0.03590376139022725
2.006389839097543
5.952835334305609
-4.0515999467538295
-1.1019463405046974
-3.0601317147330294
7.590495545561671
11.705884348476005
1.2884171197491239
2.1940659417365773
2.903386429098742
4.221714965759004
-2.213355942502692
6.379184150890221
-2.229260572439758
-3.8048071334117886
3.4085795995188954
-0.648436465464959
2.9626655979630465
-3.6859952332260195
4.103087383071683
-1.7780393091281783
-4.39690576109526
4.6259049803832255
