-3.7719309300386117
-6.21668293714275
5.723060690969401
-6.030631111986175
-1.3600501021195517
-2.3117673658281084
10.871273116371102
7.6013843560834
-1.9275430453251519
-1.3171265090982311
-0.5746265267814439
1.1747122041077873
-1.1193319225063092
5.029282124623192
3.0936540664526504
2.597900259086855
7.504667985178914
0.3235606680456538
15.378656374829385
3.856569841519148
1.3628319321955975
-1.2524646076820058
-0.9280680778764714
-4.70012254110567
7.137948678540657
-2.102174818266713
0.9960106420949998
-4.684111568198673
6.743556730570961
1.068331728196199
1.7456958198816648
9.576542036181625
0.1779508004237685
10.24286109594747
2.567490694044685
-1.457946447277
1.924240666643071
-1.4383007342679268
1.0531459738583897
4.104684976866602
-1.1775797699613668
-2.931148091209538
-4.268328891431708
5.649886596579133
-2.6375783501916175
-2.8271545570818812
-2.9157571549309194
1.1349952526792886
0.9681520697848172
-4.2599068523946695
-3.0647225819205364
9.68412006995486
-1.6586997558056962
-2.118039709323395
-4.453511595619546
9.139686534517267
3.3668661049115745
0.6962258582739079
3.173447365436699
-0.7515073260939196
7.886891922256987
2.997580511421888
5.705072963317955
2.7380206630198485
-2.7059402740098046
-0.4052036655578779
1.5333510453637922
1.1055457324294
1.6715375129859735
-5.5897229930358465
8.198571293138675
1.2405283732869141
1.1925044315493347
-3.344588532843421
5.4204213021342875
3.2775836549528155
0.6081222163917364
-2.496062549395989
-0.8459191223812035
-5.484483931808545
2.53458859212477
5.973289889005806
-1.129561945586079
1.589294690919631
1.9229779192519683
-1.5626235288234307
3.164045152121108
2.6691312556387823
-0.1812628541996939
2.6560980314480735
4.1727304903357485
-0.5205454762794407
7.761950322299942
-5.094204256721901
-2.705139563347946
5.070965883519534
8.63987303908836
-3.645115055799672
4.025152314990168
-2.3220805435004306
