-0.5365022756727168
-2.211531933651261
-2.3886375737068324
-0.6108478985217713
-0.2053904344580224
2.130793221040951
7.839988398700664
3.1251937800428635
-2.9576787809822798
1.0448857664417812
1.7411016259106082
4.255386730655468
-0.7675683150698378
-4.109135688342903
11.906175782273834
2.2192088698373365
-3.6477056390999287
-1.612232908327678
13.101946191203004
-0.07153809113747799
0.5083465055150578
2.4346906212750405
-0.5014905699015124
-1.1429841551881321
-0.8208445007155284
-4.846453252746269
-1.048097668921516
-0.8198817661504254
1.8277011995783288
-3.0626611632017444
-1.218908818524508
1.5824558966466729
8.056467039292695
2.708836703787324
2.8352422284913037
-1.2163013815053607
-4.904509075782927
9.571713244723874
-6.054298365485987
3.983765706902356
5.314511043292578
8.57365026877918
3.5691006118799833
-2.6235285550816103
-1.8815476627645729
-2.757008879819607
-0.6216201328569172
-4.026180622815102
3.112340316924491
3.1535831829854954
2.5859160908927823
0.9023646509574608
4.833434671408688
1.1382040315244673
1.449169793164557
-0.35372238860497496
-3.6643469161366813
1.9194473017186837
5.7419758369841905
-1.3332405617726328
3.2578807620946075
2.674776759830413
8.15418288511758
5.128336027826324
1.0990672629813845
-2.3733355964107083
2.9733353867049623
-2.085584195750603
0.04565725555332806
-1.5629297674758238
0.44303831692237794
5.90409188640589
-2.162161375632129
1.1099293491423234
0.11521224416293957
-1.4328745371190101
0.4782534138972171
-1.6964315710740117
-3.6317758826120143
0.37101601838942383
-4.485771237386871
9.641174581321486
-3.471642615353888
-0.24082474293160044
5.159246433337797
-0.436743146294195
-2.17557555084135
0.9034611311991212
4.31786645035808
7.934187275789505
0.7700777001979247
2.7091703898709616
3.342154872490979
-0.017599291358592395
-1.846646773810411
1.935312553335609
-0.9618687841058028
0.0012046529460337358
0.6244889073536448
-1.4864780025428286
