-0.725138817432163
5.284242695068677
3.521977562755428
-1.2053499078785426
2.2059824282178324
7.655761481646862
-1.0896553592122427
-2.3392767429417254
-5.492343873538715
7.776120908489167
-2.4019161492083065
1.0363867617811184
-5.508836023468437
1.3145442504975322
0.6425884533305665
16.444395638701153
-5.268719573411879
1.3076898040989784
-1.4101034741245655
-2.901121969970748
0.49910736741501394
0.08596937692375936
0.9291850854556527
10.403540892190613
3.724682922095055
4.5353164365498495
-1.5648716112563144
-4.465661558737769
-6.899470201818252
1.5089668916231636
-2.59663870681792
3.8997537713924055
-4.623616848737649
-2.017125763424951
1.7014549467446987
5.853994766379528
-0.4028696538135201
-1.408958807368247
12.844416756457862
-0.14392516987407397
-0.3182721594127539
2.188124279299746
-0.07135602286755716
7.812894574688177
0.5604285489319467
2.50067756826476
-2.48114811797327
-1.4575219394394396
-2.942634101973189
4.029275286283758
0.5038252907998193
-2.2787826706875767
-4.387960519494615
0.22866367782060099
2.3861542717458972
1.9896854366902876
1.0810872911509148
-3.3094091154744802
5.11220171636315
-4.362075798775878
-1.5441803373452991
6.689086012419411
2.033768687065324
-1.687159634158646
7.257051607871762
0.9744075800848999
-0.8511695847080392
1.7581767531991814
0.9646382626434977
2.9018290953059656
1.7694154493866776
-5.313107746273094
4.846345368231135
3.7767757565010007
4.593582344833711
3.6416030884430466
-0.5114655700536106
8.352722152632635
-5.188859780311756
1.5927255678167982
-0.7001057652468051
0.8242772834347454
11.377405551886614
1.1866433118328135
0.7278827373648513
0.5852825170192608
1.736832485429951
6.358927465010945
1.6749922711091818
2.0541279763529343
0.7333193925125558
-2.4878970376710745
13.867674089284318
-5.296505674376657
-1.5572573489883088
-3.7029450016661665
3.6714966984830095
1.8287447016187146
5.20420174174135
9.337510964964387
