6.722082249498914
-0.2649988135534519
0.31698475492876466
6.129139583718242
0.7777338928400137
-0.1654263851426646
0.468840670842696
-2.8505621213180827
2.577649191064027
6.232642779837264
-0.6455962016110798
3.541723442465001
7.846738990238135
5.385137217814538
2.1037448203264737
1.6467115910260022
2.320925735827956
4.894090248967572
0.04420262286678652
-3.045249377008614
-4.150199839278656
5.700897126413574
0.14759513737439112
3.704864377311215
-0.22259607704315154
11.913296396755669
-4.407638375320467
-0.4424909327208818
1.6773323962527802
2.136021936338195
-2.333915432311068
11.773762721903084
-0.07797137513912672
-2.9696440557215693
0.7631772561522701
1.0676322039489132
2.9357451976330853
2.37939097631886
-1.722992769618913
0.9778183924121892
-0.8636304991631136
0.5090610292948248
2.9022893088487143
4.927843704445515
1.7054583838089838
-2.577788626490592
4.902686250368202
-0.41309831851266765
-2.441240362737042
1.9611975642076627
-4.549662097982818
-1.3693892891883708
15.510502705479032
0.8163755084043781
3.345466052092341
-3.793361046273897
1.4395774334682112
-4.412933162098431
-5.5036204042821675
2.9832029528123334
0.7395290869952253
-1.3741549068459453
-4.222214090919827
-1.3207658607054773
-1.3137749391986966
4.104636312707673
3.5262930403964443
-6.325656765199755
-2.5460996500508193
2.2541819070011115
7.378951981950414
4.090598439299232
2.082233233630057
-2.3843144176073015
-0.41913610362624376
7.750880487199558
-1.0698686851181267
5.937296032570505
2.554419764675243
-2.1828467470143935
-0.32494750712184706
-2.2203373213016824
3.2038648831412826
3.163025960429805
2.2458871769154065
-1.951382445964587
2.5650780567580984
1.2871271113638738
-0.7619667802581831
-0.49756999991687867
0.6336503191286653
0.7178533581388994
-1.4233783770611326
1.7018162318469496
1.8257348523028798
-0.8071710598109388
-3.097523802405358
3.863178183585286
7.233992611735156
-0.6895537531200253
