-1.2193526756205322
0.4546038651777019
0.44570637209067454
3.584160941588338
0.9298447736011046
12.354107985542912
3.182717272078745
-2.4532526543834714
-0.6382444601507551
0.8016676324685196
-1.8543970952626627
-1.6500358731390188
-0.732944314238301
-0.3486632403763915
-0.7639712946888315
0.29824602750534945
-1.2434091049368559
0.36682620975057134
0.3032576861916043
3.656487012993705
1.2657628897213355
1.2844257383631368
8.93857348940329
3.0855017018416735
-0.7699314704280638
3.9381882240237984
-0.6505368503038166
-3.514387643522234
5.135148246231175
7.724234725859654
7.948033586745666
3.0870391741085603
0.22736919706630992
-1.0365603526328355
-0.7527990364283945
4.605531818397811
2.4569219798095387
6.959590815760313
1.3996596729495372
-1.402549728205996
0.777710725598592
2.6511794242934457
-6.674342212007307
-0.6956304502066702
0.9744357293842648
-2.199462040781083
1.1978337633321998
-1.7999316827182703
-2.0367249660015836
-4.282281071544765
-0.7404661149779123
-3.204513754783844
-4.862398006368288
1.8060989885813434
0.9886144054786006
0.28070630721476186
2.5404664379946342
1.157070208302393
2.1043746096145846
8.637253057224546
1.3780914634449015
1.0444790322091908
-2.8160329000294286
8.119763597692417
-2.2315708492560757
3.96757682871562
12.045235585583576
0.877785282116058
0.37828630296821164
1.4693674915102337
-3.4321492321254983
8.15534625493633
3.991274640192188
-0.8428810825976029
-4.227087444164388
6.391498895357649
1.955398066347077
1.789515091913879
6.016301849941741
6.798514027386439
1.4612125166776972
-1.9621050565374545
-0.7458439658632963
-1.1221562410898125
-1.5441092568709882
6.760616534696411
-0.6481675297450514
0.5797870464734343
-0.7242306011030775
9.23512489656429
11.357610910283581
4.292044315378087
1.7074466053722346
7.624896197122769
4.88537807007667
0.44795156569736155
1.104455167601545
2.2671580731747363
-3.2281333335563103
-1.1948535157852358
