-4.809076903670728
3.8086113819389475
3.83849441537337
3.8081849978804256
-0.725123089531063
4.123186948759299
1.5774329675054344
-0.3321226111321098
-0.542931663932904
-4.5446275430403205
-0.4764679079246099
-0.27714705589382393
5.982419264471266
3.1696379749678885
6.7881760287760535
2.8198972740262245
1.6664538098439063
-2.7859004952801882
-4.453848812253904
-5.192920274415119
-1.2650034013040652
4.332989352670775
3.860602296976898
1.538343130310495
1.4894103790846933
-0.6818148496964596
-1.581630348480512
2.375016370562629
-0.21214694833188213
3.1976408801921643
-1.0039840135215226
2.0480078182254666
6.246753527947401
-0.7678038162476444
4.111043983352062
-0.31648572628931126
-3.071116270590723
0.0514048946493027
2.3238849246899442
-0.8560678481548347
3.4773647277408073
1.1087234026558699
1.025206125967609
-1.875483835423977
2.1353064648998754
1.1151496524695812
1.431019626271203
-5.7162789318263165
2.8841631883517866
0.42738121241325544
2.77183706361481
-8.018260737962411
5.038570130791946
-0.4212364726534095
11.830051993716953
4.2830877350405645
0.7334703799810501
4.1089618949187425
5.932874110776528
-0.08423167284187674
5.087325620813448
-3.1237833392614425
-3.6080600252858286
5.573340171783259
-1.6858396983354074
-1.4107091508152618
0.41520601349974556
2.2099020663935733
-5.735288573845379
5.536541805512594
2.082774330500132
-2.38392944559837
-3.0907530416914737
8.313119870030578
-2.9663027023106574
-0.8715633648501804
-0.055438076957766355
-3.4680010062461255
-2.5608747775703478
-2.00190233106348
3.616566168642832
3.467912721915866
1.7229002395072441
-0.6300744040343564
2.664975331936021
0.7584627350091355
-2.1064793205293197
-0.5648134665898789
0.42920820162045326
3.7184505620578374
4.903970376613334
-5.439495202098304
-3.3220282187888257
-3.5763865332052465
8.607660310108718
-1.3443721002775397
-0.959087747575393
3.6150674286701117
0.5414504014448771
-4.1470977654134
