8.067096282296525
-2.066462130955341
0.2075940222075868
-1.1663689148385676
-8.864998159810769
7.248220206659978
1.5669304664030066
1.8702972948890877
-2.669836949841146
1.6317754552637134
11.695990265019264
14.67565213086047
-1.4081271581615589
2.9723011791874434
0.7672477022946422
8.129319060504104
-2.5919333686711394
6.323240353736554
3.005652083307137
0.43598938604673776
-7.759894245148452
-0.10462142356246978
-0.48512651500590065
0.8616085602154633
-3.908620296653743
-1.8801268709733985
-0.07427687836681138
-1.8262573965439124
2.0133011914746026
3.8999748102643754
-0.5176613866116999
-1.1782394626515194
3.0534794541450356
-2.349161380269331
1.3115711172072635
2.0114261430272062
1.9735908146601275
-0.05598728238253799
3.947753608872052
-3.055788433175417
5.435642945986762
2.3813427699354386
-0.8790790941569361
0.08284419371800629
-2.080290158140932
2.7581624369016957
0.9194238026634652
6.006743663947941
2.0489716298039875
4.1206321373733985
9.172450859452695
-1.0113269210556775
1.9159869722687008
0.164985408112179
1.859855783946967
5.113483630608776
12.369739472266193
4.524323540657292
5.18948028057049
7.768519439281391
-3.5748834746191376
-0.3415291700063199
8.772960929422155
1.8712028728317565
1.179914884720766
-0.8900072888954953
-2.7211696707201223
0.8072112515054566
10.249895890228645
-0.802170643856748
-3.9400959162573095
-0.07234601738254776
3.2798465218185267
2.34327164887406
4.774504276815884
3.5470625551924857
-2.388373015608484
5.127950687473575
13.58102791718009
-6.639236042172893
2.79362112158215
-0.8539935513026016
-2.314230680095324
-0.5495934153205957
10.114486759235685
0.903977339912407
4.305406127539422
-1.8376503224165712
2.5244490619335482
0.4343896487377522
-1.6704563719869032
-3.56312066304894
0.19134314495205004
-6.972537142751339
1.1264210357752382
1.0000474980252505
5.127810364864484
-0.7540157316763442
1.4361477119948727
1.8631072664875756
