0.6138942312995403
3.571983468821668
2.497065197599725
-4.351454286819747
13.251815237855762
-2.5155507021008994
4.7023227527263565
7.724031122148201
3.3492628893237235
13.496186305848402
-0.9151380012322694
1.6409538097023784
-5.828848443909455
11.947337998778934
1.9486264407990461
-2.920862369034635
-4.656946140750305
4.5676886810714485
3.688935032900629
8.012778084345817
1.3602176859234711
2.777590521184896
0.7642671933937105
-1.0487048795650071
0.9319172575317947
-2.5887204711075813
3.2787046407415765
-3.840955043746603
2.826318214998242
-0.15673671959126215
-0.4260890254516984
-1.475978938466631
2.338401076190001
4.731034040682136
2.996126344882267
8.201802811303015
2.8281458857172534
-1.6280065853250534
8.629357088206993
-0.02274363016238245
4.2237160486647225
2.3429154194000796
-1.7709709534217626
0.38049353605885294
-3.5343116433695623
4.670333146411323
1.3606269126913606
-0.7529394561756435
-3.4442461211651727
2.7123694018796045
3.369526833283696
-0.03141318358864188
0.43408991094526694
0.7218109775473033
-0.9063118046503953
1.9188154176316057
-2.350834449495073
-3.886834078066006
-0.7198836264091784
1.4727136775025496
0.313764634227091
1.611371734783925
-1.3154103956061944
4.9260883294461815
3.385644639697137
2.728388635085427
-2.3765407333625705
-1.9866216708985016
-0.45844024862929045
7.721259480303472
4.8376108647350575
3.78688943042636
11.335822516512142
-0.5713997994156377
-0.6186755100383844
6.023595965490299
-4.8789625914978965
3.4703188365871718
0.7142201850405125
3.7778196987045716
-0.033440931770100144
0.1656453918129257
-4.3248068567000395
-4.772148298277458
0.3384255423911353
-2.3922210858578623
10.606729621856205
2.0931815689706363
-1.280789686068238
1.5459847935683362
2.3836480267829723
5.360342110601078
-0.24511049238003152
-3.905493557060539
3.468360369110388
1.996708768736405
5.865695691223185
-2.612677840897957
5.1857901235243915
6.499556840814769
