1.3812353386796308
2.7450605013835494
-0.1354689183772115
8.534384826887086
12.681929614817811
3.826777757714149
-0.15422248379655526
9.756770791194311
1.3466217172265567
-1.4322169993775185
6.623819111036188
5.942285561498883
-2.517517689881975
-1.4628822860014812
1.9309642671968663
1.7786799234784973
2.8483629779685744
-0.7766784024693101
-1.8548153741839712
-2.4297003443065166
4.312557025539465
3.9507605157872536
-1.4401536096419592
3.123198308204934
1.9624441704743578
-0.04010716261454097
1.9122038501667327
5.961248698017002
9.872029891551898
0.11095935856992875
0.43678239242258726
3.1782886808740685
9.785325616566151
5.372054096040992
-5.445623288790486
11.387039662710599
2.7016670856349587
0.9100649942329404
-3.4072462944255912
-4.078948351005096
4.295496953679623
0.11317134575866664
-1.336460387680515
5.654215645431346
-1.6671641229116367
4.815354429160217
-2.728977134444895
3.5011203301013185
2.6968320303323865
2.2006680987361382
6.158916816298312
3.572035123461167
0.40882241020895915
1.6241314063721983
-1.9332506392307587
-6.271817215427045
-0.016919001138942513
2.303997655808667
1.7697921628232642
-0.9532798368161144
7.961022928337498
-4.186144607053019
5.550462947529842
1.092328886870627
-1.8150374889433691
1.5850102313328749
0.19660391516205916
7.085024813414541
1.6329471483743805
2.3526312708726147
-2.516776450123692
1.6701110474656016
4.593057659131329
5.718090629124337
4.266329042668441
-0.1586724908740576
-4.391020969271292
3.6790788228630555
-1.1762626239997043
2.3298126362813156
0.11479609924216305
-1.2300974016917536
1.4699281426481436
-2.60967824761995
-0.018556971584059233
5.757441171050262
-2.9104287624179195
3.5232419217892783
-0.5296475460817484
0.5029721250742597
8.684714257612008
2.7444727637906854
-5.208243254838342
-1.3865623506280782
1.7678895874905303
0.07157351907177278
-0.08348901090691319
2.4589496474781525
-1.2357970176819084
0.5787979233719822
