7.047763326981428
-1.9792844571045478
3.9682275381653587
2.584488856720985
1.7486100416226034
-5.160866932041692
-0.6918136565090374
3.8977324920775045
-0.4184762169387475
7.788854661405116
-5.11714094808633
-2.4137184640533658
5.5334134561499235
8.439719622734756
-0.7313168297641528
2.0391104049333437
3.1303835495713823
-4.01207168316962
-3.6689688445574333
-2.8764506489551165
-1.3497402912572936
-0.9235687561743746
1.423955864224911
-0.9474737251830665
0.5916675153495757
-0.04051974379935822
3.5153372025307
-4.527453072584525
0.5352645775356055
-1.2489480589929198
-5.606163058998284
-1.715629083604443
0.520087825597501
-0.7800893967421823
8.427121105290599
2.8747622204105303
-2.2386819636255977
-1.0899501625090833
-6.7093077394265865
-1.4147671741084258
-1.986208960529022
-4.54421762928488
2.2555108332613667
3.448133169432167
-3.8682141646138772
2.020860999892741
2.20554281985301
-0.780199899536629
1.6761837301017706
0.7036795775319014
3.5515937501690744
-1.1977598569310073
-2.412655436022431
0.12757168430856483
0.6880745539368754
2.0702958968512033
-0.5916939971032057
-5.492592790092816
-4.750494099240474
0.7644164355462493
-2.3301752625716072
-1.3842709377537266
1.4476552211963019
-0.3787826390462951
6.898541484784404
1.5043066452503735
2.4195154711204383
6.302032735038057
8.688655068850164
4.994581365471205
-2.5469067680604844
-4.30606917622863
-0.3176612015856999
2.930786164287474
6.4837642844166306
1.4387237854123283
2.1472806432156215
5.09266485946787
8.358014369397958
-2.7494246851670985
2.816491004322322
-3.690822365529347
-3.163496030712084
-0.32745998394619047
-2.613103532216938
3.9469119868283595
1.8933145121743142
-1.9911045892543529
2.2628147356815074
-4.217524218470141
-7.767730029634933
-0.6773428243264313
-7.195606586289529
-2.1475852563359514
-3.373665295588059
1.8881679702481111
-3.0209974797015953
-2.294855756763366
1.7840883465312274
0.12311519650703645
