-1.072976777681838
-3.1221640000974666
0.39114770621915296
2.3099033833612843
0.18067322927702234
1.8326868470242412
1.3636210829975903
-2.569711598156535
0.531109930463493
3.541148582417244
8.021032684543014
0.118574646998737
1.1781940700808053
5.725837744594194
-2.5428510351669438
-1.2532725528738924
-0.2908347550226307
-3.8970615470855345
1.1295346221427565
2.7856666008199182
-6.010359443226095
-0.1556256155023827
-3.7627796042597472
-0.9269527246998226
3.3748194875528457
2.0329316800203365
9.081441738874663
0.1113858642872873
-5.600967252116778
0.8141045467811785
5.381629758008157
0.26101231672617753
0.04182215996695231
-3.163781355133862
1.3461577919168652
-2.227059853299626
1.0825964740892693
0.3653168142738851
-0.6881965420716772
3.061934625043399
-0.12018865739957223
2.179357748760817
-2.3706365092132016
0.4583375215638483
-5.431013413548692
1.4463386994003915
5.686165338689599
-3.3271621421870483
4.387950150508446
11.553195616120341
1.5805600017059565
-0.32715304339154827
-0.20340046545832655
-2.9963779112389095
1.9695373574046795
0.6921862542023258
12.143699440575286
-1.6134967100448048
-1.5173981299486465
-7.226137621829384
4.729506425357896
-4.480234174810076
4.399281840031833
5.34850465547613
4.256905382285874
4.306378691558386
-7.34691478325745
-3.2120779618414623
5.0788629506625655
2.004510753759029
1.1419737896941737
-1.820426412748716
4.260940027859624
2.212927062892596
-2.692140013873278
2.987901720403123
5.1256359498526685
0.47766579067559894
1.0514739075852821
-7.6952905099224616
-0.3083704407471618
-2.3353345989346495
5.4199944514405125
-1.670077789036723
0.5523486937612299
9.47127795086838
0.385732136849102
-1.6528134347508505
4.478744989380598
0.3946546728421523
0.31293730540044473
-2.9068022353779273
0.4746738375566248
-4.96241558363675
1.05187823223703
-0.6419113079379517
5.0293090605857245
1.9880389496771471
2.9464495274939484
1.5444950793110417
