1.2242195548393073
3.1838737846434224
4.515830718132463
0.688721012426632
7.874352612291478
-5.232596941354965
5.2451709147357475
-1.9936846166885909
6.957503731031541
4.742127724920753
-0.45248772316650115
7.926110422346768
-5.41779334656043
2.5110101344515643
-1.2510633455285638
5.914846992529434
1.8881142058333453
-1.5612927459828088
0.7575796854462602
7.255938674692206
1.825174140867375
0.9564101104676399
1.2760383894601095
0.8520924723522443
2.8661466912458162
-1.7520949086157047
1.3461330201625181
0.11097958478587813
-1.494684335463251
4.488438544073945
1.6046891764313471
13.384413301699295
3.1663524351662176
0.48848839284238543
1.9869955430379824
-0.5284084416467938
3.4521570350833524
2.903751064826101
2.100509944166884
-3.4289469953343676
-1.0814371888684153
1.0330264288692812
3.524878980577307
-3.953647751806246
-1.1435030821794825
-2.47359553055679
-2.745019633688219
2.5980954309364357
-0.2104853483273214
1.3118534804702995
5.417051777423987
-1.8234571711437368
-3.719850221124352
-0.6127631858054694
-0.3176735772371929
6.172904536436638
-1.1751761468051733
1.9824623776933246
-4.105195113081724
1.7160996387816079
-4.039673230345423
-2.9911631508255594
-2.573305204604074
1.0110621979696615
-2.4297055290347997
2.560255719737559
4.042863798924986
4.743257937621711
7.137965338320556
2.7105889378797046
5.139031578970609
4.162523059268121
3.3879672800855056
2.0596444430085574
0.7231918919902337
0.41750452065566296
5.061842004088572
5.667404970893337
-1.1918149960063595
0.8196395257410121
-1.276875715022411
3.198638843641748
6.093839876964859
0.5518893163202114
-1.1094597998623996
2.7597257055773023
-3.8139307105573224
-5.664987082616972
0.5392394872514154
1.1241045408395176
-0.7506909138701605
0.14759263599237732
-3.64595377830241
4.541874753617384
4.912400329040096
10.17111162030346
2.3471175508145357
-7.182333190516035
2.2700869119873275
-1.3720854771747315
