-5.583745497289856
2.861692827471056
-6.9781678186864555
-0.08886500048744975
-0.3262711368859956
-4.744139473981164
1.7077373972186414
0.892351481415737
-0.3317707823340081
12.890224684280252
3.7307317922283447
-1.6238134995435687
0.5136131805095516
6.153175161563272
2.2489151207407287
2.4421429485104564
-2.2003087342267778
3.581124175250582
9.852305960848916
1.5421570813220322
2.8064709944183117
4.711783249404545
-6.884888081808062
-0.8503171621723006
1.800288333120691
-1.9808519839497882
4.533746515441552
2.249862369028056
-0.09790065274142878
2.0603052809456655
-4.552535807840249
-2.07748388561696
-1.4303192622869252
-0.514017688103455
4.826299136879219
-5.276903340841471
11.290462176917032
4.801358610285251
2.868331706885908
-3.5018484041769256
-1.725807791546436
16.458116706128013
-0.01280905820596338
-2.0715268577950887
-2.024594986153935
2.4771657371994853
4.054840584677938
2.763626244749735
3.2811332376173086
-0.37531727351100297
3.4522598192643246
5.263630291039344
0.11529029083518225
0.8757778425331921
1.6345099021244773
0.6116497782591279
3.356242442056124
2.400953436396516
0.6015637759027863
3.186866822764835
-0.14481499182303456
2.015555249546914
-0.7330394846023778
-0.2474919883633881
0.44600431446447575
-1.699549453957679
1.2470833738135236
6.338706909380987
-1.0285879963868512
-0.18418345013893536
-4.512642749819551
1.294675161831076
-2.9654080541506884
-0.372956794031475
1.1106379281102918
-1.1967877681681771
-0.6450172164217651
5.4699484048183535
2.4660510096579658
-1.6098442104966657
-3.629789908320193
-4.8542651401576755
4.975703068959692
-1.5044690962181324
-2.4855602102048024
-1.9342791294140147
-3.466672019568777
-0.16612646799960412
1.5540117948996357
9.863156780392313
-0.10413635982352391
0.16712015879932898
-3.0414331374987897
2.6929133463899033
3.3774736061350596
-0.24127869872881313
5.543855104586399
0.5679954745817546
3.3679712816109206
3.8244484476167324
