-3.308695878373932
0.6179182221972482
-3.502314941095288
-0.7209138586287749
1.4124766629974914
-1.1494909074964816
1.129133678022029
0.5348855913763797
-4.676596593902648
4.370283063994732
2.3905631772806175
0.49583052547066564
-3.585818863961901
1.110773748323111
2.916890412522701
-2.684181574737674
9.29539952392253
-5.05779670518999
-0.5709673239127697
1.525032102025397
-4.505856740644071
-3.3242094807077462
-2.320891773324169
1.7416648045818244
0.24765237571200793
1.0795822029469437
-4.814055394607263
4.880390802470106
0.35391022396294974
-3.912897492575115
-2.22443403922899
-4.959281986098757
8.952887600983805
3.877880264339428
-0.3309163012706452
-3.6071670117641754
-0.14602436585307013
10.455125833852128
7.880869294248001
-0.06974045362799856
3.1059864289744734
-1.9764656417009472
-3.1922193404457495
-3.922054126721374
1.3456033658875568
3.8489336180548905
-3.588707501367626
4.500537499257535
2.0375929751544986
-3.71256608320358
2.438403321651195
15.290204982908714
-3.6480510518542753
7.147574989759171
-1.67987495112102
6.242399799046685
2.283435611845234
3.4997468278016575
5.523054521348822
1.3391433259843912
-0.0426594638744351
-4.553102783691624
2.50643342611571
1.8079603981926096
5.345380863153783
1.198377013543617
-2.887150689008734
0.8531337722823896
-0.16179895666824515
-3.720790483936395
4.4928342058973465
1.6219326625336117
5.5758962343303
-0.7323484030041739
3.0861830335888847
-4.496057509569064
2.8943273106551373
4.660124835419722
-0.2850657123346238
0.9451419123935745
-0.6374894846651239
8.522630361311428
4.630633381209367
-2.1253015393869337
2.330509611836648
3.3539087217530055
-6.07357179373537
-7.125724608214867
1.1732633843259912
-2.5633917197426617
1.7909665409601696
5.704273851255617
3.740915868866793
-3.848829022470108
1.503402528840764
0.41720910885567386
-1.897820115593086
5.540308490224694
2.7512918570934515
-2.605225761212763
