-0.7762171889842386
-1.878855880554362
-2.415131606351747
1.2720738501877586
6.639905548902397
2.0390457397346275
0.03695041214867051
6.931629751063285
-0.18797862960785322
-1.048776067505852
2.222291762842081
-3.311711449810268
-2.307958960928337
4.281682801745899
0.9617814149504044
9.431101193151246
2.770577798574854
-1.890996092065699
4.316965219908562
2.3682429841067565
2.340897459030504
1.4550893142557553
-1.224119945130867
-6.238345978401133
-1.2319184478342247
-2.650614168970364
2.6111776872262373
0.0008430946444499957
6.389907527478618
11.031237646330428
1.0810158717219667
-2.6075507770039703
-1.8900674180742243
7.656876632077147
6.765756099809762
-2.708190661984574
1.44142025767228
0.644802867993527
-1.5914539456827463
0.006264400476118632
0.9534111187358927
0.1601650178669862
0.3270339927507784
11.9457198647373
4.719329789227221
-2.4626084503537538
4.926842808146853
-0.8415830938525248
4.134696555931765
2.2538775601670498
1.2647100062484593
0.9804513826010879
3.53033506081404
12.533901660504517
3.0871698617050267
5.582304259668347
-1.7072902171968949
-1.8017825096333178
-0.46321453128679496
13.152524906819677
-3.1937345805367
1.4193550522616463
-2.9852920759782364
0.24323645791197898
-4.098975949637262
2.2957123196829707
-1.0711485461308645
7.501257779365683
-1.340877668387268
0.060110334939987
-0.4584298330744808
3.9483797812855967
1.09000068167739
1.2030734522586841
-1.5440814411498196
-2.978547221985659
3.416361898562292
4.707143535208911
-1.860402913641534
9.96331767700424
4.97796842263256
0.7977193089631023
-5.607190041843234
-5.792345858418815
2.9196388791500003
-3.7760952563331713
0.43634791232337433
4.46319322997882
-0.6164854031833154
-0.1399362902881845
3.342954350838329
4.604956381302314
-3.8246132470211123
0.3195953434485368
0.1076542732937216
-1.5544146190334067
-1.4136947822612047
0.20462449840556537
-0.16052801440255468
6.096813599102844
