7.717319196090893
-5.028299697703971
-0.20148939667445553
4.125718580048134
3.1758033149071405
-3.8572961285706118
1.0743127397474348
-5.309678510734602
5.241135361525735
0.6938748891667424
-1.9311445220926358
7.850092885111119
-1.5881041446303241
1.8716270346288884
-2.1794763695678605
2.6163402513489844
8.539641683722534
-3.164126891563552
0.45716076611006456
2.2499887184509175
-0.11077433693418774
3.390581375499509
-0.5252445228741671
2.0768185461523454
0.6408419904892259
-1.4700268389503486
-1.5626014390240004
1.5585523731124604
8.98015078361114
1.1217707779091886
5.767441025422034
-1.4954893649049834
-1.9555781171430717
0.10199125631468914
-1.3749115315386389
-2.408139450350285
0.13019308765224824
-2.5131546517196046
5.2230446995896145
-5.840566383655596
-6.432130085035189
1.1044298554509333
6.529945255240248
6.427560325943583
-1.8905883660873344
1.2123022178869696
-1.5704726762523982
1.1029705927310594
3.97800158724921
-0.6693393769972222
-0.777007829021176
5.7046048882415334
3.9411381976259303
1.31654866620205
5.275626485771988
2.649286492055217
2.049551543733803
-4.970378767719739
10.02760092482818
2.2812262919832396
-2.481835276179029
3.052661012678733
-1.121181111502572
1.352330738296756
1.6562792504403923
-1.0999357697075
-2.5564997422348896
0.8160079934792179
5.482840330346183
-3.7545287600570068
4.312110951357574
-6.572488194213401
-2.047873889802979
-1.8105644731946329
11.788612928128549
0.042960035440167285
-8.223957297368942
2.183718298382172
9.98450937120133
-2.707863892633789
5.8031531185656124
0.4019433469785981
-0.6254639549929489
3.006198769994598
-4.653015573070723
2.698002466661447
-4.431868725503037
2.590654336385871
6.587838514446295
5.153711144790273
-2.2979917481175853
9.206268167598326
-0.8277385482030681
-0.915171362822268
1.218577953923744
4.154832541419438
-0.4712128718487611
-3.2877099690345757
3.030736192723534
1.5064314057103267
