-2.011970092115337
-2.9139621317359303
-2.0278749469487765
-1.5194469682721141
-1.9607780021930818
-1.7016068420323178
0.2051655048951524
0.1701167570941809
-1.7193394901963002
2.1050715779224674
3.1781215543826296
1.2026595718824948
-6.734132872153028
-3.2543537955378183
-2.1968441151463987
2.2670806805666017
0.4221259894298057
-5.908287204500748
-1.0606643765766453
2.3763958565947254
-2.563529408827298
-0.9514586702469474
1.1153548234124597
0.41196418530421935
6.326408555751127
1.4567986488404856
-1.3398153938036756
7.465904625676948
-1.4195855913677784
2.1940656843596154
0.16089243359275546
5.14040344791683
3.0738784550782734
12.190921560380314
-4.271148219887983
-3.7118338522963326
-1.7426223575009585
-3.5936604141324002
-1.6975146870557913
5.595204907686938
1.1655472005039313
6.946648921524141
-2.0645204866208755
0.7015304311562234
1.5576900054719642
3.5121103513107625
-0.9018319901672841
-1.3217777548026144
1.2911847842904771
-0.5938859432176353
0.4703848139047443
7.358255508658162
-1.0458835801696655
1.0058189528131005
1.4363797815641952
13.305579589411826
-6.171341769487797
-1.3323829074544045
-4.198452641956239
2.6370605309443897
-2.6033181579221534
-1.5259521928905613
6.292658521132915
-1.9138878169547575
-4.314375354536672
-1.816483855001334
-1.5959059722313453
1.5592198093816267
-2.3783587306747593
0.10663565066240183
3.390029717899494
2.3579834632970345
-1.4292397451681327
-1.929077640524341
1.7281421244519763
-0.7414967570519903
-2.730884585352162
-10.114444208236073
0.236753635084404
3.8678561180806805
1.8962886636042007
2.142257225442493
-3.236460741429648
-2.044713955421595
0.41411769074491167
-1.66897540572751
-2.051588249130201
8.379489072888743
0.4940975855129136
-0.8126728914821926
-1.3370517024742912
-0.15328770665041347
4.127649651060992
4.410943071880492
7.05720926498859
11.183740153963946
3.459252311692974
-2.2469881860791823
-1.708875406152761
5.296978384685897
