0.26794413170968223
1.9158730253203822
1.2708672603211641
-2.4847913372504085
-0.1593012893070725
2.6959893171960916
5.996283303701623
-2.696669508508256
-0.47412633251621344
0.6266632508064762
-1.8351857887980365
-0.9429387177635196
0.32791531265457885
-0.026350735296158792
0.6855096171190477
7.590109880812048
7.096085785539776
5.819578652007023
2.3897763270536294
3.2758444967207803
2.7288751925502335
-0.7337600870827169
4.965941947069104
1.151847237613955
0.12832181298915846
2.9687827929951647
3.0560457284788707
6.744004197939496
0.5396127914731923
-0.6906893548274247
6.292034082254175
1.5662523858369983
7.315858722360488
3.5886224116899137
9.100638096078162
-0.6684359945013327
2.8350849192397805
3.1323446131123616
-1.8134971087525038
9.528869955661875
11.020215665891214
-3.2958967159410473
1.169295643081757
5.132109834062627
2.981539948767523
-4.1606127617281015
-0.10075962596624377
3.385823965297011
0.04069308236826877
0.0601739686408038
1.9156610048059526
12.620955392400003
1.6311612000621536
-2.404500674805294
-1.8746561271945854
1.8618557726937155
2.460345283637582
-0.5390130579447989
-3.9513460060516095
-2.8893001000473943
-1.6538569838418562
5.381004620699153
-1.8107395647041327
2.5087421671696752
3.4005785222922453
10.629379135840535
-2.1863414253179076
-0.6834824591391611
-0.12681650765323063
5.329553350600966
-5.570099769364661
5.517660804261482
2.6040391184319835
3.5946124949457086
2.712381575889999
-6.213711775274113
2.909122353929793
-0.4759800150329488
5.970958216650231
2.5992334052822974
-3.714402774953088
-1.2643935240958242
-0.075371547193329
2.736714140769225
3.2934600342320035
8.339427227981812
0.8353175093615026
-0.8779366828803152
-1.8389826161094232
-1.0345158505147716
0.9069618190724518
-3.552694816459351
2.4022894703204996
-1.724688599262906
3.718045999428025
4.6974153604961035
3.215705261176001
0.9920953710557074
1.413718050449881
2.099086021383706
