-4.905886521298187
9.435545449276582
4.556758812581724
1.1999892748902092
1.5452692611739798
0.8881095591698562
-1.048660539197308
2.8425535976388403
0.05385826907733969
1.4858234203549812
2.9272193079194997
3.057864842645964
1.949344897457594
-2.217880660389648
1.239407042212965
-2.0365435117886106
5.634378032160117
-2.6632794017961787
-0.6190546978571949
-3.6989466816786187
4.686930761516386
-2.3574227752459804
0.371511542705435
-1.330615244710386
4.130144453009
2.1588788899240328
1.24618132452068
-0.07046990399975739
6.89503595339309
7.92776571976681
-1.7244713837539265
7.769323049509106
2.6718442158341444
-4.605564464919431
2.9286521877996305
0.3013888102020388
-3.5287599677849975
-1.2695898448223113
0.12715905263260993
1.275803467670781
-2.1240706111074577
-5.6613856505583655
-1.3999329084891623
7.267378051399698
2.09408278079409
-3.0560651612233674
-1.1786637656934311
-6.388934145401183
1.06953135401186
0.6767707575764366
1.462497020265661
-2.370092128379419
-0.2779721772126166
1.8998475716799135
-1.2597530912872958
5.198741832557339
-1.7865089248029224
10.809103944441695
-0.08347534021158375
-0.018610797693473888
-5.306016154854971
1.7783171617406803
5.224341808775281
0.729944542687966
1.5234283785871163
-0.7297134864289512
-3.9526867087294915
4.256269962203827
8.838970865779764
2.755823769684586
9.776974088239488
-2.926794369763284
3.3025212187453983
-1.6661095227394607
-5.120063161436238
-0.22933698587147563
-3.1024248929802534
5.101208972211749
-1.9931485730293077
0.44217276777809456
4.541887696093483
5.9054581822363
6.426005918377575
12.623989574940472
5.285712875644029
2.632230251588549
-0.7813557622765797
0.7982217777442933
3.845789009466233
-2.603355319108143
11.783741064166303
2.949042415770598
3.0243656317532768
-3.379424917678719
-1.1668455522583974
2.1459789610963798
-2.3749683184344104
1.4956531648851903
6.25310835780527
2.4647592607248296
