2.324917197787417
3.4028363469148375
1.4636240679953834
-3.186340990269649
1.2003551531679992
-1.792080455831837
0.4013244889160943
10.134511931481029
0.13900094913823127
2.2915463665276956
-1.7668609795405272
-4.904398759240435
-0.17807605876292373
0.7694466827075455
-2.536432994909741
2.1370950123724692
0.2382670711073327
-5.046748641948286
-0.26653475724812603
0.13046848019426344
1.4126914587116213
0.4223911882652086
1.8456300147761242
5.258519478378524
10.108160540336312
-3.815557239733603
2.5226202974245924
-2.459860367469333
2.2091045862883143
-2.8965704796473446
0.8108528639861008
-4.972135727483497
-0.5738937095983644
1.2495219438991625
-2.777224936325593
-2.2592106775809886
1.3173571585484884
-1.7126593665983552
-0.5669141223273395
-4.203545307420175
2.16423294122319
-3.949635031328942
-4.542758251214073
8.642145322788227
-4.027700428170813
1.0346130309741417
-4.572518581339357
-1.6091843061256488
-0.32742439489967246
7.0753756540820145
3.222927513901486
9.969045613277459
-5.4274881497898715
0.9616827793609466
0.21009961158811657
1.7967103606409953
-4.834392271338111
-4.126146230465235
11.130266692595827
-5.634378876408812
4.728353399050245
-0.47604005114172887
11.21603422485758
2.0807667647725063
-1.1367445735425026
1.167763026908503
-0.5936471648282848
1.7983806348931806
-7.9971583787422045
4.169327281998312
4.0392489871637345
-1.7974967084221456
-0.8670955007247843
-1.43398214061795
-1.2373844758769024
2.2081970197203016
-0.4945470006385163
-3.44812301605808
8.110260581452641
-5.166868037027469
3.5136297124725924
-0.9335533294924236
-0.6214972444713867
2.450756439415897
11.876782789068432
-3.500437332408752
0.4602957839955948
2.691827159558863
1.4007296779957241
5.050693805392716
1.374434076861626
1.6087406585150812
-6.110590554219402
3.2049019435760906
9.652042332886346
1.134307362898135
-0.6271008403522458
-2.4789196301228316
5.016550882520654
-4.1831574227254835
