1.3734479289138177
4.788654930364815
4.765263318833828
-3.091173819153167
-0.4993207407367025
-0.04469497479096274
1.4969443225447865
-1.364564885216966
-2.859138452926806
-0.19652554663626803
-1.3624717554893317
-0.7061821874161868
4.468510753681082
-4.097148482059558
6.681945436985434
1.9884165008134012
-0.060791125535360424
-2.1205242527601396
-2.9003354933573666
-2.888486722184079
-1.4028665503555913
1.0878908074787477
-3.4408956367620895
2.1496139165153574
-0.5646777494189216
-1.5365155002562858
6.762372818151751
5.3694136161072334
6.051721667945793
-4.1365070579201
-1.7034706925549865
-1.4862072555109131
1.142888968693931
2.4156224620862963
-0.044057504444834555
1.530264219887004
-0.6540590537651567
2.2977799887321178
4.683826061070122
3.5110585779555707
0.1974922834907033
1.5317472974516437
-3.396756899244756
-3.7582856398313296
11.936234999508404
0.04601785335730562
7.609378741003463
-3.84294826057852
-1.5246514179207629
8.683544449351967
4.016426363557271
3.619385801739663
8.545681738737448
-1.4679783929164254
3.522479555861051
-1.259536011808807
0.024849513910064572
0.22006909605348357
1.8317087618047132
4.7814676877223885
4.103210543705052
8.768960253557003
10.107087424531219
8.445761106517205
0.8754280014900147
-1.349525425772589
12.218456417502843
4.128866444715979
0.2102412322501611
1.1317163542134152
2.7279974234233784
0.6234669334782013
-2.570671214471973
1.0972498931421204
3.549621641309084
2.1740330325235373
0.49400026326725943
1.930647730087442
3.885784670318924
-5.167705601873445
2.968901684258627
7.542614141993078
0.2399261178778176
5.934316182515745
-1.6774227995468876
5.197526919019139
-0.1473531986139008
-1.0203176404984458
-0.7682070403402841
1.9120510033618947
5.459724533437177
-4.4984068493703475
6.170787565436855
5.600428945790554
-1.1793935353437242
3.1608253968664255
-1.7790066069135393
-1.2355179841685298
-4.944942315790382
2.275676791666091
