-2.422608307916279
-2.2497967575085283
2.7868015036193974
9.673134649414646
1.4281561300651777
2.535603439120839
5.863360815353252
1.0735810165774473
-1.9380876116067234
-3.6301937098316595
0.09957641844048704
-9.626451210646461
-2.2591472594632136
0.8303572315882967
-2.6526219759783776
2.3059402251225163
-4.411326087239749
3.9575978753218166
-4.517027674476489
-0.8055794333235597
1.303110949334994
0.3714976232262863
-5.580836647600411
-1.6259954613921743
-2.17707043467071
3.0500883483229453
0.3680939160142732
-4.379303517279974
1.4090556457744365
-2.8696404963782287
-2.0999777245879767
2.579700491272047
-0.459087757913112
3.6582014475748617
2.5345782651913904
-0.38907344062144067
1.4631086407856018
0.676517074035946
-2.679366692883631
-2.8538849980619467
1.9141901515415143
1.206452296876492
5.029293253609827
-3.7661218263595573
1.9363459286079858
-1.0296343528000245
0.47713564995506397
-1.377810662376313
-2.858619217506427
2.319787988669443
-0.7777702164214795
-6.6867009154400225
4.9184124358360775
-1.6419672920595305
0.5574476611914921
-4.569837133641258
-4.974423770009157
2.956200781965767
8.814287893341815
0.7866747044082139
-1.4758256544644324
7.8083151393355426
-0.2752078454203923
0.9229455923955676
-3.4021485774319866
5.87580534933566
3.460897104578129
0.794701252891262
10.745774507765791
-4.653955797661615
5.1061265368102084
2.8426116090477853
-3.574880224365831
-5.384725933375151
2.488006722503344
-0.940607342987607
-2.6445747405232347
-2.851399698389165
6.327087446365459
5.970963679298775
-5.202346560522709
2.9869733284425566
-0.49175511545789724
0.25678850976272327
3.1971754137343082
0.7201685436371776
6.7563233599965455
1.1096659409213891
-4.071087321314681
4.38074561089015
-4.683806399920177
-4.561965303356641
8.113722996389106
-0.6356268972018116
2.2061493687773317
2.182500384194038
7.979551262924112
5.081866294184227
1.9356063206510004
0.006563565756033693
