8.619710152084863
2.40286370265154
-5.836080506822409
-4.089330456078413
1.0979364439795625
-1.7757421101540452
1.8586186471991697
6.249848102557589
-0.8445175442854227
-1.3715329282760451
2.377558836702038
1.4782367122890216
-0.1239785857010781
-1.7299437888911466
-0.0636134516898284
-1.1051049026335362
-0.5727847824278847
-0.8602191640242365
9.699908523752363
2.2758728008961033
7.769355341787886
0.47117075734678726
2.169037173835239
-3.623051315042969
-3.065454599547087
-1.555697964286928
-5.253287363964595
4.68838743570804
9.102504503051032
3.2993878217738803
0.7794623765892063
3.9307350929036957
7.130624469138869
0.6220220079286682
-1.7980901469455501
4.569630976544378
9.489601532690488
-3.664959431335531
1.0442686059651922
1.7802721924380709
-3.4654563231287683
2.7265901229492324
-2.32257045991098
2.4056824321939905
-0.11029899310559088
1.9545820649620598
2.115700273469986
-0.2719561831525071
-1.0832233199670487
-3.6185874809186056
2.1761467840040813
8.388863590757351
2.021397888363844
-1.437122189490204
6.5017471066878745
5.423838264418995
1.199835336278758
-0.37638354401073737
12.675717407126482
-8.9796943940451
0.7391000463435198
8.984636480521134
7.230514435847829
-0.25929158929079077
8.49448428318628
-1.9318819564738199
-4.943826223755688
-1.3100297366565918
4.794305687213585
4.925051270153891
4.315701565148144
-0.8927573483219247
-0.9505304099889165
-0.5479113058458861
1.1348874246329033
0.5044835857190437
3.2574685295455517
-1.6948265896225805
1.5660781902608227
-2.18717996419782
-1.6949077860963904
12.895454381344067
-0.38179896974027455
0.7629393953664887
3.601070688745969
6.878563119901927
1.7713187612559682
-1.571434881390742
0.7493071321838952
1.6672398763939427
4.399102948494056
-5.916629954164934
1.7505052878885747
-3.4836529753325944
-3.532092469770782
1.5384203951318927
12.703233896816368
-0.8385069705193842
-3.7276946653692167
1.6776525148059562
