3.125210083729473
4.163769184518006
-0.42600858699847477
-0.8865996750497225
3.324315106431871
-1.6296296750662758
1.8398781551279093
-1.9939994863178474
-0.6661077191237088
-4.079936921522684
8.627068126648753
3.6023885050056457
-0.8777258691279259
5.912223986208492
2.1060100781230098
1.1504020146456377
-2.179636021522711
-3.433429875084641
1.280513683580605
-4.289327822321759
1.906825253924995
-1.557733134601074
12.625803192972409
2.469103673091218
5.735112502617367
2.6281600511044148
-0.5009959128388818
-2.427516450979507
2.591658005520653
-4.757883802654009
-3.669929616300929
0.10894294946983517
4.333064142544593
1.5877600254880773
1.7209470487019058
7.66680718457096
6.177836114749431
0.06596183902574328
2.6097133354833004
-1.1164111810421158
-2.2738428689617507
9.08361127600002
1.4520551898066536
7.065517013229286
-2.9623537659348935
1.2624506968700326
8.808490206093753
2.5218264143381326
-3.788807621441944
-0.8765367217431219
-0.5096996825193436
0.5642502205327574
3.32349836958526
-2.3617512535999095
-3.7906807272495042
-1.4335960888948187
-0.42114062711431066
-6.810751969972134
-3.020376381619754
3.5693651065198377
3.355794989550921
0.7336752534006993
6.227362911904811
2.860356211727738
0.10975104999246613
-4.737716085528486
-4.712107093856824
0.1856637686217943
2.6393862629170943
-4.0675665380626285
-1.9739237167893788
0.13749618113126588
10.846681860068445
0.9933058027751458
4.218906730286322
-3.356627617455853
-1.4764277657466904
5.312387648207613
-1.3687755990784298
-0.1526649450609023
4.674760991368089
-0.2928581260739339
-1.9690903846018477
1.4886708981783219
-1.8676605055578854
-0.6033329708878327
-1.243174477822845
2.812591148197054
6.294518599541848
10.369568934458393
1.4503432561836727
1.8747070080693422
4.1729514527044005
0.07343052675369016
1.134209323210302
-1.1409139780480215
1.6177252044717614
-4.181427613113458
-4.104008925965876
-3.7234301573023005
