3.1491017502920022
-7.452474268769672
-0.6719251438653454
-1.3537722233626466
-2.4472292246718452
4.017374552861369
-4.45445570301567
-1.5207360579798097
-3.271345827901403
-1.4919364639635342
4.175725031457757
4.368569299865906
8.884813923369304
7.334892374223317
10.512632294524586
0.04276871257881357
-0.1856549188236964
2.077812920858295
-0.8704492113858968
2.1951686984112535
1.053624953107208
4.925131395211272
-4.17867716400531
0.7248488105536889
2.4946168928879398
15.302763098644593
1.5433802702928374
-1.8237715963197583
-5.459487176308927
-3.695754686709769
-2.919761091489197
-1.3010446804316478
-0.4051095396587654
3.0853409900040254
-1.015776268306593
-2.8314753880632497
1.647270745371503
7.255451301633424
3.9416106980694066
-1.0978891716848294
0.9053865828730558
-0.020795699426702882
0.9576713131360195
3.559786022287002
-3.4154657484432454
0.9480152501245763
1.7184555479580461
1.4774516901135322
-1.94020737511197
3.027405145051465
7.901243232950491
1.0095961897233021
-0.45632534702782485
-3.2212599763828664
-5.10549253801468
3.6201476374222152
1.2469166643297052
2.5030275388895116
-1.0778589818867743
2.819303196801319
4.387167353709026
4.183619130355812
4.343447374731974
-3.9417948111942858
-0.3187836669073718
-0.35260073752364396
6.444140881394151
-0.2856191450834822
2.651528060202662
5.27136213772898
-0.14812149564812385
6.765225194932978
5.7782620075864
0.12301465527744715
-0.9148285900372417
5.625169071327283
6.5887179096387625
-1.581984081762228
1.1367058132145142
-5.51867255827824
6.563216974541252
-1.0432546836937853
1.7215681172665378
0.5893650583188067
2.3736656637073064
1.1422944923031673
-0.55582522018915
1.5646915741625795
2.681176134197468
1.5279700236516724
3.472267786522612
-2.700951795338421
-0.9967383369740159
3.2260892014215106
7.863937872992853
1.6088737206232226
5.703313821687912
-1.7055322497160523
-2.5617798569155554
-3.7571235637047016
