3.8264986531017504
2.6231375265551953
8.40830705434243
2.2104021619110927
-6.605970176288955
0.27542155239237825
0.36530604844977366
2.1844669634059044
9.677925056291974
2.67481152849689
0.3713429431136902
-5.8580275820510135
2.9746426857459247
6.29512216195989
-2.197633056210062
9.958504885829324
2.708352512773459
-1.8295107563936375
-1.5360063011258338
1.2243699985661953
-1.6513885137440356
2.507730865090019
-1.097019897233737
0.556834088906128
-3.4714112774930834
-1.9987086534552807
-2.309051172168899
3.5827542018483007
0.8334265669158534
2.7153141994215515
-1.2634259825416567
-3.632885290765598
2.480224838890799
4.9188382996793365
-0.6166374253996216
2.429234686569499
2.342521876251074
2.6146842051133197
1.1608739876030425
0.749695104516882
-1.346591644191949
-1.0474658270669166
-6.82795612936144
3.934813016139108
5.925131465509751
0.09244408894595262
-0.6733264161109873
-0.6752920660712091
-3.504232338276366
3.5573579415269485
3.909685351704397
0.9779325446181988
6.954347886000546
8.994141717780185
-4.666762134810611
-0.7467284686669894
4.635986886978227
-0.680108476463739
2.461299739677632
-0.5666077257037831
7.678435264182623
-3.3033381260377555
9.961525692115158
0.8843704915139301
12.228909155077906
0.6290912880468031
0.7719834812418147
-2.2444772454734183
0.609563729680703
0.8814315572806977
-0.8490690257514464
1.8306118446507125
-2.906941265112531
-0.683949526730701
14.389658809535899
-1.6282394898659294
1.5240791868801165
5.873817744994453
6.212468781820688
-0.7834839384399588
-3.5063794152075975
3.6980660960865057
0.8239654575637987
1.900615133543408
-3.627480346556636
0.13037015579478847
3.727632120030382
2.8426591214606685
1.21428485392936
2.9642920682693408
4.8688782554308965
0.8989595803040322
-0.9258030224366518
2.5521914923193565
1.2056816937756019
-1.8307067690875674
8.4242808219887
0.7208822771569399
6.734285601068008
4.999085645609588
