9.243634470718375
0.2282135220353217
1.1346297573076667
3.5274186537751024
-1.1762294090866807
-3.9642091601628606
0.9663811850891963
-3.7078284115374966
2.418715114248999
-6.794342410073803
-2.4319363288098748
1.4127301528976282
-2.4205227227129544
5.176877455081989
7.541515167952513
5.292041847967792
1.2913526747218664
1.438131120964527
9.813909357189956
-2.2122120002156125
-0.9980622153687184
1.5024075084090296
2.3471764952587026
0.5406980927064944
-6.390775637376821
-2.838919952423335
-1.988117398699678
-1.2094919198827856
-4.90524930278268
1.3614906386234304
4.057347699256937
-0.25527214752327704
8.570841937343246
-5.804625902096663
-0.7450060470813993
-0.28641825005394095
-0.7296617645758763
-2.583788633182354
0.7850145440103475
-0.13588671040765615
0.2819600868364729
-1.2358767720165704
0.6703757520855822
9.486487205012654
-1.7083632943890454
-2.6786034268698207
0.9209186564739299
-1.0908777909904908
2.2108609151527356
8.715601476133791
-3.505510329449864
2.9512985383997954
-5.247431169877871
-0.9243146599928482
0.676767596901409
7.509851602157564
-2.887868539228488
4.587279669836727
-2.3408652217953745
6.226985477921408
-5.478231424466779
-2.994709503200063
-4.138595428555104
5.682003044016078
2.002965561597498
2.8063397326086013
2.0243362709404638
2.2715048532665096
0.07527171040456015
-0.2592250725536296
2.440156098997493
-0.9287662137861785
5.015790809958437
-4.004797205772026
-0.19164104927304698
-1.5360307242376348
-1.5837073500093588
2.0634575564475934
3.699450671538904
0.08387061075715943
2.0495980696919887
5.37161341768223
4.029626281856665
8.243798958023612
0.644688317540037
0.8962362528409588
0.3999203709871975
0.5636435416405784
6.980379786312113
-1.1572137079048246
-1.8863100809352389
8.849150280988491
7.2267725741004725
4.417848221534886
-4.286620977421242
-0.42707121698291467
10.049684941855643
5.090186522335672
0.29192529726057803
5.387656175330963
