-1.350924423997046
-2.5108808813475525
-0.5934385802123083
-1.9345543021560871
-1.8952987945122202
0.8979339213451222
3.4536272296604777
3.7555312583067217
-1.773432345567869
-1.1471909250409555
-1.2822361280296004
-1.7502947640173896
-0.4577459561700151
-0.06650166436754852
-2.0888996752659033
-2.219272772679748
0.03966678546354255
-2.1104444814581464
8.564594346162073
3.0764159007760328
-4.21863296805029
4.770436045674613
-5.970065511815572
0.9231992246276116
-1.7352426868355675
-4.32617313326408
5.278426775981537
-1.8884354116112272
-3.6872954730787093
-1.1873368603265926
7.7969381598235294
-1.1614629354022554
5.941144649824771
-0.7877440286735005
10.060072369838721
7.881339264910903
-1.8374801894170876
2.620575922715033
2.1941073430320657
-4.832069737062688
-5.746558915944981
4.361981874546118
-2.113539462795749
5.175703937451541
-0.0229546659362712
-3.059237219689062
-1.204986602024046
0.3253113706803116
1.1668249040523342
-0.39838443926516026
-0.40492050364610566
4.851694748384687
14.45422943276021
0.4836572725141247
0.49211728439782426
-3.259666385044024
-0.022912191620258385
-0.195079004461586
-0.1643465757620926
0.6391851299362175
1.0494346393491742
14.087330626331056
4.556787861228893
10.004527366999334
-2.662549780906894
-1.2105675527068067
-3.145642280001141
-0.9213680718800276
-8.938320433992484
5.361202875531859
3.283225948211327
12.397667629604797
4.178428391429518
2.6379047455451525
-3.877237411121769
3.08818142819611
9.8924729094057
11.010301257694348
-3.2750363974233463
1.0554159189234966
-0.8007546534478407
-5.1934940776953455
1.3315205731886806
-0.6330179974196067
3.1030935994683646
-2.6372968394040956
-0.002923269251853277
-0.9564591238472038
5.007564075333924
2.3911988083722244
-2.106055061041027
1.0231213401480164
1.7976952056241107
1.6067886207002977
1.9126992163434937
0.12126482804856652
-0.859524669842274
-5.107607235852194
-2.0109785260468476
11.391198439812356
