-4.387791460279536
11.130528499426458
7.334614752763237
-0.3961561362065198
-1.0893475768516065
-1.8742960113305025
-4.2999813297974745
3.6002457526913427
-3.0612857433981278
-2.467832558189677
2.7888805599732867
1.6753010904553176
-4.199763588409177
-1.320319649911081
-1.3964137456302694
0.5629906564342243
-1.9932865044909787
-0.9246091622696381
1.777693689648585
3.1616649487971786
1.5972217439428302
-3.1113743259216897
5.073591427505441
0.08777666989072927
-1.5473884675062741
1.4256599455193224
-2.647588764178821
11.490055924244668
-0.8331619641913798
2.2750549959845063
-1.4926348172643702
6.540223436442626
-2.3065648813863673
-4.673717781055266
-7.590973126278474
-0.30479511819215765
-0.4860963005314275
1.9811556651823312
7.137787627667333
3.9756662828749967
8.398066203387927
-0.31834971867957196
5.4032170460804965
-4.774463454121794
-3.2043316681790106
0.5470753104629265
0.8717597188865238
0.6044166481892733
0.8494744180713376
3.4462563750109076
-3.4842272969700243
-4.88991034217206
1.1255062519840533
0.5377227463200904
9.611747192185042
3.315806574712459
0.6724917019408554
-1.648998566579786
1.6845448161541536
-1.6529219790976954
9.921178066743904
0.16077282070576432
5.897273333819405
-1.6105588409881015
4.563819922252624
-0.8926865487854223
-3.6323747175362167
-1.9697309550715243
2.0585574823480277
0.3653577621440993
3.612252584386213
-1.6321602401048758
-0.3678270783184793
-1.0278628980455244
0.3270430046110131
-2.6590673699140845
2.2004487228194143
12.164367764216838
1.5634570552563267
-3.6010253503542
-1.8154883641399162
-4.231824783487504
1.1659828476281042
9.518203679435684
-2.4962533473843833
4.000725764191663
0.8860546418637039
7.136719219097085
0.17808505924162582
-3.6558993002816864
3.2724655964856257
-1.0665402974502258
-3.213675399546469
7.0683775425171
3.336905964015133
-0.4401940089816675
-2.1507360260539654
2.853710479837928
1.508031378159849
-2.0790840170452807
