-6.109927326978548
-2.340382552375476
4.3880057685030405
0.9503809030243847
1.4847928485946875
-2.801762506533189
3.4295884671178243
1.085035544445998
1.3622715223203925
-2.2691823682634595
-3.1000947044302487
-2.5343002315177
0.2807625783443979
2.2440601013055064
-4.0350475763291485
0.9844455480706091
-1.8849381764686388
1.8373053693386798
-3.920030044122031
-3.9049607562060977
-1.2647421368697558
9.57616371112174
1.7697935470426096
4.270895632087099
3.9067901943744037
-1.0616147119544286
-1.021596908999033
3.3251038092658183
-3.6886882505337146
-1.7950828852848044
-5.290451432058399
2.140848521767114
-2.609360827211453
1.1062718429019518
-0.4402826601328441
4.62999582989008
2.3109937561217073
-4.91426850474972
2.500056545782294
3.7167494738039313
3.1674884377818247
-4.926748417393072
0.034152306035911933
1.178606317416656
1.436234870160597
1.0278473651266664
-1.363565633180775
-2.687313719526481
4.053388436748762
-1.9875427199245217
2.5408736867774797
4.404743852396148
-2.178218279062277
-0.44392523404251677
-1.612137526617031
3.2899499893525057
-0.19145406897072265
0.40927126435100614
-0.12894522736637679
3.373999936912206
0.9991128414670665
-0.8940821461588255
7.169288554026802
-3.6981139556217513
1.9983963127389606
7.111426352434138
-1.0719548948863973
-3.742711880429253
-6.171646479087067
-3.9154873422178795
3.5813209839139812
0.2912834748198607
1.597613152873925
4.00763138369847
3.3271292032134876
13.259078234881432
1.0656313140182245
-2.1457402017535903
0.34825907957604446
4.170341497806261
2.3022867525822637
3.866182942621111
-1.5683300167560943
-2.664464601723198
1.1453680515620344
-4.348101072112854
3.9764704993499027
1.4265374433129425
5.771764471483054
-0.33903405870969605
6.593404611668918
0.6613678850111411
-5.537982220973427
8.215128150987045
2.72428617499718
3.6901507602251495
-2.526956157794123
7.617059179289278
-3.4472266055348975
-1.4009905375657656
