1.1585486102417486
-0.05902483040331813
-0.5409922199906422
1.5868636461139962
4.131954176432022
-2.384485510944577
0.30790016063052206
8.136073134264414
-3.890324369154821
4.418668485720406
6.315083908645006
-1.392950920751481
-3.841297908333251
-0.5803609881793301
2.670450242307944
3.7601146010717765
-1.396359325460831
0.4561147046748737
-3.6656618998235935
1.5781192439432807
9.98668662017849
0.9953427015827885
-0.7581864282149917
5.888269273246445
-1.9359480988775069
-2.873508674585064
-1.197713563482523
-1.084007507911814
-0.5352451567251705
-2.9088589624735306
-0.5759120050997336
1.81306961486111
3.2766978806159845
-4.843045252946485
1.2409924189250683
-1.3199945089338856
3.9679638138733195
2.885714550421724
3.6532028545994786
5.04579736294399
4.096050197557059
1.372722467183673
-0.24952975827754523
1.8695849225382328
-1.0393380057529171
-1.5002371730981947
4.906408639493371
1.795704304644694
-2.050965238486283
4.59508607146795
-3.7879848947345964
-0.7933247161565999
-0.7926805967791211
2.010622740474578
-2.068106922466979
-0.7833943709822533
-3.537490877271196
-1.1090153916963252
0.8835519809159778
-0.4758940355084289
-0.5884389661461347
3.0623593777764895
-6.241252674237765
1.175551690660021
3.869941168895962
-4.802869859683124
0.2848036525125062
7.2296159083793246
2.826504736892046
-0.29590904306588495
0.7264459864880908
4.088621148991435
3.4715475900670265
6.195307320171921
-1.4696995740633045
3.1625519633454484
0.7336158783561382
-3.866489999029116
15.399064523490338
1.5869306268838712
-2.1553200775532284
-3.5901208664887534
-1.0427733595081818
-2.343611058808845
1.7148655267779622
3.9940992877897163
0.6294936032936845
-1.5196190184219005
1.754714357186741
4.363472687102375
-0.03232821230179184
2.9856019633603594
5.294970276544928
2.0212031828287307
2.309120797291039
1.3755035188423892
3.5126168623276595
-2.16526545125211
2.1450067075343364
-1.8243752944516731
