-0.8509876014287665
0.06713410327479949
13.715343254087948
-1.9744904712026266
5.525377063203735
-2.4168330114877588
0.4042827030560225
5.728227217207428
4.270701930507216
3.616390810982189
-2.9709089406267677
-4.4440215133362075
-4.190757170339323
-3.226235413067151
-3.802266706544523
6.4877281753459
-1.302279643445103
2.4435371307566345
-4.688987487156264
-1.4133659427282355
3.127382915636961
6.6885234102444375
1.2486531901726747
-0.28315141240089303
4.425186969207164
12.66144636924317
4.643628883642401
-3.932653759186425
5.162764399894244
-3.209191750731577
4.641942850484064
10.68472467524396
-2.7729664055607977
-3.9634459161445217
-2.219639127566623
1.8088985033210356
-3.6389422940324696
4.201910517099641
0.0867747730250271
2.1918220513205204
-0.37738462110630844
6.669481075099218
4.7250386288073845
-0.932329659920397
-1.0881874092667032
0.48044598182694526
4.932019720206731
0.3399809501222395
9.382087655421373
-7.752339968062262
-0.8387976067239932
-0.9488456346680154
-0.23823763306143944
-5.696798382069464
5.0292611683271184
-1.3594255041328382
-0.9122072228677744
-1.7217426247572045
-2.688023208520481
-1.876468120367294
8.391870414707281
-4.047670905915748
9.45423347027953
0.08918616491361159
1.5693373319613655
2.7680111872864117
-2.5281762582459484
-3.722908684797674
11.727785667964806
-1.8911990583187612
4.807177539856312
1.2919416515648843
-1.8887635375174858
-2.222368068868573
0.21530654184018178
8.619798691432576
1.7068502798234935
-6.100994396879956
2.153768188071869
0.8370614045239588
0.5185498750625345
7.562559816942441
-1.52317417936273
-1.5657254148483744
9.41278836045289
-1.826981185088761
4.980562709653672
-2.4830321125136403
-2.344215725410118
-2.0098064596778435
5.173444881191128
7.3455576514978205
1.0433170505714844
1.9138179027582902
0.5774011415911704
0.5651565173455771
2.435697839517207
0.9159069485397566
-0.8873849398380629
2.8436456387137428
