-6.592161537270879
5.478841973178845
-3.1444642460096155
0.8711291418420851
7.591354070494901
-2.7375184600197713
5.58427790180494
-1.2408459055102745
1.841944689080573
5.726787463239303
3.9924797646916907
-1.088353720081892
3.7414442209178844
8.630712632844707
-1.8189004672492604
-0.7386276291275748
-4.421937938944801
0.025772026238345284
-2.6460469163535962
8.307360327018849
0.1868965922817552
-0.27132275970003217
6.1665697516175575
4.284293402706539
-5.966702645618246
7.301558941632151
-1.9317276852317438
6.874273565374636
0.7100896413510044
1.8418841336172105
6.261634553773333
8.221572804052768
14.106395497312434
4.207633464417384
-2.6837046780394958
3.3479641949496877
1.4221269940522854
-0.8966115569779103
5.9173850075526655
-4.559964856521214
0.19081727500329476
6.8568116010510884
-4.409367851210347
0.16611258218643232
0.9038297241343181
2.1484428678140066
-1.5222105639601962
-4.940812241999459
-0.2734543140040216
6.576591490199255
6.165520988285954
-1.3002771799613302
1.7894999146456487
-3.849864879794711
-0.4092177849809929
3.485694051730099
0.6359651917940496
-2.138166691427461
-5.382955790996558
2.2935466021554767
-0.9091637559871005
7.134303695853077
11.532167926833617
-1.7147308716231953
-3.3649033906444634
3.6575345496564644
-4.069881892805804
-3.332883444403918
2.630615350689916
-0.20213528888479837
6.454063531277587
-3.156135404219024
-1.4083139765092456
1.1914693170060897
3.4640947141850114
2.205141410831552
-1.2394454389136502
1.5741912953881558
3.100826722006905
0.8123285912372259
-0.04243691299465905
12.868718125886897
0.45633426595109694
1.3069831427765362
2.0852512164354136
4.216842881815971
-4.84469497181983
0.681449057975826
2.136984237756792
-1.0742924077669596
1.5836545296947144
-0.6421552415286672
2.6371017036769464
1.8460290501839474
5.865673769278458
-3.7472405652230516
2.5396893751869194
-3.470158691435733
-7.009720402468473
3.5516058376385446
