-0.013283446941089612
-0.9453486278574434
6.875875137207902
-0.3648103196483952
0.08077096810488776
10.27077569687895
9.411052880306693
5.954550013352554
2.3381272450631876
0.3998276570457028
-1.0568198115267111
-2.037454358198957
-3.15917252847819
-3.9029719025431113
-0.8996825098518679
5.373212012368384
7.9452855147443735
-0.5054343579878878
2.4538410413293454
-2.2162183850322625
1.6308167042800443
13.04977297602872
-3.026778587854352
10.219683141974688
2.402335822851366
-2.2482361654095704
2.1377577153841805
-2.324863675979667
-5.201950535102427
-1.8929758229313096
0.7402313296270068
-1.7034585419910182
1.689865324328016
2.1558968765658726
1.7147984914331857
2.347948358949134
2.019350147572111
9.40669253113838
-0.32194422740584056
3.175033447737758
1.8809527539222108
0.8078095422012144
3.12149527644701
-3.1618788670719677
-3.5618492479879693
-2.446279921335065
2.413155535103105
-3.2251394083599054
0.5418679465311841
-2.945150101201274
-4.892182968439702
0.585332248140522
-0.6165596847785004
-3.1146493810134963
-3.567350037096684
6.18700082430518
-0.7560173061955157
7.517775137032632
-1.8181713348995623
0.8933834339874636
-1.6347870548341108
-6.092859253616401
0.6040589303455303
5.2679487127816005
-1.4533262332803543
11.95347852343501
-4.460364163597394
0.2706555110133153
1.2167495618843744
3.006338425693587
-1.9902937216784853
4.521289657375052
-2.1152160410126513
2.302103036080574
0.9464740719741107
1.332438246931575
3.9749104720874424
-3.2101035864435237
-3.2586766208920213
6.479932428020636
-1.3294053152597676
-5.442177003810861
-8.60903761188567
2.513424376076542
-1.4421512911198509
-1.4852690008530058
-5.707453345573439
2.699058574804096
6.05640517900488
0.9594776643433043
-4.100697208918417
1.6266636055526447
1.8318685568792752
5.247647532662697
1.9215969516298128
-3.9923533794987653
2.29771070650123
-4.932990110194355
-0.06403977500546176
1.6908380317708602
