-2.937361869333031
0.9885188414467672
-0.4320913786617156
10.405679035302864
3.5536092184839116
5.661688914777899
-4.312268547694192
3.885832296218442
0.5914517450227428
1.1903195146286412
-0.6721988983781438
0.42791148903729787
-1.4627834983060772
0.22059337546510593
-1.6332055282251128
-1.0954392159287938
2.4339078487294312
0.5121356824823742
-0.3196146377435122
-1.4099222939174951
-0.6102643038925373
4.056587103885267
-1.9492884884047932
8.249335571794283
3.682012072077905
4.437125215341338
0.20451167485231259
4.280547462454276
0.7272658418358975
11.611538758964803
-0.08478141582487278
8.050859813530167
-1.3951699207339718
-2.2784392618252527
-3.2432590060137096
-0.3079932581557707
0.4697649336399513
4.68005501282663
-2.731654129871112
2.214638445512551
2.185379734561579
-2.927433006883888
1.3011649267190928
-0.6552425471919463
7.322026067414405
4.925176116846807
-0.25205318399514026
-0.2242285802828473
5.816237577860985
-3.708960010534126
3.641708008973594
0.2795623826080306
-2.762408217288908
-1.5982012184097356
1.009868532347241
-1.4797348124076097
5.062482244314857
3.9245696568622996
0.5933125937941889
-1.387952934273375
-2.0314276768159045
0.38403532730975837
3.50332908930209
-2.1285130968597645
2.116628314420195
-1.4646188070805963
-0.3945404611542598
5.42334184101604
2.071025548736082
-1.7061118331757479
-2.4602793565559704
-3.758933920361823
1.1201622960633775
-1.358724694988092
-3.0088296252386733
-5.2988741364044785
2.08870117075395
-0.14112707422448117
-3.1688664272052787
1.1310809172147032
-0.5179138698530932
-2.090853407448
1.1863764165256436
1.92222567746856
3.0277828387598054
1.6404291971340625
-1.785998017777136
-0.8860778868971977
-0.09760909192898265
-2.9279996420847008
-1.1648766412644436
1.2332471383631654
1.449556413516865
-4.193401811554915
-0.5877354283172869
-9.083728892494861
5.693588977556468
7.772557572955613
2.5472851895595987
2.679682446973491
