5.539650441825479
-3.0114686041517635
8.80620936701355
1.2480963360790855
3.2746983418105113
-1.1008749999065948
9.688447209536132
1.1122937304049405
1.9190673024997604
1.7467903328471013
0.2956997951945829
-0.40904447669042737
0.7999638779494501
-4.7654338648189265
9.205595567098195
-1.971385975945972
6.655754174233555
0.8576351754205669
0.5843125727195225
2.1262706944195715
-0.14135303633558524
-5.77852034609851
1.416554663976123
-0.6544257287935799
1.3559489400877012
-0.5562757777856209
0.9594279204882306
1.085015989129016
-0.913776790539591
8.727467957685993
1.2313665865259802
-3.5033546901294557
3.8183226509303516
1.6455948789041064
-2.191453083523587
-4.291958892924408
6.408017001047466
7.816773006607415
4.6172168800450555
9.233539358136182
-1.4573543750475424
3.125081226372596
0.607343492233004
3.798767781888409
8.364377044604172
-1.7473369529694782
-1.5367425851456844
0.17439815068417264
1.7240989980006107
-1.9869377023176362
-0.1098264062466231
-7.102305668257831
1.8737300929218743
-1.6505789747007897
10.730477731644303
5.610126087255725
-0.2187663660887691
-7.195190096631367
1.9598731807832124
-2.491592357345362
-6.488806862646163
1.4799922436238413
-2.7556245183368095
-0.7271956031668805
-0.6144445889994965
-0.6928452532606724
-1.6674789187087873
2.3126551882751816
0.5710454176716118
4.910058398523611
2.178352628571773
2.897287334326815
9.47697437934145
0.6413042553930373
1.5020534868249242
-4.521270169357321
-4.692235316166377
2.760312409686582
-0.6372836089536886
-3.825295664119589
1.4258098358867841
9.912421319778385
3.5955713216613603
4.038325731205035
2.492749477797479
1.474800356068897
-1.6864218609972021
-0.5346262708371048
3.2692837636951335
1.3448606692192995
-2.369542896190115
-4.608007281660631
-0.9983509698004666
5.363577556370897
5.945172769577958
0.0752889683620676
1.577986717634799
0.4709095067671927
3.445742610788966
-6.333314956595604
