4.344752569507853
1.186243575733344
4.923534184569624
-3.6794643018221174
-4.797906094161576
-1.0094847226936303
2.416266093295062
9.45636134223203
6.618689745732004
-6.384187917649973
0.5471460028084121
0.21810910126597524
1.0471077937023499
4.823931711828773
-2.1706806415365714
-1.0201108378984665
8.313819285385792
3.7243352638344267
-0.9494307267777273
-1.905871118873577
9.882552633207235
-1.7544293273628582
0.7328281611592466
-2.793338639889215
-1.7456502404154284
-1.3064819752490417
-0.25221506156776824
2.16382189772163
1.7654147513854839
4.003031994404493
-2.1286044605937886
-5.529327197066079
5.0056391248900916
10.77229979114692
-6.861165079475832
2.9360266894691254
-4.15905431517082
2.694782391067625
-1.6931609358447584
-1.605442076626213
7.3769975107340215
-1.9832571141322752
-4.833987949349938
-0.5892384387649352
8.75238082747024
-5.704264817798103
2.207529918969054
4.9545774860674054
0.12996009446379375
7.020293785413328
-1.5894085737470283
10.232608478981534
-1.9845965639277274
2.2383296474161325
2.6832506204116475
-4.112975462568684
-4.673510807904356
2.1563371263331597
0.2068536865850648
-3.5430445211224835
-3.6039453380734985
3.2831447473886173
1.5238174690078676
3.179659820477589
1.7167496247051037
-1.2297620705278927
7.422027396206868
-1.933906460724454
4.258782661252747
1.308106506126711
4.660788332356032
3.9612302366805054
1.0912161402672156
4.173477213126429
0.23716869873322188
-4.1553242317829024
1.4969816978825146
-1.47354845317932
4.471357935164441
0.43595881834047456
1.440923247879066
0.6977010610456333
-3.503466129557529
2.396067689139551
2.274477795027118
1.9733500404351674
-0.2367914682221544
7.028473563886411
2.706891398848323
1.5173761534654782
-2.2482070728986683
3.6650270467523027
-2.322071699860688
4.094464696808604
-2.8924369082229706
0.4046495068542346
-4.469087349966856
-0.1032219519945938
2.7157891860553347
7.015541252532897
