2.3247642375445925
0.8217873625399873
0.18550887390606874
0.5019969708022373
2.936250713732628
-1.0870654206631778
4.325645039311346
-5.126646856287726
-0.5504162405799125
3.1794640404515944
4.070506345423924
-5.252292095203648
3.0911252642530163
-2.4107461118962337
-2.8704218148558187
8.754388845523792
-2.0809016277564027
0.5351987211994116
-0.3146030976093412
-0.2610400549093519
-0.2599005581767757
-3.7857173751984785
7.099375783417274
2.9691908451239133
2.7883254225634335
1.1992893005741763
2.615554655468208
-1.1689411193948818
-0.6434628199749153
1.4512085955240313
2.382751184932026
2.1354567355677725
0.9721654078441524
-0.9910045019009146
-3.6060653850964375
-3.984161111383759
-2.016039210718902
3.9333230789244444
2.6274392174368795
-2.7232162464277683
-0.21615154814168325
-3.681592594850193
4.154107826615972
-4.258604564344077
-7.38114953045953
1.08975541636659
-1.2536233316273044
1.14836731632369
5.263618362178142
7.969142552913835
0.944151314415737
-1.697241131009759
-3.999749229180312
-0.6962284137055957
5.705028630250949
4.960250436586088
3.978373048572228
-1.5468816790745854
2.553528115057455
-5.090143689891813
4.798729858825165
3.2385668895658544
-0.9929889688378164
-2.3714474295623353
-0.9109995176092753
-0.6271515680488421
3.9842899691752107
-1.1570366215069143
-1.645248836123852
-4.101827072262474
0.17083068089130876
-2.621844240602547
0.22306599897359497
9.99599426547567
2.3313161490077294
6.993640385702713
-0.5881690791639773
-2.3980614747776197
-0.5618396064653453
6.237165399211891
2.308032710374217
-1.7317154976325568
-1.5802055953815008
-2.4687773528679227
-6.988995560207957
1.291561324806211
2.8085820866942752
14.192150925013957
-1.4899715733852739
0.8150372828404968
-4.024987558566886
0.2328401647379746
5.856084171640677
0.2958850939209526
3.1243352980735324
0.8309749441116208
9.475577600993896
2.8292851518695032
-1.337837392644923
1.0008177381864696
