-2.6181077101679664
-2.102483826501229
-1.9985851038420652
3.2786877324336032
17.46203494056938
-2.4524562725760206
-2.252960675283225
-1.2495295653506668
0.5869907957635212
3.6659390359306205
4.168303536631894
-0.7139289229862791
5.865543659460904
-5.596373249785433
11.04382862078926
12.314779792885528
11.232600157565399
3.7450524639258926
6.553924163168321
6.9080219795310835
4.911829166750306
-2.6870526320957673
-4.964892058583018
-2.756776927445296
0.8063022934719144
-3.2861075858161497
-3.1888193193767855
3.4624121145861775
-0.7805231238220649
7.397172217796759
2.4197944888660317
-1.929312424356467
2.0092939829134675
-3.6977360362446547
-0.9145099045642235
0.07013589783175184
0.14812803909761119
0.7125545778620724
4.313103931865957
1.9220893722687356
0.9217217286082187
4.427502460157448
0.5354406090157773
7.529406855753791
0.02005512160335145
1.5537490601797765
-1.3600222387372412
3.318203714563345
8.7698581602207
-4.724170947758065
-2.173523082584964
-0.5430477518370177
-6.870989997580251
6.227044266206183
1.2105059350935456
-2.3525796385917634
-3.915300523419204
2.3926125417463675
-0.3354991070270668
3.5273373252765
0.1551625182919653
-4.183920162348064
4.269261760150933
0.9530682311528402
-2.3763400650906954
-0.6115775025014586
-0.2093306399746333
3.855790147624057
-9.492911177383522
0.7075739816620639
-0.9713649723219732
-0.4554177078926537
1.2603838599548607
2.7602875599373036
0.9618711059798659
-6.420701046577742
5.942194395526927
4.834739995893863
11.319660311849553
1.8680712596782802
2.642413154875414
-2.655519730176136
-3.9000719138074773
9.252882161891774
5.755564011039896
-1.956905553201802
1.6819427944690597
-0.7226636869836456
2.7442925597387395
0.737725077790431
-1.727698494972461
-2.733276368826971
2.8598727565378628
-2.5887816697208526
3.273224780327844
-0.8399006979267403
5.189196493232255
-2.2811945103638
3.792837229261193
2.292050758567917
