5.096996173495757
-0.4129184917763698
-4.195755085913419
1.9260496424434663
1.8963250875066038
5.738110666312726
4.00409202378364
-0.9461609831984636
-2.926090185121163
-4.553751814112765
-2.91998794208618
2.129176953512889
-3.85261094447789
-2.412387109239775
3.5229448333251794
-0.09804944765580086
9.165886687140928
-3.0703272519504594
3.7046947015818708
2.546594761755105
-0.6859161883488741
2.9334666374139737
0.2442115564219236
4.035392782813021
3.6848738268195866
1.4314233358893675
-0.10339216326587142
0.6549573891067457
4.903862427051662
-3.318544689435719
-0.42853549041767447
-1.4036866950029667
1.4728377946442799
-1.9619815893882686
2.9076589878161903
1.691752566982304
-4.016345605973559
5.809667659318544
5.948648695016836
-1.7943458183319292
-2.1018091573905826
2.060570735818561
-1.725165298141405
-4.102308009870956
-2.8970519635155014
-4.907449536929749
2.2123875156118276
-0.28462765251265165
-5.161541467520959
3.504465925966172
-4.074455800241202
-0.07796858907482931
2.1255157375595948
-0.4203202640745552
2.569739920043185
0.8798125949319473
-1.9869313009006713
1.4258482934510848
0.7884020659775113
-4.235545869979474
0.982348427943396
-2.0164571795181256
6.792994418453015
3.012756477197847
2.6108736628750373
-1.7911717988532954
-1.0887680598302012
4.731924025145188
-1.32225857484856
4.356348389535344
-2.341707241578374
-4.3880128521112765
-1.4129078831572166
0.7512021172203016
-0.6501172058764159
0.9119631814577138
-2.9673818481317147
3.4585567634679713
-0.07459046373625251
-4.364880418188628
1.402522993700789
-0.5499214424596597
2.77526898172081
9.216041077702204
2.127590181288879
4.285400210834094
-3.1819073839814793
-3.016856905014076
0.17973264931408445
8.633547240146886
0.261846084940179
4.918797412481936
-3.6124359218390873
1.7064580209033358
2.896353375957047
5.189145910334335
-2.855769196093558
-5.374851796425009
5.724097765363743
-3.038365108409762
