-3.290869843162766
0.6662569285385502
4.196106613751017
-0.8583641331595124
0.07732812957224491
0.8628929634137024
-1.9668566041388786
0.8924865921829759
-0.18918162556390994
-2.2778952601323508
-1.1824082568589813
-1.8112392106952377
-1.8921129367464808
-4.89796070450358
-0.1739069659457117
1.4217704455884115
-3.260655921929396
11.81181481641508
11.56899733681735
-1.8458595395567237
5.931457307589346
10.479959991137541
9.054007674407744
2.5454829921931195
-0.6639036205028418
0.16854150682578878
-1.3227688658010284
1.3127251065052348
9.418019694025386
8.501137755484024
4.821272573128459
0.5424612652314768
2.843979217379876
-2.9382157799220296
-1.8236853126326646
3.684891860629893
-0.6028718448791919
-3.5755278359327294
-1.0977580708624233
1.9428963690169234
1.2217465163584225
-2.0738396288698424
3.627686591254097
0.4466875449565091
2.487210227305875
6.5882275160452615
0.002435582467624724
6.1659736653572494
6.791754742234284
8.718327455393501
-3.272131883824863
2.4308570928942927
-2.3934522284199007
12.619734528712062
-3.3099074164180093
1.7024263819769678
-0.2065126523373757
7.6584404489848446
0.9021522830224169
2.434380440036134
-0.41978754200228413
5.4079612854792884
-1.7027156761321507
1.5750920325077897
13.669024547893265
11.956395078839147
0.6372529338566915
0.9564907653662664
0.6590633098213916
-1.7141876754320935
-0.9428678872072012
-1.2225843137643717
-1.1846452928697424
-0.4306925868723819
3.4818578682512706
-3.3049262648130755
-3.960880627442828
-1.1865656085824885
4.583328443717216
-1.694018618864768
-2.8799383216527747
2.5007860815974685
-1.1791489120576422
2.9983422283844665
0.7293436897650123
7.922917338303904
4.786806582056181
1.813039770518511
1.2736832466969494
-1.2997850089461203
-0.07103217629549864
3.6972367004010973
0.5031109269252655
-4.009443883428842
7.8888912152490205
-1.7926561709691287
-1.7723720329939048
-1.9369867090319883
1.9258843242930728
0.0321495295521644
