10.625306581248994
-3.391735456455978
1.210412087288376
2.3100204429685403
-1.2883863006768694
-0.6431768586840335
13.419536938710447
-0.7127488514310876
-0.02008483914853095
-3.282757621868913
2.657148027362818
2.850963265480592
2.0556237509485014
-0.4249349307052027
-7.767246353658336
-1.641970594441938
12.76894199605987
5.063041227842177
4.281778443518279
5.540139736877963
-2.426973558102596
-0.026246594649466957
-0.4714771286892184
-1.0198539383926577
-2.1291307711240255
-2.3621734319550898
3.061516468548092
3.2309352886256937
8.969556805478417
-2.239401894040479
-3.5299958802229643
-2.14061564639414
1.224222520580251
0.27907283359099727
2.669591527390131
-1.390648699718974
13.13812333442535
0.9182317157323348
3.687450579892754
6.714807310310033
-0.13489804421964013
-0.9038836683771192
-1.882185590003513
-1.5582524731258867
-2.4759651107986183
0.14297554031621695
-1.08002136552087
-2.7302576018599995
0.48522069437435433
3.371183306230908
-0.14765096032599093
9.11441893039405
-2.485007517776992
8.500513785113482
8.593134174136827
11.799864407745066
-0.2516069792459388
2.1088865567763766
-3.4549954159659277
3.8674168852211954
5.372232130507527
1.5819623539491046
-1.0554545070273216
-3.3700280875391164
3.062844807320571
0.3650560350321938
-2.941344724086025
1.2390137340231258
1.16149049814297
-2.44849457065179
-0.49220677680181113
-1.885684280120282
-0.8601805964420375
-5.538800345114281
14.495651510724464
-5.205559288014576
-1.63413304828062
-4.141025368500572
-2.2316578455979954
6.180921511355797
6.276338735535975
-3.294458826976595
5.592605502002876
-10.617978851667916
-2.8805546644296176
1.1570994465041198
0.6138079998958601
-2.057353317226375
-4.1522469808161055
4.242876774079443
-5.422239288633766
2.61675834465768
-3.6701081546119214
-1.6370556732801238
-4.414794963599923
2.277059875035194
-2.765500293156885
0.2328043975533296
-0.9577793398132728
0.8610453335288573
