-0.8840535986695173
-5.547401486195138
1.2714172102270402
2.407078859128208
1.5959837143459328
-2.8221320338197056
-1.6633179604893071
4.444910264372081
-3.8148702453927186
0.7706604955503398
2.3317240474595002
1.788470163171989
-2.41151895942899
-5.769300345302683
-1.5593704773621426
-1.3099106673969616
-2.679994448157666
1.745883696078665
6.237108334558179
2.4797553722941803
0.3267442654736925
9.847701737386725
-3.2865337658422957
-2.912615495002498
2.6674052848123297
-1.060152411531319
10.850048936357686
-2.0719751599174554
2.1577917597441303
0.008446952977710625
1.7961341822856347
-0.9885256319989834
3.1359601969384063
-2.382846543284717
2.3293208246669823
0.5744890912388925
-4.832831631315246
-0.7583117926123154
-0.8268209314732652
-2.7512738168229447
-1.3655946933543668
1.2509901834766894
-0.5756525661564118
-3.516592020667737
-1.2254593178656334
4.192974273490966
-2.749886878470367
3.7339113370036907
-3.801362776838781
-0.2294494524487576
8.147769731558583
-1.7322970366056625
7.537554807422633
2.332992468836543
-0.4809216704483416
3.940259278965294
4.439205489647083
-4.049579399800315
-0.1968334516375166
-5.104073972174843
-0.7146660135515959
-1.0677804328412
4.470585220168442
-4.48704051026477
6.839450097611577
10.606128297514461
6.995631830006011
-1.163700875840587
0.04579393857253011
1.731604043634136
-0.8635258396328858
3.955688567952384
5.579678639481174
6.365010802727594
-0.2585210069627276
3.868390041291283
4.712091317852982
2.311406816424279
-1.9362303181253915
2.284245373747651
3.3035761063293974
10.932847656697602
4.159154928040079
-0.6637656349152072
1.2744998133043093
0.33657638962237474
4.940558966230458
-4.085878108647566
1.7487384354504802
0.3925599517054188
-4.8439999326022125
0.14516656974880737
-1.7895030687004616
7.198819525327147
1.4390409460296423
3.1502946619962637
0.44322424573651664
2.7867189374565786
-0.02341231765372762
5.043812539934294
