7.394219850896406
1.5580796629442728
-2.7420023545201238
3.2459925556477094
2.141781574968299
-1.154232902206505
2.4334265197689033
3.267161656457569
9.418206355710634
-0.5204535777278134
0.585457799063507
0.16853242575552296
-0.13155569141719334
4.862860009068108
2.6473177264635916
-3.9206741424026568
-0.7226156130281679
1.0015299106233835
1.1938116894136472
4.67573548043529
-2.412701218616749
2.5129617053606608
8.058965017419297
-1.6019989212494767
-0.9200536302761839
9.315853824539492
4.604197150933281
7.0690247365641845
-4.69259240120866
-1.8694197229419496
3.592205326587651
3.481437992418913
-6.733295710095183
-0.7605656616414844
-1.0673363482356573
3.2951714302371866
0.6430153840388484
3.2258436908069688
5.714611670192835
2.273054741265196
8.51081958227769
0.6405218806254486
0.9962336187614917
0.5447119020356911
-1.2253689031751775
4.048166659639901
4.7181650235036425
0.789377022211977
7.723800934897452
10.042071118367362
-1.711366477442995
8.918110817127825
14.299014332577432
-1.3504614100537236
-0.651478672090052
6.708098095637428
-2.3717921936346618
-0.20558439186914765
0.48046397189289586
1.435087171980038
-1.725021374133361
-3.492662918204548
-0.8306053064723238
-1.3060556664654617
-0.6335189017024745
7.0254447996707885
1.7877748081090303
1.6912293604218487
1.909582402513049
5.646025221535116
-2.3459466277062293
-4.543571753785128
3.5553718006292603
6.857334490357184
9.273741795583481
1.6865713930679196
0.5184650925016555
2.820550420257944
-6.471806343740875
0.08127078215726233
7.537551439367854
1.5785135339420198
-3.601594218067536
-0.6060184133445711
-0.7996335801782013
0.08140947257906846
5.765563571141289
0.2840868746664526
-7.2063092106202244
-2.713013640964241
-1.5690649441129991
4.278938780610051
3.7223943210903925
-1.791760613140136
6.389200512058061
-3.134870578479159
-0.6518896031590732
7.611013694153206
2.098794104568791
2.9406488947445264
