0.43301933333110143
0.25215819180532884
2.826864825146442
-0.12803040274208644
1.85779892686783
1.4734408543550015
-1.2206631391993426
-0.8788280463981699
0.7716603620147059
14.096613756997781
4.3476891023519455
3.810447356776339
-2.8067173422020426
-4.351675375083759
0.9503143844739588
3.832369887300701
-4.078771936795011
7.183245026987552
-3.4328990867564775
-5.591123558823995
8.715745173941144
-4.382332595554531
-4.152435752550529
-2.697888042970748
-3.398166724074829
-2.25935232301501
-0.25959307108854185
-3.0617235958577123
2.5408911822624765
1.1891171836637873
-1.214527597183892
-3.1350789716025247
5.71220593622372
-0.46593651722843965
2.078360354799923
-3.832812724674338
2.416596394930485
4.928040814962703
2.2312418348330856
-0.9713547568677233
-2.3079454762097553
2.0854878985483736
4.054837961598298
1.4557179526161477
1.7264748895067386
1.7351947589678343
-1.7326971040490633
-5.667713494400738
-0.08327015378192479
9.568130511038863
0.004743732443060128
-3.090740621201734
-2.0722631766346726
1.1801409924862938
4.5270296791593045
14.38087061814316
0.8560526912446682
4.368638318163995
3.596425532453102
0.11803099604345721
6.478730555800446
10.498908285999239
2.879490149211827
1.177552721973264
0.8816655844187956
1.2650287142047316
1.2535510635299625
2.281555794554438
4.491647211065279
0.4781324403239379
-4.437101969639407
1.3489482954295753
4.189663876595672
3.341912285828579
3.396425206753286
-1.2681865439863809
-3.5552803555095593
-2.354905559009409
13.95714603706767
-2.1947215982158284
1.8795616054893134
-0.8098235998225891
8.094456960418533
1.8324003386687635
-4.962968622861993
1.5259911565111688
7.475666308131136
-5.524049738214472
-0.7091485897626065
-2.669936021169889
-1.7773403571303392
11.459338862740283
-1.9903008062430176
4.035478209045344
2.869458278525183
-3.5703274728366368
3.577368352349448
-1.7217821152708992
-0.8363513590162226
-5.879671835317343
