0.6334956812745633
-1.235919496736487
-1.1306728906786834
-1.2571748113825463
3.574078345990877
2.1343306583246227
4.379292148281088
0.802674883921257
-2.1495144612620067
-1.8833963955248563
-0.06328035600746212
-0.5171927415246104
1.01508902353038
2.579320704696265
2.5522624666466216
-1.9346752063284842
0.23886328466781023
8.70373253392606
-6.103589315671442
-4.304911563614164
0.8205405945187271
4.871553288441241
6.050533288868089
1.3117475424000593
1.2853263668709327
-0.8201587113053801
0.8233382180174883
8.501821473345293
0.9460613480053831
-3.810004918233626
5.1153283374302925
-0.1818062425256881
8.285648120265012
-3.0694503643933526
-4.282722252047293
-1.9810718860722505
0.17963235251948445
3.0085773264532794
1.1414629823096187
3.203262398922033
-1.4021090434747028
-3.886733532567508
-2.4887236156599863
5.280782076469603
-0.2510043688888409
11.684990015092417
-0.32494850358267624
-1.1854351769507507
1.959504043453167
-0.8621568317444852
7.081508521348528
-0.8834955437906304
1.6691019394353943
0.7664139783008197
3.5849203789880404
4.7501660823271425
4.541932572866742
-4.547613912087108
-5.61650111478574
8.65767269700371
-1.321805793967242
8.189908110100655
-5.615310694012981
-5.907067478586886
0.00016043056344413605
0.49480963090640667
6.793708698236708
1.852396603934833
1.5711963034475738
3.7170903022507185
0.5622027368678646
-5.238120878352971
-1.4847821394213536
7.376720010289469
-2.839545306273882
-5.0634645437976395
0.9342168545530716
2.9335583673382457
8.54300093460702
0.6549957235730675
-0.3963044968611809
3.309705528628064
15.557554508249922
3.664197826722958
4.811577673325757
0.5611182353721196
-1.5745809047188761
5.88543206284896
-0.1519579790944835
2.920495473108463
5.775577214651874
7.379293693222453
6.728804985200988
3.566096169958805
1.1717696146560446
0.22335231177525733
0.2765454977597594
-2.57361769100675
1.8161696442108477
3.830654422850208
