4.259752953940531
0.12183354097969243
0.34242952690195816
-1.474157491667471
-6.363523624490133
8.62610981247355
1.634299196597807
-0.5232512183739859
-3.816080310140009
-1.6727069755176536
0.04641963883450093
6.644124046232674
2.931566286134629
-2.415963304720011
-0.09842331015049986
0.649814653461529
-1.438260508170075
1.7379583361693802
0.9594407642844992
-1.782697933687226
0.08264557317951972
3.0056140279978334
4.761792076849275
3.0461111540352377
8.712681200109818
1.00215941282783
-0.5408266919757497
-5.487732534485686
8.412805974636893
-4.474879878514813
-0.04103347685220349
1.2219522098399076
7.3967306025774535
2.553120500315104
0.5935363488449948
2.4609985789411155
-2.1506256905154877
7.424463097269818
0.5280470519429075
-1.7307029707609172
-3.816328797249457
0.7808406768041499
-1.4142260684130838
3.1439996615595365
1.0218191033213109
7.5507641702089
-1.7176929772303828
1.1717427868891512
-3.329333064025784
-1.8779602249250535
-8.289180232102941
-1.8525960399071868
10.034692557278687
0.5754808307734862
1.0631220139332624
-0.8520192490927265
-3.490969836153003
0.9446179105650649
1.7652648559753725
3.8967395469833073
2.9865745510663246
-0.10815398332576262
-2.3681404802187203
6.069667146117534
2.7936368864603054
-0.022721772478003822
-3.4331223007383382
-2.298530938513463
2.6005477007044737
-6.324869708864253
6.003179819756766
2.6057468724975346
-0.7411465254201784
0.02412569553432384
10.446365103614417
7.8127325975971225
-0.8368449832098058
1.0689531217786326
3.4742295135835217
2.7142970649083455
11.133439487270326
-5.098996130504862
-0.08976709579867936
0.07571370308201064
0.8534591259072586
-4.84013013532828
5.294790202824098
1.5645329872445288
6.789841497110141
1.2414895398633297
-3.9807675024474736
6.178171432453804
-1.105109530489747
4.047563116902884
1.7914812587042137
-2.8833723079224964
4.248886547926516
0.2395676340583896
-0.458404965730729
2.001589897528473
