1.8948422234909281
5.0887736577459615
3.736794970168404
-0.6060510604374729
9.103467437249973
5.96189866311617
-2.5613170339433387
3.911685692097085
-2.8217515066803998
-2.4110368825994426
-1.6147768008291474
2.596284766832686
-6.158748082257888
-0.5597223771725863
-0.22295679106341382
3.1471589768189228
-1.8694217828710182
1.5740048931642203
-1.5437662873666693
3.302613945557086
-1.587393830194335
-0.7217079013558882
-1.014953972670444
-1.42191686768453
-1.4582648614683915
-0.36880481027711903
-2.115631083659044
-4.089583304189594
-1.6368915131506736
1.0169984424482572
9.033747677813597
-2.9599008078481615
2.4911299943404863
1.7172788468139586
2.782055348932749
6.3448350291181175
0.10726149947092767
-1.3594612255254508
-3.0772029030669623
2.4730193995194893
4.118428840692539
3.3378391999689887
-2.4996725002367572
-3.176385652069504
-2.270415009060647
-5.042821683544089
6.472821909379006
1.8500538885079556
-2.6889921805280093
0.3877243189237445
-1.5997775484879042
3.8305613856508884
0.06803976917545598
-3.1972117961522084
3.4740449424684234
0.16543612660762524
-3.006281305442556
4.975976116731453
5.785956851547938
1.822578214672234
-7.604535948200464
2.5236760856070806
0.39145502991716846
-2.369334002033517
-2.4347570692940304
0.5938682077396352
-1.6996349736944205
-0.2551550664535345
1.3761877984778863
-2.426966293384839
1.069434969728615
-0.9747820362211796
1.7569575742432098
4.682514906524577
5.754807275541114
4.533215802841847
-3.907623323233502
-1.2632429936826248
-2.404539096753762
3.1089788469783803
-0.45718588331543797
5.914725092128147
1.8623734499084625
0.17691064151295813
2.5320904069230963
-3.558652618422955
-0.41345869362399257
-1.559214864857339
2.492509473498502
0.5922432148968322
1.055935157048957
-5.527940810634402
4.876477657996701
5.220345883178921
3.063181130152819
6.664752945614158
2.7983388247948113
2.7978323973657497
-5.328622563364874
-0.8618745208142633
