5.425322297554194
6.976082040492084
-2.0558875228655373
4.194356665195402
0.1220953563661725
3.272969529075663
6.162034588941805
7.342903750139956
-0.5954401614234491
1.3781100427556943
5.1967619255658235
8.10875183358927
3.46344660842953
2.367007582263128
5.685417980172196
-0.6957457409844183
5.993773257052347
7.164151340935041
-0.7278287710641549
3.1751818618700955
-1.4530495226241298
-0.801432423421156
1.7922639824434106
2.554399837151688
-4.142837246396291
-5.723845431205928
11.014145339386387
0.12038900856783716
3.73749969298359
-0.34708574018444605
-0.49052021933135814
-4.028921955912097
-1.250097619704429
1.5092606490979192
-0.6437088795427627
-1.639910591540915
8.787322555651054
1.7451013501615036
2.724977654517782
15.267805985616745
2.099884766579436
-0.09584388690888526
10.991166482918064
-1.5002194396504982
3.0988006993495887
0.2773006570143824
9.310749891016073
-0.6697224553965268
-0.049122943789831106
-1.800385227555429
1.6044838635818328
-1.274808662371364
-3.4469312757420925
0.5250495174018581
3.286916098678909
-0.09452900430112299
7.122382828737073
-4.324417005147629
1.1625516723034042
1.705424613359783
4.275127388616054
2.3240470587611783
0.7824098414155787
5.196459016880725
-0.5304720875308444
2.2861089065043996
-0.7691733877229958
-0.11671112776681519
-7.811523020063246
4.147417768717921
-1.1864575317201485
-4.212654206209921
-4.343950333039639
-2.2919911612813357
0.8000514947465012
-3.252644143810648
-1.0320602295602186
4.342540966056023
-2.942326058696577
2.750804745861881
0.7030987748668097
9.961038381811532
-1.3869619685489611
10.471297183721186
1.4233180972336579
4.514516255331871
7.685774838630202
-1.7534170650051757
-4.974332607717151
-3.0225004650138403
-4.786995349405605
3.927768558790011
6.361442098619456
2.780797485865468
-2.4448549989479966
-5.36466356984912
-5.063598431708788
-0.1380186013967766
-3.5660672309513926
0.23959701545968537
