-1.7353391474798272
-4.154169914995439
0.37301128914526366
2.2646651695112388
-2.111882261139177
1.1167093575665339
6.363613021081327
1.89980805999974
0.5286874778495954
8.887319730540872
5.7968311077743815
1.754317718522071
0.6554932269393916
4.961841227597523
2.2451468950291313
2.392818793783308
-1.2846878377995963
0.3861097101268352
-3.7139573870743106
5.80019982078114
-2.8274723970799944
2.0510102768852736
2.305110394418426
0.7183290932594403
-1.2512070287953234
-2.240617794831316
-2.037215027831845
0.008696085585677353
13.705700508798806
5.996465793449356
-5.758176671215614
5.488776679766183
-0.22265477226320265
5.679729239218403
-0.5975849424864734
2.367927165997276
3.783369221923822
8.969206161055382
-1.2765985476246422
2.2688545500741544
-2.686309578585843
-2.436463917983539
0.03200862116529836
0.7650267278951197
5.1243008291343415
0.9660439024802904
4.780075258117416
-2.156896801266468
-3.2696864375145456
0.24504283074848277
4.925669660225636
3.5002905676235248
2.0642064815289825
-6.291391992977151
7.608095790254632
-1.432652572054179
5.34062532724911
5.966205707364678
-0.8289403998183438
2.9745435080237366
-2.867031765805447
-1.3248561985620984
3.089049247065443
2.9369023284482223
1.1058076762608229
4.445505965682683
-3.021984099871052
0.9336678267855916
0.6734155145492959
0.3464951155985275
-2.6451300740102943
-0.11940512002929163
3.0430697772342286
0.6228360286552495
-2.1308988117347365
2.897256155574243
-1.633669977965337
-5.048570656675574
-1.6479567673390672
-0.6286247454169531
3.9369693052039887
-0.40254887322432364
3.211666356498807
3.9228221989663274
1.7925478713230656
-6.914623653316873
0.7977413005458027
-0.7424065436203392
1.2151793260763684
2.7219457096501305
-0.16988916858432143
1.3731433238589679
0.7464941999919524
-0.8017438774971416
-1.004985973306217
-3.277966728983852
-2.563249199784991
-4.876725006801545
3.571961021675616
6.069015980753901
