-1.3795517963971375
-1.1007664189266624
5.6004326959069965
-6.220301253482592
-1.4148916233955755
-0.796220103035741
-3.0625908592860975
-1.3683692381196697
1.18295889350322
5.668894309430511
-1.0675081867721317
1.5531995841317014
-0.2373413853067639
5.669920679485687
0.001240617329353918
5.176347459605797
0.953445844300056
3.8842037035582315
3.505890791206569
3.106847705287569
-2.8332715564771602
4.212454997055978
3.6870719276412185
0.023661457768637706
-5.963298468471777
2.237791118566686
2.8717029897469084
-0.4571299499541718
-1.4787228835712227
-2.3663787737645867
-0.660903445629779
0.6279617862393995
6.91708891502002
-3.720574383974193
-0.8068575496405692
6.105046540546965
5.983754600362748
7.0015204846204675
-0.8691777115507615
2.8954856665921915
2.746097777480911
10.059995991912311
0.830781085046717
1.2770773062042495
-1.5666039389633717
4.63790889673979
3.8319178217028407
-1.2042677876808212
-0.20003307825882272
-2.047106762104411
0.4563444281976453
3.3249409228352924
-0.1465412854580241
10.619940568100427
-4.116463799246121
2.676375622885481
3.2484151835804465
-0.3799260950022243
-4.0291434130140935
0.5681792894250915
5.164176916020938
8.961948181348792
-1.9874453942745895
2.50633242446281
0.48218776345498726
-1.733914953409375
2.831379830906251
-0.8390184729046384
-3.9600520057017468
2.917466466380759
-1.998097242682137
-1.3436537496399725
10.08775411233716
2.584019614521185
-0.10717935834296097
13.35860804629015
3.3042691212567394
-0.6774955370238085
1.8063011002376759
-1.7218651722763156
2.896270727073854
5.850287882689338
0.715353171134691
0.0691617454940831
-3.810447895252783
-2.5614976532186473
3.711066695314446
2.8876548447204335
-7.076893973693776
-2.831634281152147
6.939519086510847
-2.342403548868038
-1.5017099202012256
4.703745070600945
-3.3016667361942735
4.998144392055751
0.7587842219262864
1.748276646982319
-2.3614368193426993
-0.8591615563057302
