-4.648390842302841
-4.734565541781072
1.737439727883741
1.4621268387194757
5.096584662615724
-2.715670241812296
2.5701109650286567
0.47550864120455233
4.278949056068972
0.08839774440939951
-0.301030987701268
1.6622575213303452
9.236139776655254
6.211488482175626
4.154281316257942
-2.1938969729058533
3.100163995858532
-1.1356583141495646
-3.9427887333827005
4.684165533847414
3.528082509740292
0.997716960571869
4.38119982946998
-3.0359774381155233
3.540126032631843
2.259397589884552
11.23937552351931
1.5731400361546515
3.9265891346399986
-4.530726491233399
-2.4301667272430305
-2.0717076192096027
-0.9781078079699883
3.443746028545736
-1.9676512399374835
0.3210015585278201
5.568340115728038
-3.2345682088549483
7.216355218772455
1.328249892014204
2.9643589123848137
-2.591634970277047
3.394018268332557
-1.968280409115868
-2.3056787996129495
1.6803110146960996
9.220141089005832
2.3020054618206895
-0.17501608759872186
1.7295837862586072
-3.8943378608132106
-3.929694801321147
-3.5327695393963
6.066226961257116
6.357536554418273
-6.737007611415541
0.06552607489413269
10.401434546412819
5.015092353206769
5.985822957571403
-0.5453245369187445
-3.042578796644139
0.20903289352327992
-1.7517136818211205
-2.985465513872911
3.7067500781004346
5.873306036564108
-3.5905035963670744
-4.344224085203811
5.295425392089988
-2.427192066569641
1.2727937489512393
-0.48915353103490533
0.3490999080858712
-1.1694507691691873
0.5977456003613364
1.055223711049993
-1.1019395721400116
-7.876114028304068
-4.6927758593529
1.6659877963158842
-3.569053955940978
0.03997115531348142
-2.3615735919739516
1.542581216355305
-0.9561830473705661
-1.0429388590150204
-0.40966288956611113
2.060579336163563
-1.5134102807242948
0.5013290605264116
1.2686898602474082
-5.747076296520215
2.2395048528629347
-0.951740125454817
6.290923035526594
7.5184746037870855
0.5935127084582398
0.6635602775005427
0.27608709979853524
