-0.3370797264072754
2.865237525574435
6.677215385190253
6.123253139433373
4.8177286169965035
2.9515217618548535
0.343954326545769
3.311331752693147
0.0376777902332215
0.04705734637774883
0.29996782804759503
-1.1093675940310639
4.391293214830916
-1.1395499466869246
4.28893441806736
3.78556681105227
-2.1058635076848873
-4.437098370915919
0.4679833009475838
5.1867136185858715
2.0231327987336933
2.751231476803559
2.075704798878755
4.009271360844072
-4.005357391402829
1.4999816519241567
5.692195559435686
-1.8867393084539135
1.4450726757944348
-2.5369743469617827
3.1799592615778964
12.951574979407734
3.839943030660627
0.6985118107399104
-2.58817599148477
-0.9953761167077366
8.33803938958893
-2.550847567807395
2.2770252288371826
-1.9601235199607183
8.880722650612327
0.0858899445980331
1.8927268497574665
3.5499889223448537
0.5080630326154992
-1.3270892264450465
1.3728026201624743
3.239015758932208
1.4743486534097239
-3.8504950123926664
6.55731189545278
-0.5927410767452197
4.501806774768889
4.301225749994739
4.164629867573295
-1.7933365038522995
4.724988035586853
-4.52051497106138
-5.7959714403627105
-1.4463914382583931
1.086472802004114
1.6332668965438728
3.1439044515687087
5.072880428800793
-4.7733064141667105
9.801271053015148
-4.2089677492688296
1.9866115408091356
-2.070174577231321
2.366899032516848
1.0402916399397102
5.7534794011434585
2.1680780790180325
1.4776623689392911
-3.071615117782449
0.13549388883975363
6.843758854441935
-2.756054354573879
0.2813864991805717
2.7222970793182366
-4.73223928016862
1.8739840749673844
-2.0396429236840854
3.669893128282201
0.9430885321833342
7.527508941646978
-1.0318042014576099
0.9452154608256496
10.773892509768254
1.5208770476050852
-0.8144569732550817
-0.5607845430241507
1.7675749277306947
10.68254081721064
-0.625649768489303
8.818547427612675
4.585017348218829
-2.8749625711629037
8.96416810871429
1.3916599742776192
