-4.8766424961249655
-0.6860941880828682
6.5656399941500645
-1.2106405419134267
3.753118041809332
13.421645050341835
-4.068570550343612
16.30922951105008
-2.683338965269597
14.782766047269108
-1.4669022501047626
-2.4925405958751483
0.4968405639335537
2.565360071268641
1.7127914897528154
-0.3822853700397997
-1.8573028932575242
1.4543308371672585
0.39083873594410923
5.521045122499482
-2.8837029191077015
3.7710157539446785
0.5559550052467237
-3.0569552065989605
2.5982583265853365
0.49363747378642153
-2.088003022776534
3.4885378692447855
7.779563655273757
11.120534246950875
3.744428791915832
1.3141748061913907
1.0219697438823612
0.09335862320327999
-5.68781905937188
0.5719398171941081
0.3035393955380884
3.2155991569401636
0.9604636365064487
0.30818579162031
1.2707103206656145
3.9447795312903113
-0.6888273444751912
-2.5243117846145315
-1.1699968205277274
-1.2146701104583557
4.868992445160636
0.5529361964056658
-1.5214422714342253
0.12714631371467025
5.271801062357332
5.09444823551183
-3.2882067867879856
-5.5900854152239265
0.3393493701610866
0.12907298011675958
-1.3111204555865135
-2.2460018078034976
1.7453363464003464
0.954632245019152
-0.5765547546392245
2.4764029709208337
2.941173442656175
0.015069459773194797
-1.5057492262305046
0.4593161973952369
4.137593073297709
0.9990598161684243
-2.0623454355801116
-4.052030263281308
12.319917705754502
-2.3547849621399974
0.6297224022753318
-2.222492641392407
-2.481711664367156
0.7957676630585171
-2.712528466308728
7.010446407019083
0.005954406405693037
-0.423198254811474
4.0665740537766055
-0.751419182176642
4.640447405937514
11.40729557109749
-3.190486759752882
-1.5296825524836357
-4.839616104818136
1.839166545572886
9.200574180233618
1.866716133741129
-7.640770698558418
-4.282887100350396
-0.7415669399617049
0.09301244278077403
-2.5829337760878937
12.375886151086132
6.856949593279462
1.070227344334986
4.4265828153636475
9.779909194487637
