3.305064023774943
1.8488310244868233
-0.29732374080644064
-0.5115292427537113
-4.428464999954111
1.4950713400642939
0.7877819383619176
10.846592256654917
-2.4146335894495756
0.8107210269429477
-2.3610466345735217
6.36736049065192
1.8673797953253575
5.653176737941692
2.148774886831149
7.504571715276063
0.11011443690160505
-2.5393090436513015
3.841346514264565
5.107787412589683
0.2560157063684355
-3.93232854604671
1.0878689326410118
-1.2980296619764293
2.2019931418941283
9.213327239916847
1.7266463948974635
-0.36606472123954437
5.007124756359936
5.0980601161508075
3.1925339632269116
0.871977739158011
6.216198916171247
-4.0156266028543115
0.7991788824022041
-0.4900074268671283
4.031680111480511
6.84093561156298
-0.6626688308658238
0.3092514530361322
-1.1844860128088455
2.6510655083784016
2.892726684875678
-1.8512197243574373
10.211527529684343
-2.242272544947665
2.0296192567192457
5.330760522512828
-1.2137044234853784
0.30284337153870816
-1.6023849641460894
6.185166024818342
4.522627922896156
0.504620829514918
5.736654592035921
0.4716520218973654
2.8667231219373073
-0.5539402298087424
9.841469392374737
-0.0020220532536879762
0.23535795137543639
-2.196423622696167
-1.2020735238667153
-0.6246017213054302
1.9341240111538838
-4.727073517599068
0.3143138392986155
0.8597844657439089
5.439344733917348
0.23308398076495296
6.002949709286117
3.1947716169824485
-0.09921398207917381
5.402451522392937
-0.9264255100485426
0.8038166862123444
6.857230017987954
4.520048186039905
2.1483535860664356
-0.5847032240573744
2.4141090406529693
-2.215264716666172
9.338456851824624
4.727600009551816
1.7100629708470052
-0.9848549585378418
6.222681325269445
-3.7006177348191374
8.771660411379022
-1.174219467965653
-1.9782188610748899
-0.7249458765965099
0.9077852725088456
-1.1958627003435076
4.764436292669754
-1.576241328333574
2.346502340461073
-4.218275491099573
-3.3306463096696426
9.145116552720427
