1.3919788627742538
-3.1168490973790814
-2.9072210124582774
16.139269676822607
2.1371780985553954
-6.525368293499212
-2.3646807859618297
1.5985417896077898
2.341805585875147
-1.5228331457649682
-0.11877726104351272
9.284159419367267
3.8621127004978986
-1.8725202796159603
2.6353619825649304
1.9785362831863393
0.9868014075068017
3.0016453418256814
-0.7385198536812514
0.4176669529357267
2.4931635579816414
-0.9704770610946127
0.9002546958799171
5.997935597807569
3.8227941885320145
-0.09522886968906755
0.7764647763983392
7.109948337338114
2.430242604721707
0.24803374877063872
9.378683075615239
0.29619376619445753
0.8209971535194476
2.1669062331629885
-0.20291406165804826
6.598462288603333
1.093604513913271
-1.8850038135422267
-5.04830642138453
9.170481109490941
0.23308603322060778
-1.1899591554354774
2.836811372617405
-1.412063110433659
1.2014537990935816
2.510319987747824
-0.8814185640644336
4.329466943203167
15.7014874342884
-1.2736934747357398
-3.571713459953808
13.195718054646765
2.4859837369367064
-2.8179255374766017
-3.530500430389913
0.12805113928913175
2.56894198772326
6.51589072896371
6.6291935046184065
-3.8539446589017925
-3.987559936701958
-0.5011107341584775
-3.3757877750862746
2.2886408339523463
0.06679867240203287
0.20940606458065975
1.294361982773046
3.4847357314747773
-1.8227705656152944
5.500730768456342
3.013062494692535
2.0088928069154695
1.0360268080063424
3.2707866660328944
-4.076692500667765
-1.7035767280001761
8.498822162300561
1.9024246308485488
0.3432283046502864
-2.515980051727549
0.19811404096165142
9.909902481304588
-0.7930219429690597
5.526834820782095
6.337315906906327
-1.8005936702038137
-1.7181209266182478
5.880563102314528
1.2402764638511443
-2.117062300405917
-4.188499573417787
-0.32936288029514393
5.757477486021941
0.2276096032250162
0.13401057218318507
0.8031502119309621
4.863992334521398
1.083735666298445
-1.496066194483301
0.9871055832026778
