-2.352149001184225
2.5642406260698105
3.6055341080355987
-0.972046867991037
0.24853494356658828
-3.3070775939665635
0.40096653470481103
-3.9965932833855455
-0.32635034301514104
-1.5880964375197646
3.4439377541027634
4.009147649328029
-2.4329758093535387
-3.31372140135067
7.744433312817158
1.0335855734908699
-6.32226752000031
4.233854641103228
4.278518729338119
1.7800297326236278
1.6666886205413756
9.169045158302561
2.986507733585205
-4.483034532647453
4.838565929919007
5.790458282954118
-2.827397104844242
3.159118027706472
2.586353360462762
-1.4667442946101423
2.800902747315133
9.76089823509524
-0.6635529605615826
-1.4222145621227102
-3.4836505224277072
0.3799536750221566
-2.281506255916567
2.086399286344929
2.111935538342977
-0.5789640568860477
2.318551321982781
0.10944135498708149
-0.11531245616655267
1.9584323660666065
3.271411231623002
2.969508626690504
-5.884121519964927
-1.1721509508329184
10.241939076152802
2.078922656649147
-2.1944698429284477
2.9462166402770533
-5.230422613433848
2.4470638456201295
1.2895785040419718
-1.517690109146174
0.02480247758665958
7.287229472146557
-1.4426945711935726
8.181405897907707
2.5870671864014003
-0.09191974732663183
-0.12151744978856616
2.7432954402278966
3.8284466431212247
-5.444995789513631
-1.2072714569376708
-2.8486775644693534
-0.2805227033009986
4.007140581408331
6.6254662219393845
7.9845776675507025
7.23729315559492
5.236947541628037
1.290676876164566
-1.454191041264897
0.23513490266210196
-5.547701469473434
-3.5234440906957243
6.393486879342155
2.4310643036354316
-2.881023393855852
0.20409084150146622
-0.9746147564385232
3.901643719545395
-3.535316058407151
-1.7736633225875003
-1.8540295243441804
2.462815055415165
2.305854845999061
-0.9463709787507268
-1.0952466326177657
0.730096084240817
1.0545649549442029
-3.5473630734105512
-3.0386908915796482
-1.3764086131401008
-1.5911340583984708
-2.417838146299927
-0.42528028980106697
