2.715640310763969
4.123738063647939
-0.9522238485043788
8.728616244453724
5.872928368697044
0.4515748813947701
0.6504591681664367
1.68516127216597
3.1803154781526923
-2.6373009925999185
1.8019277924284118
-2.8426830222297816
-3.375120249189081
0.5231907775297909
-6.589590363205952
-0.27435691848408583
-4.104209962417567
2.1119388897784415
0.14917617567372438
4.206528697936868
-0.5101376773385031
9.460776082692531
3.341318144882787
-0.038025459728625595
4.048419402956272
6.517827381707685
2.084595281851255
-1.394762654258214
-3.0117618440398797
0.07540626695823546
2.696080536104081
0.059849450553143654
8.525375736196702
1.3415322826790246
6.154087643520731
1.7716340050303776
4.734265470706375
-1.4778754943969366
-0.7931189333002625
2.509189475994889
-3.863679706870908
-0.806001046187123
-2.484708614780888
2.538833905958965
2.344910967261009
6.232231205856453
13.856216652994105
-0.5483773448337081
-7.131802587656563
8.540991148367167
4.321113768308061
3.3847613260064335
0.02804275241761476
-6.90414809200443
-3.266820729151256
7.928819469017435
-3.0481200958683727
1.699536134373898
-0.9164528164176311
0.5370619535988519
-1.655967007660577
-0.3145584881972127
1.0383832390467678
2.1057255457823105
-2.3312678812262284
3.9282320420979207
-1.2107578768503204
6.956722749047052
1.6773939390224935
2.413358667782025
-0.18842547572752377
-3.947776669645045
4.605989826575572
-0.37886047608803897
-2.8301091991465057
1.7034984710379808
1.0700301027411008
4.251666976896676
1.7205657603686304
-4.0077620804052785
-2.0750856771277695
9.395554237450387
6.169331097047455
-2.7707139672336853
5.730758478921409
2.933566595104207
12.498231451323372
5.636296371919636
6.673472965749839
-1.2184398095638687
1.846898904333015
2.9587048288029867
-1.9868143037809425
-1.9016225246877796
0.710792938398076
3.2102695015117435
-1.3570181648072377
-0.1164176860592204
8.816071225570079
-1.5304947490233465
