-2.490046208752338
7.919755737125554
-0.24103987544449446
0.5024240884127545
8.281998483107067
-5.708702470672781
4.272964631720619
5.287138054558984
-1.2737188023004031
0.5046300678612251
9.347432291723297
-3.810425369715591
12.935760593236513
-5.206061272530952
-0.7328419266657353
2.318890758153988
3.8022814459406846
5.154097884451053
1.8528346608432493
5.273336933903284
6.182827979068577
-1.2877191033861832
-2.0147600030977375
11.801491668772009
-0.9892604815974546
-4.035135419595106
4.152592399399684
-0.08277091687123117
0.18501763890828274
-0.4686335098780052
-2.443179878360278
3.3312787501822347
-2.9832437570164965
5.076245203818798
-0.4480833603002813
-0.030220106214517914
0.06402938881773712
-6.39852291703475
2.2383941113986525
4.528618122242513
-0.38940152572736897
-2.437342859625298
2.6836414043641317
3.187597066467665
-1.8540727372415917
-4.630556396115782
7.6571167889464355
1.555180212990416
-0.9558314439194437
-2.4664039010500205
3.4488778035066687
1.7199430215610354
-1.0381050442942863
0.010270636164702206
6.559850825382311
4.077228935530167
-0.05073660910410713
5.479882162372872
6.2094608552373725
-1.9082638184064975
1.9471028746582248
-3.639899608879081
5.254088566884574
4.292085420143563
-1.6359608847048484
3.2283708286206902
-4.75221427692909
-4.276120179775035
1.123571449305121
-4.20351165285442
1.1625398411664127
-0.4501082288733556
2.4697983208454275
-0.9172843185976205
-0.9682762498169806
3.1479181962559455
1.9947042108472002
5.969732938248954
0.06780664981951547
0.2868025302395333
3.615529241205107
-4.215254669860652
-1.9873370117413236
11.084627723760601
4.744460121575034
2.9968383534203933
-1.4529888176238057
2.7786296727010296
-4.340653492440241
-0.7193576783441404
0.20995031053029956
4.707431221182762
8.51675211833937
0.6596146931975106
-3.557262310676051
-1.865250109707604
1.4270725154665769
-1.8099005636692524
3.2033131006023923
5.215060655369191
