2.7245908625418473
2.9040049431369366
-2.3153060813919843
0.2477060408999214
-3.745260314386477
2.899916086818794
-0.06468111515208422
7.154108959814824
-1.182882204959618
12.856884016218906
-1.676229024071533
-1.0213510864953976
2.313657983576094
1.9067829319199525
4.586937676572094
1.2215951658997077
-0.2511185535428533
-1.0320325381071134
8.61126297165632
-0.5419163934722767
2.058310557350257
3.2611040982017068
3.851273120148937
4.2531360218289755
-2.4430346382613615
9.19856040385173
12.833719901220931
3.5379604684435293
2.6219983968222254
3.871749818828082
6.24327906985032
-1.3743923041185182
11.324587744195977
0.7482703067229683
2.0536343733687796
-2.7124776114725107
-1.711084139256366
8.908494723430568
4.434473740751531
3.5068938100414053
-3.7607240482085107
-0.60896430010377
-1.0610047292483549
-0.5497870010449811
-2.1493578087962204
-2.5929346222972116
8.693230154477273
3.6349916622418306
-1.9676281842556658
-0.24591703132408727
0.2077044217756221
3.7829362202274277
-4.978942658153551
-4.614708611509192
2.079469261400905
-4.2280903555551825
-1.0725710558863935
3.1646756283258886
0.604011020193829
3.96461514740033
0.6588420234213082
-0.8452709391392367
1.5956673427607946
-0.5150204874258546
5.509265146558333
-1.1832477429891315
-1.689693296608873
0.18012260658340717
3.684077286082995
2.5730618307845132
5.787103312585163
-1.284906371710795
0.7030251490119649
3.931081131956585
1.61852875595374
0.7964056918564427
2.927699008361947
3.4637715502713506
-4.881338002698893
3.831571999141058
6.7661033487566336
-0.5120944106796192
0.9155917287978735
1.6126754074290144
2.607175301922212
0.9108931627697476
-4.860838584546642
-3.2193735007016935
-8.809899139408369
-7.556585615603366
1.555787976717014
0.8295361745970931
-1.5777511461396458
-2.1971769206513754
7.106310302966534
2.218556989843985
-1.7985712828584055
-1.4360812709566066
-6.403708830366561
-2.2038077736505697
