-2.3158230982382912
-0.5169607090868391
-2.2656879102931886
-1.8463816018468961
-0.20332494043239235
-4.879770748442071
-1.7456935626318018
0.1911268386128248
0.7691457341935757
0.6549746745908599
10.532671287323584
4.039486955756643
-1.2786720835424659
2.965959643168149
1.504950855915495
-0.32336613644120593
-6.255722279466689
-4.6153069067965315
4.244911011909622
6.208028330146862
3.688696645345944
-0.6976516671704999
0.7050448278863142
4.259035245291795
-1.9484266498913803
10.593684193185885
-2.7639475837662437
-1.6097022699793877
2.3887307927670904
-0.9832919659518293
0.6073787629375043
-2.9065494326051264
0.1339030957863548
3.3156938588392206
1.737913561466999
-7.265223146894246
-2.5288687568656356
2.131819916839482
10.038087760684254
1.4244595172582828
1.4781591110880892
-4.462808465007853
11.558954972820104
1.105966834257251
-3.2086756048952148
-8.05824655852343
1.4158436378018475
-0.4693762411491874
-0.08302200717091798
1.2267669878373593
-2.1424094476941975
8.320109132313652
0.28915516608523845
1.1013015065394023
5.499813750429106
6.244466113279687
-0.6570857673084645
3.7263707685272656
-0.25819787091438984
0.3050732393675881
-0.32398113314714705
-1.958544349380611
-2.5346937470336934
2.819824479474536
3.12816624776698
-1.7805966772773367
-0.4190102478266574
-1.3299406125263726
1.3650473000935153
4.694074808518479
3.240676589618999
-0.7393045103736793
-1.5719399109367673
1.7969610046538405
1.920652547320695
-0.40271525284777654
-4.050563481065911
9.46568986193049
4.435207167855436
-2.726208561615984
1.902089649874827
2.9141729904511484
-2.1743237228415597
-0.09488635521667765
0.7022817518270865
-0.6349250011377894
5.368220175783478
4.381220410517678
2.0142465565994456
5.341893976872368
5.528900150542135
-1.2127845560603425
3.6513626828935006
4.420447068986652
-2.6935593217066485
-2.4905549686414914
5.770076430654241
-1.0237648852575045
-5.349582970564361
-2.7125028113105745
