1.1492718073410475
-2.7422702472979776
2.7924625951503055
-2.9740549748890572
-2.083407882605866
0.7037021385692019
4.301292040856474
12.051573167309549
-0.08883930191443135
3.3820114677241735
2.027820871874416
2.1772458858652115
1.1704705961746018
-0.16421512477375003
-0.3662618959811994
-5.482866311627432
4.8714317795332
0.08857623463615849
-3.147170418256735
-1.8540550178329478
1.3681190681426258
-0.793605947871064
0.1455051584968628
3.3014050146120395
-0.43860667056271074
-3.0602411391948063
2.8856943365152774
7.286061863225107
9.796487956637463
9.141533244982764
9.813834554162865
1.19974551907062
-0.12013724993294145
-2.388690986000728
-2.7556754182679226
3.0710687585373115
-2.1015110706747615
0.9246981850382945
2.380140095609999
-2.1007551721644258
-1.3891636998520591
-1.3955392254233938
4.587207087084156
2.033417472823505
-2.681187963351891
-5.950658294529635
0.1476987298224447
2.0140067867455533
-2.7829223047580323
3.984401705686942
3.751484797333509
-4.102285737718423
7.736844265762638
0.1858194137346476
1.4749769066059832
3.4571325095132304
-0.33616813236690835
-2.1078568025379556
10.43223931065533
-0.3186632399452142
2.2783321824849683
-1.3691953788311662
-1.7114487152372522
4.198008148665351
-0.6677683522638735
-5.805500779533762
0.4856424505725059
1.9202458882532754
-0.7663191767674106
4.083852590899535
-1.715888237539199
-3.1326949967727002
2.2346836776230146
-0.5971608133282674
8.245644162469281
2.0974955336048287
4.623878204864535
-4.319832562719569
9.34902548592645
1.1103841518881399
11.539991719971598
-1.9145412015411332
-4.146820847360734
-2.351087829728657
7.426291242352147
4.060937036960333
0.14749814949632759
-4.377563117992598
8.609578713093029
0.032542991506464475
2.3231340037073993
0.8436885073948555
1.5346411123410397
2.6483297685591647
-6.6027352054891475
1.4153144147307244
-5.935471179607028
1.13353077832726
0.8910646527030335
1.8869380259634014
