9.956646392319742
-1.069728937834027
1.0656357151135565
-6.796214407354116
3.4285337537932645
0.5996999519530197
-1.7845896166973354
-3.693535058702965
0.1346006980020124
3.6297035864905305
-2.300107717392696
-0.160407966248606
-2.0374408988085824
4.796356819155898
-0.4474380442957762
-2.8552897102525776
-4.944410204700128
4.7005487788197815
3.4669595295121343
0.19191344718221517
-2.3492737092960523
-1.3871150015858331
5.099475066509392
3.1127728451945407
0.7805750158304059
6.163728373456539
-0.07646363006324375
6.497004920807806
-3.27802683770072
4.758121233181976
-1.7944353301068152
1.3594870548549856
6.6501944530675985
-2.6851810061632997
-6.217532058767853
1.8915100741073116
-2.080216080137096
-1.1414432742584308
2.285940703471181
-2.1311486110036078
2.668360195899292
-0.175875716353188
-0.9271038330920796
0.7024659155803872
4.509467519563477
-4.248205702648965
0.08208772581066609
0.531802117663277
-9.27468952379255
0.19504938406931782
3.885913645338234
-1.0513354325862185
1.338775736946515
1.8412628331216818
1.7160954896921257
-3.239478937320046
1.8574421048931453
-0.03986904913588879
-5.319214374247056
12.458054825047014
-3.5435169481265474
0.7483563265732682
1.3079551236990636
-2.59161648518019
11.06599637741513
-1.5029031120875047
5.651779334129906
7.121115472113896
-5.463826709458553
1.3802307203657946
-0.6487925409943418
-2.747600649418299
2.445717185532135
-3.470314513379053
6.403097167111624
-1.8610062979979773
1.046550269383433
-1.3003944136658871
1.8300555461541586
-2.7304851112781474
0.6090274290294169
9.984151445623088
-3.4039028942733904
0.5190844767611811
0.011122587455615528
2.68540232687233
9.018319908584452
0.5422882264935851
-0.28739418277242956
-0.0968211112205882
-2.6235293548540612
5.789127069808199
9.180789349755175
-5.881512128930348
6.261275691370396
13.822326973862916
0.5060485226917332
0.5682785977717861
-2.8518118805400277
-3.242889091519319
