-4.3197279341609205
4.696557462319269
-1.302947038351951
-2.007515837314076
-2.6017231949781543
-2.607706473313633
1.7288940383034026
-2.9117752390877447
-0.654821725738867
-3.2355441453023763
-1.0105718784717155
-5.795773418393543
-0.2621837353343729
0.4777394561405759
10.653858150269187
-4.430955823296057
9.43711243644405
8.620578160669965
-1.2807198825475952
6.835661850757326
3.3947637844793794
1.7401632963301346
0.24560843809433378
-3.1441134966624515
6.898880193431211
5.602191498206952
1.3897787167841618
-0.5297880608109617
1.2206093079209106
10.739056492037093
-0.6890686514909092
1.725290061831957
-1.5273598474079777
3.2769187987681
-1.07913686950904
-1.749466460274526
4.030960047376647
6.477616985895226
-2.4180478841847792
3.816243718225045
-0.699169080381964
-1.3324575311306788
-1.3751486838558367
5.508355480934772
1.267199857977987
-5.8694883132295
1.294273580724155
-3.086860623216966
1.3373380786584472
-0.8671481666242082
5.020940294735387
8.457959931074507
0.9191819724948718
0.4725939945481681
-1.7629045088639037
-1.8898103394942691
2.9732758758013835
-5.042847854947555
1.9809235008053474
2.489715218190355
-1.9625602822172095
-1.383456516869602
5.384537774645764
0.7476785620468904
-1.8082934460276694
-3.1975623655742256
0.15029482189090793
2.4858394343052757
1.3650794739834353
1.7793583909513102
-6.2042720916509815
-2.1265553320110016
4.764803407868345
-3.53987885912837
-3.8742223997988106
1.3042455655475749
-3.7311054393978216
9.836116208633088
2.1241994198611405
-0.5446214598012415
-5.42035316475573
-2.739608510467736
-5.375324894741059
-0.26640163900786745
0.15035762212332815
2.626141473435907
-0.5240167998901821
-0.43972135405948165
2.633666366314689
-1.0471930765919326
-0.012472264371808671
-0.16612627134286112
2.093688396110395
0.2542759350560071
-2.6944826340135744
0.44410904643992666
1.4792979391196837
2.5883154893190286
-4.878350703871612
-2.8600041662986797
