-3.2206110753750448
-1.2944171126615687
1.4654626346296145
4.334761064188715
3.555144051635583
-4.232179195454493
2.5762486340447452
-2.476757871323147
-3.6264774098478694
-1.122084154918205
0.5679866344276254
-0.7270244377757984
6.433256109750117
3.630494488295075
0.04762060345605465
6.212857819862897
-0.02955388804499561
-0.5433763845995128
0.5221170236510062
5.738283845545466
-2.304784916409101
4.197496405108662
11.773424796402754
-1.602571131603716
2.8941034348703796
3.876468344907294
4.3340101625649785
8.730073567378374
4.923694640748851
-3.579669270821399
0.028119724341999594
3.4002758649915013
1.7607530382058774
0.6080307482099726
3.1703610023797055
4.541522632384161
0.5256021643596847
4.378292688436798
4.265661403932666
6.025706114330474
14.877412595087907
-4.383628234606694
-3.037474133265749
-2.2151801228474497
0.7187133404956625
3.888739284619218
13.196137400752239
11.114305516437657
-0.46410767387661717
-0.5264521138244627
3.1921586934063457
-0.33353363502556327
1.3016229051893329
-0.0797235023261845
-1.450447882532212
0.29747706160301224
-3.706651549128544
-0.017191372318703307
1.9029259042262532
4.8821506686767515
9.624250407600428
0.1618601562641031
2.3051157930589166
0.8133566465414295
6.769607663184045
1.964167038116317
-3.6031923462211353
2.985881664700371
-1.0210114858270112
4.057231936619959
-0.7595045930442955
-0.10786230980887838
-0.009949224028026605
6.331402507611417
-8.288954183962293
-1.5816328977461422
2.327601107174612
-3.0054863327807597
9.460238535670834
2.4551092116258504
9.35794820546568
-0.3115335801522041
-6.194140702333966
-2.7198699177492314
4.052090400174576
-4.687540157425463
-4.351899085921458
6.41136212931411
0.13310646301416434
3.376960417242195
1.769618949546054
-5.889966475609489
0.607178093249399
-1.4064457756736664
-3.793226490854648
-1.197450584874799
0.9552112354947343
5.576062913659633
5.086001043433699
1.2031045517198697
