2.1301692015915807
1.12330981841764
1.0158760089451269
-2.827796797470363
-3.668100890095584
10.1939814651012
5.326561965110688
-1.2964222796453346
2.5166609982753196
2.9332175411933807
5.940461862549211
-6.545095705524393
-0.45880927238962554
2.2655196565985385
-5.561607530026902
-2.1039405541493057
1.734029914865641
-0.9754937401830559
0.9428775544745227
3.274031022917855
0.13045207968028222
-1.1294680653325608
10.004065424996465
-4.115975314342231
4.241344688122178
-1.2304808064334656
0.1931185178024739
3.0809373612070496
2.8315161407232328
5.918293113302278
-0.11523677283113448
-1.6559071582627531
14.025835768041112
-3.6963687145664235
-2.598778402573746
2.7382714444326375
-3.1480358453084314
3.46193995250485
-5.6756004059052865
-0.9105367433052898
-2.3328411415869033
0.5536456477721221
1.4611846617182336
2.4192468058635193
2.520016285753785
0.05748958078234043
-3.6074717247552357
-0.5558831716031345
-4.7264596630150395
-0.2820830166337128
-0.012576537546538587
-1.4427058164794568
3.8927387144763497
-4.353273368976445
-0.5201018311242436
6.488436324524298
-1.2915969672561107
-0.9222881380282608
-2.6313446267522336
1.6150482453920787
1.6038531583457436
-3.2524080947329956
3.705108238966737
-2.3573034018145784
7.238325789099805
-1.2990623383929203
1.628807018385209
6.865260944361391
-0.29508014913487185
-4.324577712522052
-1.4350695055525748
1.1709391350565794
-0.2465574960639091
2.2101279955061486
1.189259927329484
-3.1097202057292663
4.312095710221286
0.062073878659197085
6.319997132818496
0.9433499069463086
17.44230977082467
-0.961745142405499
1.950899092513716
-1.9469701978519542
1.5291192073934285
1.6286895147789187
1.7141148816110583
-0.4999063749166327
7.713055831094322
1.5299760137750873
1.970146611108671
-0.5748486282979034
8.80900558955393
1.257543004397678
0.7188910425400633
-2.364927624254519
1.8761962328709638
4.112916644882828
11.950933828997446
10.099146050766398
