1.0490097773936198
-0.6854374286902487
-4.6432601328024
3.456238953448323
7.81945243844113
4.461248603709783
-6.9932101063159156
-2.3944800969077233
-0.16706933189999362
0.9236326321004209
-1.3008641178234783
-1.096635009056611
0.422667896261947
-1.1341506392600476
4.081237731731097
6.458051339101513
7.869109085618963
3.3311608397168158
-0.5497817351653442
-1.4459762612433966
8.331445430579723
2.485099682563583
0.6577071053998512
-3.7655546384597116
3.2770653589404057
-0.914186258175701
-4.337316504391531
-2.8730764760255436
6.397261521579194
4.182287732445091
5.928347852862685
0.8487721897805154
-0.029692886721284693
4.353273752738694
4.666459155447837
0.2916506816306716
1.9879812643948143
-4.859685134307843
6.893474830021648
6.658210968579577
5.9875484321103
3.249972699705557
-0.1080478361249046
1.455652385503368
3.226177100832892
1.194307828085779
-6.546368023196699
4.92456766144756
14.289734827756355
11.429412901419505
-3.9970546477696183
4.0172659257290775
-2.717977916257477
-2.5419648987884322
1.3713554822238256
-0.9978261835045084
1.0605416480116832
-2.36033962869624
-0.0033486206468326105
7.432868054032368
1.229601963247637
0.7502763333783657
0.29408456485361795
5.379810579942013
2.1846077312063708
1.7272772653992918
0.2725513639089143
8.591010429734258
-2.3187194330853136
1.4456241923465032
-0.4810050255542987
-2.1490686532047665
-5.469284750829196
12.603948225271584
-1.286469721299385
6.149797407510289
2.952696596436759
-2.0447483269120506
0.22111529598946383
0.5792508885382057
2.7708317213001274
-3.435362904688019
-1.376072333279748
7.5806199974162976
-2.178627961206164
-0.5657164285657532
-1.4516762458304915
2.304118502521023
0.8537702611190997
-2.88380399585883
12.262350383072414
1.4261238113857915
5.698450142532437
-2.952143882935288
0.25974137112069307
1.2782192754669555
7.9371206771943275
0.4954146380037367
2.302471143834716
2.994098734894683
