-1.873967917373725
3.415894835869245
15.62191123761939
4.537795798217491
-5.255164561453213
4.186291293459201
11.389623250952763
-3.479427406856326
0.8277377872758118
1.0862826059483217
2.791474490501181
0.5570080926622372
-1.0528359307890502
3.048516780879388
-3.2536524419343005
4.742654246067616
-7.991047724583064
0.5062088843663923
3.455849238856445
2.3362819563862702
1.6971725453899802
-0.507877480151523
1.744582749168531
2.181169234986254
-1.8585469727908028
-0.14994356467193992
-3.067861037272128
-3.491312681432361
1.5438718365785347
1.6737111619331553
4.638751793794514
-4.286490412671403
-0.8725402932436265
-3.773714590339158
-0.6058479146235989
8.473665330345165
1.3221018751954556
-6.623762245714664
0.8161362422369314
5.9370028991832395
-0.8670531780152289
-3.790907013771697
0.9812951395267739
6.612581468705784
-5.5445818459604945
-0.6722164274634641
-1.5763650495205317
0.5652443341939376
-2.6947906645635857
-1.1976863224207381
-1.488121094765739
-0.24377432004941285
1.4832759579491206
0.8558540931021326
0.28754110297331537
-3.8652633410992605
-1.342607827391189
2.683560325709248
-0.7491234914949478
-1.546670933664259
1.5646592946841835
-3.3299399504116654
0.9655376830760567
-3.9593358242383307
3.176474035442121
-3.6165310514146976
2.8885282428486336
11.772349742590446
-5.736213874999603
-3.310944522402359
-5.171420192037196
4.204372197281846
-0.9452249696409853
-3.1706129988031053
-3.9079676835716013
0.643943368169805
7.611169129485512
0.30904105782862
-1.5914497094291329
-2.540673204108052
0.9720978990716678
-1.5830528806653712
-1.1597539338379677
0.03281859047792154
9.49264130734679
8.15426599779606
-2.3300746306719784
-2.6005889736124925
-0.9229419644302734
1.1380851288683775
5.426061464317254
-0.28350391111253287
-1.1283819933181696
7.471749306147426
5.7198527347639105
8.87820986351363
2.289476182027049
2.9657173064522535
0.8005424533272484
1.4725750664210708
