2.336222018273573
-3.759475192622901
1.7742001623477177
5.215428870602146
-4.110649125507976
11.482876300027645
-1.0429318289151148
1.1566199246697897
9.492053899376215
4.707339644187499
6.555011802534203
3.067800555273772
3.5277694352121873
2.322888225539365
0.6342075336125222
4.50893261241633
-5.839387439904348
5.007665499964218
1.1486533428769536
-0.7717675546252829
1.5340918590313288
7.849926162121217
3.4066727194322786
0.2520465081143529
2.0231838630842423
-5.411626390763689
-3.4507580017099113
3.431029787716189
-0.6065362793507862
2.758377694231049
2.891357777751835
3.7038877224147058
6.001804634796379
5.006281660358623
-0.009175875494636106
-3.53154726058458
7.884285744462273
0.19308531998394546
-2.1800411137841373
4.395519364941171
5.2157986287737295
7.984210396885616
2.9458215881912775
-3.862281641109764
-1.8188284785125737
4.080525093194001
0.12974603156914932
-0.662648197687794
4.962385682640701
-6.629406938841752
-0.9318407992478305
5.402295696323085
0.48008303735177754
-2.6342226590310114
-1.3308877625563906
3.6675544312719746
2.4275117604960745
-3.7806925528860917
0.07982488117933212
8.312621258681984
5.766014723347128
4.698439735790215
-1.2197924261043627
3.020535103981052
2.946745522758292
-2.4368363377981375
-0.2966850432224735
0.8071298093444352
0.8271230225158257
0.07051379344211782
2.8213837967451267
6.13494020788135
6.334242699068651
-0.7038755910412051
-2.932677102464522
2.72962127595218
-5.035397118538022
5.4659170748896155
-4.358974824510773
-0.09897250958356468
-1.940098220403901
3.9295205119390113
9.204626526710793
1.0139379697444548
3.110069459607857
0.9855362522353865
4.307920551852248
2.435889195205353
-3.614019272382281
1.1748240622639852
2.698156245109002
1.043351930113557
-0.6767446406239147
3.5943238551952055
-0.8136943127792402
-0.766576710123722
0.0025773017912083646
1.4918587861178212
-2.997823527190563
4.14574872305222
