10.528700834282127
-0.05469863736052383
2.176133283346941
-1.3837394569987453
0.07289683919484936
1.5480853574530158
0.5450868302687947
7.287061836957384
-0.32861206805517673
4.867027571381773
-3.916144208419621
1.793394210242211
-5.564441398335924
4.23032878958161
-0.09486380714292132
-3.737527982488543
-2.1489987094338296
-0.8054835908467817
-0.1854993177222596
6.667026338791555
2.851036018632098
-1.6422963051295574
0.7366798581082539
-0.3364002106213111
0.17433967963833832
-1.4344454502837645
1.7452205517866008
5.321696435044993
6.107371726532492
-1.16372315786304
-0.12087416993347974
-0.12717130506962135
3.6588069018742755
-1.514565013213322
2.6997462405169275
-1.4231765342689242
0.8470541388873282
2.0725017626908073
-4.903531287664098
4.868725250205468
7.682214370468374
-4.1897056671027455
9.426645459385975
-1.2708950821435114
8.039681470869107
-3.3404724007781184
-1.3586926090336036
8.41939276678501
-0.5821849194083802
1.227887339228195
-1.9206140866283143
3.058946423571756
-3.7243443586313996
1.273283946651942
3.3190076251471234
0.7028684477252601
5.22438756339641
-3.0210525994250634
0.7557260119748062
-8.160257293197791
2.357230653243518
-0.6937963076071905
-4.698513053157722
-1.885765967567596
3.791639534895405
0.16588840866732413
-0.7666428121207317
-4.172227680307408
4.390085043752353
-2.233182196942678
5.034098604125832
-2.6681122434742774
3.6185357246583294
-0.19628309135219138
-2.563056791936508
-6.882729858189466
4.347457129044417
-1.2632046948211377
-0.03328161181007834
3.700127907883873
-3.5892862731892956
-2.7806951993079894
0.5576560821794274
-1.1451805783794278
-3.6781459345938
0.17740290148417381
3.6140505529670115
-1.4101938788080535
-3.4248006613033155
5.278998089299744
-1.5966192417997422
-2.7244413016153404
0.678830913998999
4.0449432453233785
-0.8601829803372769
-2.641060485087954
-0.9665379103553815
-0.9214999704257524
-2.8623370581992
-1.801702764560289
