3.755747449821917
-0.29678556549622
-2.3808935010445147
-0.41598152671603184
1.4713567553635905
-1.7642510466206254
-2.1682324816510956
-4.283234299248143
2.6531701581303557
-3.9961884129446417
0.14688358713959632
2.604055687937077
-0.06680433102620478
-1.8385588600644795
-2.6235975984480304
11.233200517946877
-4.243418396094607
-5.142762173618873
-0.8212216122986689
10.080443521838154
-6.953277427804547
2.3904481048621813
-0.22527032060474916
-3.0634617820645187
-4.013644408594187
4.662556553285709
0.01806240411027802
-1.786244803425724
8.718251195013387
2.923538333185328
-0.24413303665302674
-1.191100762002544
2.876997072603972
-4.263171459280041
-0.8081047476442802
-0.9037275563866585
6.472903679619807
0.7082707788720284
-0.4177588404205944
-2.338103431258184
-3.9234283086801183
-0.8460755318137585
3.7277065908322697
-7.0724806437696675
4.104804501092555
5.523742263051479
-1.0964519795805125
3.262363287786754
1.960680775236175
0.33327577194088903
0.3539276573521789
-2.5758032507477955
6.662491015278501
3.9833996389108473
7.187892230128097
-5.113525757088534
-0.12869331573164633
2.4504237915434723
3.557523383326215
6.658333080780368
-2.7306242162693133
2.412794142459217
-0.5758265822778451
-0.4610890716079985
-0.5115418415945843
1.522654240744295
2.9483459339858222
3.8864815057236752
-5.298664282937148
-3.4201642959566767
-1.877737362146498
1.906992292339158
2.5361983219380857
10.098531091928665
1.7756882259070306
6.444731997198932
3.347157931013175
4.3023136407831615
3.551006302485414
-0.7075772814611145
4.622790512179977
4.397426953625858
3.088698923981146
0.6451213213732171
-1.2552476242586355
-0.8592901477149526
-0.10292329049946769
-0.6727154310227034
6.132886876507786
-1.6230087155113564
-2.1447197803934124
-4.398048356145435
1.0696299045424227
-2.5959987872463124
-2.0499256180503833
0.4015960354487043
8.394820214580024
5.958964847873173
-3.5753651128875905
15.193727101202679
