12.083110700146625
-1.6502985596399955
-1.8723300535283638
-3.0949194180833635
0.7483368603056311
11.312550343239607
-3.366650128355495
-0.45552579482106076
1.2765959719419127
-2.233133324643096
7.988109046757019
0.8190552936517679
-3.826943684385136
1.5554737462589234
-0.544389802657533
8.522413807639662
-8.51657407886971
0.5563972660429569
0.2325124942266218
-2.922080659338578
0.3449371524171468
4.154278718870146
-0.05076736413992539
5.142305595143952
-0.7346460288641998
6.155625542149398
11.279597742188212
6.263063117900304
-3.03214555766676
5.967242333410507
-0.5764789177119353
10.588085577101127
0.06120208649348492
-2.2430825846661246
-0.4813440925612882
2.332206788910163
-5.036750613302331
1.979773526776826
4.906077546620053
3.7852508820642363
1.0213166600967762
-2.9185502681729494
-1.763972465023258
-3.376440759156962
0.8540392924613491
4.701318918298696
0.18076436492863296
-0.45859460545302816
-4.929219499400548
-2.804342240318539
-1.1860490186832229
-0.5588753421281215
-0.28873930043567037
2.590507947007847
-1.0503225995298866
-0.1907063427053038
8.513187415308254
0.06422690410092471
-2.7733857138160927
0.8067266943332678
13.416394515690213
-0.27739301271059036
-5.2781874022840185
-3.055753500997479
-2.0776531162334217
-1.3969012657492443
-3.0387280561945937
0.21420501771910716
-2.3081299938012365
-0.22249551773531184
2.7712872554495473
-0.41871080086117085
-0.49129211254580557
0.8357382610921171
-2.3663047967568973
10.041048556208473
-0.46564496447440196
-0.07712314127660669
0.8865728450280612
-1.671328306717501
-0.03903522837903557
1.0607190260145012
-1.8087707775492428
-4.395418405580978
1.8136369261312009
5.07469358694252
1.8671130941495537
-4.738332290572839
3.7426604139954898
3.553546899353033
3.46218849487484
1.229253535491652
0.2007922671719558
-0.006917639932926918
5.423199045771987
4.55467883125895
5.62194628450809
10.627075238857927
1.6382843881622664
-2.182965950247524
