-2.6566538170039706
-2.4860032996950245
0.31925158384757374
-5.119447706957065
0.046724213197295784
0.3048389127171447
-6.90866782676329
7.511875062779277
0.5974907414629529
5.856862355220301
5.53678286179869
3.5222702950627705
0.8919334291128536
11.653487279930898
-0.19174610055040464
-1.776789290857796
9.909888700493932
5.762604701710863
0.8408582380779206
3.825997655150122
0.6268204411128395
-2.093174271372801
-0.503081481041292
-4.176562869489629
2.321286073673736
11.9514912960556
3.1775423924686566
-4.859007736176787
1.8410255778314282
-2.8277446067165943
-2.562303820471966
0.33770547582512367
3.580557797353502
-5.578608381640058
8.95066274121775
3.545740535506128
1.3930122834413796
3.9978137426611626
-3.347210131196346
-0.026102118413442607
-1.0908695640833506
8.279976634623136
-3.555128661718731
9.10108039884675
1.2231751385531893
-0.7500772963162268
-3.0662970354808565
5.09989079940593
-0.8921247434249102
3.770539097547103
-3.647667100396947
-9.148757475608859
-0.2476925373570187
9.310049590358581
-0.8640719969491832
-3.3857528932457335
2.0293577434177923
4.206427542824002
0.5239002789543478
-2.426148179016433
12.902263634167191
-3.1293554395219463
1.049759136193559
-8.048602774947152
1.8143639085158727
3.981124848719949
-0.15387484068919188
3.92400218930893
6.93114195370625
-0.5959769874437004
-2.718752570477735
-1.241329177684978
4.925012082114478
1.078563164665407
3.1287054369410816
0.8190762784606442
2.2193149817599616
-2.7873783807663925
8.693402579186088
-3.7882786195800553
0.29189686521302305
2.4813061353958155
-7.07589423159489
3.830435316621136
0.6329078727694182
-3.2238475709370182
-4.977006150589588
-4.328570758570707
8.975975179825218
3.9417945034467152
0.27986089541757375
-1.3855503045499393
3.1249424038670615
-6.3377313082335105
5.0650315104272465
-0.8879545710017753
-8.088180209649835
2.226082935034839
1.1607024247041762
4.68081172854616
