-1.694217988953237
-1.1105914268862844
-0.7114559688054118
-2.1070244333209573
-2.874484661514584
-1.689113782811546
1.3963547985695273
9.253861481657731
1.2180937672943521
-2.029436526906072
1.6582741575887692
1.5366924380023068
-1.008354953444506
0.9814920084862049
-1.1276834101303643
7.717094207602055
-1.8754154553136257
-0.30785447442103214
2.5097736592448667
-4.009442449383427
-0.4636350102682193
0.41434704172602643
4.743171059208669
-0.5294287139633748
-1.42220240722251
5.400177554546223
0.009437837990673145
8.494661150841132
4.74117411301227
3.9134989460567575
0.5271575281289689
-4.468505852972245
-1.3917616467950311
2.2759149245236467
-0.5023950467118914
-1.6108598406096946
8.510159749044316
1.4201071487253065
-1.15249083881098
0.7204260774038673
5.205208095997796
10.556366540567884
-2.687265641157435
-1.710480582779597
0.6204806629856812
4.989868415051851
-2.9950128465949506
-0.2392814691866929
-4.4265660893091265
1.1654656251636377
6.6142796153168195
-0.9935303663018179
1.4787678789296443
-1.8129885962465564
-2.762117607896476
7.083873305089425
1.4809352356404204
1.4926710075955425
0.004669541610109969
1.4729617972929556
1.1098523180138073
2.8417237752839255
1.1538003193961939
-0.14264298250165833
-1.8862636886290405
-0.9570723826279102
-3.1299553402242575
-2.2536223427669553
6.148536410713367
-1.029853189731873
-1.8472103276284035
0.5342472688189689
3.9172534181620393
-0.8490392878679933
-3.3524811900953613
-2.0883334081784315
-5.3591678938208975
-2.4070044532280708
2.460100088321899
-4.299174567216276
0.5551818946087157
-2.6294353823854726
-0.05585818555999552
-1.3735887920248446
1.844635865008284
-0.6082405328800154
-2.86547624463652
9.98145838174679
-0.14790600949006957
5.622869667548034
1.4935179350238696
-1.1649978821301277
-2.860343090475168
-2.5199012240609386
2.325575936906053
7.119830858879279
0.007522720288887624
0.4356633845682775
-3.2617508053308564
-5.367193910216374
