0.8739996270762429
1.5010244762167129
4.894693580094472
0.5822172212438954
1.8779642720459702
-4.762153132299972
-2.6629251144955757
-5.209822169141598
8.255661628690028
-5.476922005461713
-1.303794049023793
-0.8936000485836646
0.14045646314126575
0.17371851684502376
4.211043563967963
-1.5957923668380762
-4.712343381951911
-4.866967923284108
2.794655776998941
1.1755950322284832
-7.122747452229085
1.4887437233231648
2.2337010291366926
1.6855790856426576
1.6502877926760637
2.017477497010418
1.793541487313874
-0.12071590711889746
7.101981195652503
0.019026169203905784
0.2819321114192322
-1.1986893537741166
6.082780624562107
1.2429822197027462
0.1846873868826032
-2.5650799046004087
3.197800183583607
-0.6997093726066562
1.3466096594241044
-1.2085291160237284
4.407357731309341
2.532111459024002
-1.2287711476346903
-1.0882553418615406
6.207569383182932
3.637990106208786
4.187751660674613
-2.9446235402760155
7.360856587712015
-3.70939298187017
10.63001123352081
6.877426032060784
-0.22692878327246271
-2.4809166114501027
-0.5063389662403056
2.996581154809628
0.7635764953260293
3.346481591571859
-6.78820904604739
-1.4297041951875589
9.789734661333128
0.4007994612601665
-1.0051522927792331
9.20248141292874
-0.26020390074500804
7.271772321557616
-0.93557666565703
3.271610168327647
1.8601539988263973
-7.206664674339885
0.2680670716034
1.6967412517241098
1.6251077074764964
-3.800065632305368
1.1709227673354448
0.6333372854411372
-2.6100690581315935
6.118305686864717
-1.907164783313169
0.38144724838050714
-1.3323360680576448
-2.1099809888123824
0.15175648140855802
-0.039732856162053715
2.8478087584065763
4.819065897629056
3.791621068603585
9.582235199332835
0.05814639672630274
3.262252333410447
-3.1720381631067465
5.831185387281829
-1.1720319547776954
1.3502527843914538
4.556225559197789
-0.14427739335018663
13.834144599110797
6.4143673118895155
-0.30131486183784273
1.78509461115646
