-2.1224524057151273
-2.658379658242769
11.630776452497635
-2.721495327418931
1.9651273551404311
2.3491556732669943
5.539507401602834
-0.5621272428339315
-0.25287624051231994
-4.433137122977833
1.0766610403060182
11.534278954265687
-1.5118572287068113
-0.3279690952194838
-1.3893438121803263
4.772804529378701
-2.0084633113808046
3.939928316378305
-3.361629472577889
-1.8670401494551871
-2.9261830220502505
-3.082978065846528
-6.190796736608391
1.113199802808408
5.3201940058737485
2.851039722002466
-3.7229813740675373
-3.3431092076604703
-0.24989202496935434
2.3611728865975823
-0.7926748744258818
-4.3639740416334964
9.93835283696365
1.0463261427382704
1.0636513941412362
3.3205087675034393
3.711480578356313
-1.3566192503244867
-1.0723998104982733
1.195009820823732
-0.6506372455020863
0.8650197653418426
0.03304559763253352
0.6677573730623357
-1.1097329416178745
-6.214898506788614
0.20146153431122976
9.628641777225377
4.701352348571827
0.16430880314238383
4.504125046903897
6.28478935343318
4.1545824823324455
-1.2935221153091416
5.56471482415347
-8.252781550609924
-0.3433434151110424
-1.9789143743431685
1.753500497981169
1.7057347545103774
2.447145762318089
5.9605505393350935
-5.038825274490634
6.5134668834894125
-1.752459262163005
2.3391582680630694
2.2418704199652546
0.40531775720092084
-1.0288866588007028
-5.004747300439695
6.556756963345937
1.3995450145458062
0.35199665397903623
2.7522688800285375
7.147837402581117
-4.126901204394179
-2.5766780126350595
1.5918776575819744
-4.494018904342786
-4.36634114959539
0.9473697452579337
0.15999693557360797
1.4038968062785058
3.304326298398013
-2.6526592631288244
-4.437124283146418
2.319672949162665
1.6003359473181051
-4.281069080321342
-0.8539425908109513
1.859652277298367
4.243507509988548
0.37109566441675756
-2.412669636942024
1.7516080536188854
0.47078449975474435
5.579044207837674
4.619324174661085
-2.0360513881805327
0.3172586693047671
