1.229769170552896
-6.760722078551476
-2.4770347402139565
0.10913655922474524
7.479707542456995
-1.0246092181949762
-4.533729751701173
2.452024714206215
4.1025127772105465
-6.061479264157029
-4.2603924387211265
-2.796111367306672
1.0438467192787848
-4.099504070382124
-1.7174333505600874
1.3713523738031315
-3.0591489252107484
-0.6978295789000518
-5.828416823012119
-0.8685048080463044
2.159437786139295
-0.6192531600038625
-1.7492848274619959
-0.8194450794663052
2.612242706855124
0.6402155331821809
-1.0523382577952667
4.265373653882471
0.6491368740507979
-6.137398708707732
10.736191810215669
1.3571830370233622
0.7434648137497846
-4.642308769665616
2.5065507083787075
15.92420145962196
2.260658558432287
-1.7807242655521422
-3.8565374239962535
2.2895959213537598
2.858008081685188
1.5485652699889054
0.7440921572772936
-4.183795061304128
0.2332349163229261
5.096515989596552
-1.5171396359343952
2.2171081185243384
-3.585710468853607
-0.9637909348240882
8.786588493181764
0.11025604207340689
-0.08134390103845732
-2.4766982242130844
-0.0512061113779744
11.637642147004524
2.053754038254036
1.5909361806045836
-3.381683289252079
-0.5358007005081081
9.720435334249592
3.6787210004663953
-2.58095261736529
1.7577927490748977
1.239018075935041
-1.5785038968769458
9.74807173049231
-2.903470244629886
-3.3715337689788996
0.514365294322332
0.623183773029728
-2.622151215037041
0.49638873974090525
14.06666195677036
-0.8798146507438065
2.380319362103209
0.18136260545539568
5.24935475591154
-1.7671221621721394
3.634025613692827
0.669064385815962
-2.77707598500581
1.6707104037961784
-2.6785786134130682
-0.954998547675447
0.9930034141263391
-0.6508913862202325
7.465139403802636
-1.3307681427020241
3.6403376547163635
-3.4248399704071133
-0.09903779639436042
-1.4924210967735019
-3.0988040247961908
3.7919029538923237
4.669183783140964
1.6906947089057631
0.35887216807032657
2.3339380369312672
4.498366958008265
