3.1313464079260056
-2.892382425415966
0.050006092833073876
2.7690269621898764
6.818642396215029
1.081443955930832
6.549939124723229
-6.134410383392201
4.4642675951026956
0.6390468854479172
0.8987710351581729
9.443247123342935
2.6706864354474087
-4.729627620629859
6.961216047508114
2.763812700945983
-7.316533974464332
2.426019833085504
-3.0691838312999025
0.9830086168834613
5.190842088339506
-0.34662896337501725
2.581845525212484
-5.1418501589871735
-2.2388124154661404
-1.5319017762883504
9.477475229829553
3.4250863111606358
2.4744406055905714
6.325892101559276
6.330847982345462
-2.2358301067687387
2.544651805097382
-7.020369846397212
-3.4933247903209868
-0.7156210003000609
3.194038167696866
-3.0592592806489525
-0.13651883585571506
-0.5198079378120659
1.6507871956947509
-1.101710214217181
-0.17518232787264465
2.514810540830232
-4.05873612982446
0.33349729149532625
2.9499686535288614
5.89293156180228
-7.146308304744787
4.1969923196693015
7.040291142501706
-3.014205332014864
-0.6036004468973442
5.558330553869279
6.183679582857915
1.0021562851950836
5.546937054132739
-0.7421693221409276
-1.3368883466458479
3.730196818235205
2.121563110989587
-0.8684017036423033
1.5984268176477094
11.311953970315212
0.7135939105901444
-2.7124973574453892
8.511154306334989
9.425028055902573
10.45098598000823
3.431295068813453
-3.774816273723599
-2.143112741286701
4.594572448885914
2.6226783665610904
2.622065894593041
3.6411088349589287
1.9583547193089026
1.5275927135628207
-5.859359849570964
-4.940040961944808
-1.057689790064272
-4.389593086580004
1.583972287321564
-0.8525410179873507
-7.076212715383874
-2.2788223653682143
-1.1602089049162796
7.528741398965537
-2.638598882114727
10.45140559296858
0.23806465100705815
4.388024829038378
-2.7894957483988585
1.324487483500259
-5.580821146399424
0.07682452729365549
0.5441704703111748
-2.1854213915339784
0.1564215046034857
2.8931899958540512
