1.1937465810223866
1.1232972009806228
-3.593356212763519
2.9491884337105008
-0.8035979317299631
-2.206140028780599
12.228332432886035
-0.32436490114196737
10.05844568740087
-2.2079718996653788
5.049241826311414
1.3899551158283028
0.24806201244489673
-3.8359670067516776
-3.615739243615936
2.9757939235528985
2.793518713935148
-0.8818285309739196
-0.07984307525462286
2.716493674908887
7.103814228081996
-0.6140012285741125
-3.329079401524803
-0.9322737226609642
5.556644399348499
-0.4634730835318538
-0.9643086402776788
-0.7479448694220519
3.73733140528103
5.594824222192304
0.8477261137916992
-3.8221032510350352
2.6842309835152953
0.9333570546007299
5.373367818381652
-0.03948733274745578
-2.532590901872671
10.734244748210832
-4.429724839716929
-0.7931387903335458
2.0653251487127733
13.87194015681257
-3.9464792601923597
8.112592429247512
0.9981560904198055
-0.4464249774334371
11.500794087381102
4.867579913169211
-11.249568155083978
-0.17789502006973443
-4.740585570383805
-0.5151686185051002
0.39704952434815255
1.1746169683851266
6.751850399247571
-0.30571999996094207
-5.028659482286772
-2.913514837775703
1.2047877951984547
-3.0680172123033014
-0.7643825315448554
-2.0262595216671713
-0.3274460860746756
1.851555966766071
-1.5119944283148887
1.1791410231499797
4.925012234418222
1.1509591400366423
11.287851912168119
0.09539568001191456
2.725745303027028
-3.0464765767874002
11.521075458720983
2.77030674224932
8.135472655610169
-1.416967158896894
-2.0466082546020647
-2.8558819994635183
-3.6474977422333774
-1.097633603094299
10.228667362416727
2.674950381321837
-3.4016695102518986
-1.1683045773615688
-0.991429726673286
0.38435547591450864
-1.9201265793418365
-7.351115071089739
5.7810787695814
-4.294883889865353
-1.8058841671791575
8.680980353152885
-0.8689697225405433
-3.5966338871649497
2.9101885739203377
0.22398161134933703
1.6649374202044265
-1.7787719522772085
1.643990334758162
1.3174253197415444
