3.3787948766319764
1.4010591721153052
4.88773413421947
1.6856451276673723
0.47255785895652036
-2.734055916095265
4.235130443448818
0.898482736397128
-5.846576562274658
-0.8920979903363975
-2.2091064185622415
-1.3353211441869393
1.8512939540611955
-1.690852012812556
-4.378707619234381
1.0046844729267739
9.08354118488452
5.691938878487444
2.8087168771505446
-1.6015618563197418
0.5747638173475076
8.398360767176092
0.9709834073325556
-4.580442716977746
5.184250722885144
3.363171538764294
3.380789600113368
0.7158226465877042
2.820588944838037
9.277570514050055
-1.1712034388256265
9.777056603410255
-1.093775479783822
7.419161658939419
3.1912561107861204
-2.2856719339002707
-0.40756631105371544
6.981516476184293
-2.6190573347360013
1.5511166547599955
-1.2781020012421453
-0.780647002599939
-7.256023328560942
1.2784943055623499
10.180536187088128
-2.2999110750090432
13.464436379616473
0.8005396983487824
-1.5739785751287063
-3.097644257289134
5.749768951893102
-2.4634956134424226
0.4547063124022193
-4.262005569757142
-2.3241182307126045
-1.3232867502983248
-0.03997330742356105
-1.563889028667988
-4.409416094006559
4.917137930485378
0.2352611084513775
-2.292909400572429
-3.1693336256733753
8.365397923906814
5.289536688740752
1.029808279999105
0.7807271189143359
3.320288512347287
5.34360093304201
-0.5534377360767786
-1.3595189398624086
-0.007316082501052764
-6.156562515764522
1.1383616033009805
2.463681920157673
6.8712628477362845
-1.8844641017197992
0.5768284864423431
6.18364380338106
0.6524087013002582
1.6126518115440636
-4.825012707155227
5.900967964401107
1.111793347413728
11.250231805355993
0.728355379720923
3.337752307727517
6.102965521660321
8.038542716256737
-0.36660769145281735
2.034498557354431
-1.1500402534358918
2.3631683254260722
6.976686768898604
-6.39148314380399
10.330199609165952
-1.1305711541504082
-0.6078874419214587
4.965372710659084
-1.2687717573193482
