4.246357032105231
0.12681481804780936
3.10569768663589
1.3913738656248746
-4.932921192457327
5.7178027723825355
3.8879659345987294
1.3974588634412124
-0.9090479119609112
6.872608751925631
-3.8009387509840025
1.8757261831473635
4.787862772023424
7.285666024037711
-3.354553859568812
9.729087376864346
3.60811076208834
4.214173568797871
6.765418062405191
-0.737971296225407
2.6142044914360016
0.7111079603172674
1.270404625772871
0.9589306611862771
2.377296984784149
1.8649647122964037
-1.749897609930065
-0.7866649057580304
-0.5392776143477072
-0.5597478564004738
0.0021130392701390103
1.782997836531126
-3.387232050524614
1.087260572156905
1.4902334559269634
7.044239566608981
-3.0935471464501534
-4.492823253257367
-2.7060537642640456
-2.4138034122128476
0.45784145767535156
-8.194146103190366
17.184063650029707
9.834702325465111
5.169031003195453
-1.2020535369938772
5.255063410465363
-0.16283010377102622
-1.2686762047137465
-0.7710667061763534
-1.950738625822949
0.8173545368379007
2.264663720626435
-0.6398665113459133
3.0632768821962086
0.4894882677904077
-7.419341153821981
-4.786380704160156
5.595784267411442
-0.956545723748469
7.0828998420943945
-2.581653749905045
-1.2411963083193385
2.0154300632224023
5.638417516439352
11.757836380319358
1.4672257425406618
18.568545054908007
1.9695588460840932
-2.2724744858480572
-3.216456285220108
-1.4777939443547876
-0.7170337229257042
2.9591762263823624
0.39460584349774097
2.102012696334982
-0.4856204006096826
2.634647320718445
-3.590776860330748
-0.5080140439285987
0.9595544778252808
-1.7568454072528914
0.3407863489544867
7.1960498905436365
-0.6547032403076049
5.468288253321752
-0.4469644562472455
2.2017684039940226
-0.6839412678166069
-1.33667915629273
-3.2499148310380575
3.1703586390491876
-0.9586594998999407
-7.762013030036817
-2.510637154569292
-2.49175674711233
0.5357100527563341
1.7808195069077546
0.7679954082627363
3.353547764004756
