1.7709026286510734
-0.4749431618032698
-6.574018633029892
9.428726155602227
-0.634197700887229
-1.3749481037939726
2.0027478845598807
-1.9829072135209
0.8805841110066701
-0.5032606758152102
7.00834140325492
-0.6825711959629286
0.9567135398022383
1.252579686047691
4.971341463631822
7.081418443450881
2.315763680322501
0.18174367105306108
6.661505570834957
-2.4882172842517853
2.958416459796666
-5.187611553927389
3.9820476559873077
2.857141439676659
-2.043709226046284
2.7896981344580016
-0.2739568301238358
-3.0645883241960665
4.52202537415905
10.624347807124053
6.66399794328362
-4.483934977285069
0.8247623702147231
3.6411301153016886
-0.06435758490359812
-0.8742904780555536
12.035977152810062
2.2043276705409074
5.9994379467552825
-5.5863784624730775
-1.2758948153159955
-3.0032004245537616
2.9077678516754277
-3.3400631222557546
0.7403747280871428
-0.9491039697103467
8.908162727079487
-2.1469712544177177
5.413936235686026
0.1941670596721396
-3.966949053700045
11.861383382353385
-0.6796613522533643
-3.5811086643561705
2.4289415847768656
-3.254040664684886
-5.221028386150705
3.5750789912028385
4.472489915574226
10.07361686117825
-1.930144905772647
3.0753615563172643
-5.337483759897589
-4.467094061734635
2.18898494443242
-3.6165257794739505
1.2746193813247906
4.732595688928303
3.338600939868198
0.3660707106017911
0.8324427465839674
3.415197557082964
12.97044156846544
2.593203502695536
1.0711253413771105
9.508871783541636
2.9660075681732403
1.7713368455015999
1.5775808266804174
-3.5410387279409123
-1.730978600458338
11.237874154030717
11.623952651583481
1.2893339788608136
3.272722623433845
-1.4016154943500276
2.7380220330722294
-0.2814502588730545
3.9504091115460676
-5.213515969731256
4.012245735579478
3.772445383330031
1.174302019821194
2.5451099661348104
-2.9864297331460326
-6.636368418865086
11.667191445535273
-1.0060965831338458
-0.45696718365732736
1.2314531693433257
