9.324880414099912
-4.873598945999206
-0.3535463628914062
-1.0063483476317003
5.071391874516005
0.8893883469843353
1.4201718311378668
-2.9489144120177464
1.5045969890448836
0.8907257451428554
2.728295210071725
2.0444739917990193
2.967438219858503
10.9813470325846
7.317160626976654
0.26600967132644904
-3.7435143334498897
10.169440324166233
0.4796964549710209
-1.135581054409609
6.929320411772521
-1.4068927877457937
1.6118976503963616
4.304263002472943
-1.759207599721957
6.654469786885473
4.7282529517849206
5.418108378639685
-0.47833901544791857
-2.575136640888886
8.49969706428285
0.7331279767067043
-0.8956324743071236
0.7767239208807273
-0.04573463297435399
3.31051276000278
-0.08958296236483479
-2.422629628374839
5.86457777197983
-1.7537082683392473
1.8207978030141732
6.246460204960875
2.088361747898503
-3.3665582315248965
-0.16826007790436567
6.818058064909453
12.86128122048009
-1.8630669118909902
0.6259057672878525
4.11244190914974
7.455078821984659
5.243865697330357
1.2824033207856547
-2.0524032642381025
2.4522655085464256
2.892039884100198
-2.9116640788526924
2.2950848829999866
-2.0951205347179385
6.43225043031363
9.575284113171023
2.8215986173826404
1.1724896784629795
2.1635411752483016
-2.4166724896071807
9.23650554517513
0.8036625466779872
7.5086961624065935
5.992474370790273
-0.6569685249159716
1.3408360470435499
2.275482581034127
5.398322660303252
-6.279814696000535
-2.630113938719785
-2.7112879854349874
-4.343785517948594
-3.600640972266403
4.394973685517699
-1.8362186127323057
0.44556347474331526
0.14110916226982878
-0.8940331645084962
3.319609085356622
-0.6677935583971042
0.09282464264267148
0.9734493023197252
1.01263603133739
-0.6076967336917275
1.2805238546109061
5.780105247857639
-0.4091269466787467
1.6978697424028075
2.1753838502208156
-0.5180446676576557
2.150681212242579
-0.9066722162533125
3.2547560898045873
-4.893853636879524
2.240882710220082
