2.3783426435838098
-1.0093719153711365
11.51920967433322
-6.0327898441763885
0.3023493128918885
-3.1069775627054432
1.5430037851111291
1.9171912923460475
-3.0405592882264
-2.495917765939575
7.763843703419093
-0.21632557882163253
-1.1370592287655596
-0.6233280912653998
-0.4017077653379119
5.321499932564702
5.257051994119172
-3.2687657272529074
7.8402218439516185
4.425506534614531
-1.873554783949635
4.485873362682984
0.7803659768132531
-2.545011777711509
7.016071306748444
4.307913635387081
-3.5203381671095975
2.1320420118579753
0.26994965258511194
3.8485003581184114
-1.072703769416191
3.056034677696066
2.2966686609257474
-0.5839468214728526
0.703480772134719
2.5718418696101417
-1.632029274590416
-4.089656947001425
11.03791438196883
-4.616676682399345
-0.48994412046011215
-1.357350279799651
-2.0568868401166007
0.6596195850911872
-4.490529299496638
1.9447201015011721
-5.890303543505502
3.129824201612801
-1.4046131512576996
-4.938425061818434
-1.8247558324404007
2.21249213959012
2.6972664449387
0.03447215262616954
5.660257198891831
-1.873550413250296
3.479720201244138
0.06316371274161298
-0.801449828677836
-2.8430916755113196
2.2351600080393204
1.7054269228735417
6.093793116889343
-5.783969667052624
-1.229607955050835
1.6953835937051296
-5.123401649280023
4.276050811895353
0.5276841510641014
6.3659678821188725
-3.521824170310542
13.447383690097
-3.569873513079351
9.729063026653215
1.4295998705102926
-0.6354532604963551
-0.5283260857481739
0.6062890711955923
-2.9659682694550105
5.498328944300212
2.654663122105669
1.6528629903801744
-7.294617824868885
5.747759563019432
2.693879131525038
4.830068293829528
1.1303311524169009
4.129924819176981
-0.4326427969420527
-2.2730225529435852
0.5668505347441111
3.08273610673128
3.187777952634966
4.245932757275016
9.394500043029481
3.0484940386538675
0.6144493722037119
-9.443312747880542
1.1315271889276568
4.783719600374221
