-1.1638587179886009
1.227955140236972
4.050880999225532
3.134500223164048
2.7968346878455876
6.914419140008132
4.106497286130624
7.799621547849733
3.4230430280604
2.8600552512190656
-5.673310741996082
5.0393188301539595
10.758742757820693
2.24370451849116
4.0579612087836665
-0.19444544118153567
-1.8661147463952399
0.005649331812457657
5.462390273153819
1.4964252433801537
-1.291742504553998
1.6798116060925294
-0.7364902736082118
-0.774929321182551
3.1939269672823967
1.9255739678920798
0.6829229043616452
-0.5200782186649949
1.3212752229911944
2.919314538845092
-1.5823430421071145
2.985861968771215
0.10097794871643062
8.819839819565768
5.50902320958717
-4.066261645567542
0.2323740841426044
4.690700298752365
-0.06023254015167954
3.8564296664744693
0.6297535001652443
-5.374449139979316
5.962417476598457
4.623505526858567
3.8148525701173828
4.679453970954423
-0.5380783863961699
-2.662619541130983
-1.230057575971823
-0.49280193331006616
-1.0173355549210437
1.5374727216009143
-1.6913024037163877
1.937022281843221
-4.485014300180191
-0.7132935677680361
1.538922553936425
0.284731558896827
3.794591562321738
-5.043969106909524
-0.11205725133200488
4.953791627943547
1.288959018680133
-0.04546635587355133
2.5177840603595616
-2.632465935044985
8.36408863665801
2.853513732347221
-1.9894791223865373
-2.1886216080894028
-2.878956301784262
5.399945137224457
2.8434393238876323
-0.90521706154797
-1.624642645433335
0.48114511468639054
-6.278359968444748
7.510806446334648
-3.528743876078214
3.0719636452842463
1.8875531856744043
-0.5163451603174145
-0.1460182896176086
-2.7456330130667066
-4.579973609740262
4.668926069145677
8.01732621306153
-1.5313041531764329
1.8121167560337526
0.8681875308589009
0.44576623643818314
-1.8241060525081347
3.108431276642029
-0.5766681783790802
2.3101174868020125
6.087253205248222
-0.19595932728171456
-1.115921884951416
-2.986640113678586
-0.415011457978709
