2.0425181897753215
-4.623753772003903
-2.555968333245894
-4.679800517333274
1.3648693122387312
-0.037380847056915925
3.2068852275708752
4.056101235079362
0.5210088680210869
-5.816109026719008
-2.6847850976150913
8.411017079968053
8.17355857312979
0.6551768449644186
1.1510324846407538
2.322148692698648
0.13932347841024068
1.6263620324926436
4.657132726530984
4.595342028219266
-4.505582686302527
-0.06872735892058607
-1.8908906635206568
6.597101409322146
-0.6347064309187891
-1.0827534524507454
2.9223630686261144
0.5310243602359648
0.11232097929576951
5.847231081362816
3.4590386770752515
1.7316103314333133
4.8127017690426985
6.947138888469274
5.390051675228852
-0.6620210462923407
1.3255164912040482
2.6167736914499384
-1.566430811064714
-5.785586170150483
-1.1729938607086972
-2.329919615493802
2.0790473092867634
4.322133844074846
-1.9880277348160122
-1.665799486004878
0.4107453134703495
-3.5732975855869054
2.213843416277818
10.729773995007214
3.6941668064142315
1.9942340250661874
3.1805286197938525
0.19603067001319197
-1.241590165396264
5.34948990784635
-0.41952633063612055
-3.9588460604533524
-3.856237450940828
-1.6807693977665132
-1.7934481815700205
3.5860950930592677
0.9628002591747828
3.369254054213049
3.474706025033811
3.404491239148717
-0.12580768036782508
7.862363943444335
-1.1360895400687405
2.336503454821603
2.734313314402836
-6.164364464540852
-5.028240332093738
-0.881267507309015
3.2426378864646432
3.7318438769769795
6.383430976236873
1.0467160213687885
2.4867761514865623
3.1771777244176365
9.565418466979324
1.2985593712869385
3.2108750762252454
7.317670573062353
0.16042146497241142
-1.6815098970318367
-3.3375782236276934
-1.7023960167554204
4.404910887637614
-2.5642702642014097
0.3918127438176578
8.237465570219001
0.5445229076620757
-0.7283824748988702
1.543816941499202
1.3373359069269888
-1.5252242699475882
-8.662590187727153
3.5203298148232536
0.0702627190307589
