7.395881887286171
3.8927892604369356
1.4372664380423874
9.538997609702983
-0.7475704499738456
-2.206388936348573
3.3527423027356846
8.454671264825542
7.905308137705235
1.803255861708189
2.2345790135162673
-1.1275955789483865
8.842930788178252
10.910182756036864
1.6037849254097578
0.6310472564797175
9.13625291430252
0.9602172682043169
-3.33395831692581
0.5226644941624338
-4.285639469626206
-4.180839435047318
-1.6579063838243986
-0.6543478767122836
7.37526335514118
-2.948398049687577
2.2752839595857646
0.5385327722167002
7.8549770217876835
-1.0272599912469567
7.085899244849906
3.799947744418591
4.710007377654737
3.358027033034397
-1.4664374271635712
-1.2437807973324382
-2.8585561221369415
-0.3093684677512827
-1.9639207087952726
3.93749582666247
1.1746360430803404
7.690503847952362
-3.4510281421744216
4.412087008298335
-3.658955935885157
5.8349564418002835
9.813212305123226
4.7193818377045895
-2.2948613346076754
2.9022626512931025
2.574489167062697
-4.1382035270426645
-1.639664077297143
6.563667677914335
-0.5395405716213051
-5.892681904593589
0.9100264750929288
-4.867895775328701
3.8623862511638185
-0.7847553170940169
-2.2812836984335734
1.1095109012161837
1.9412614256507352
6.345432308490401
1.4996972597885563
-1.1130694153249048
-6.281070718406975
-1.189072413827654
-0.1466951185537768
-2.8061112933137258
1.4248861488444393
2.223378928588672
-1.668550154779525
-0.7262364871824545
0.8263824379550708
4.35757796899017
4.633319380643551
-4.514511155658893
-0.7849305870347905
0.559551804971405
0.21771382426441582
2.9996072103297617
5.001632843672777
1.6073569662053835
0.9843837343947617
0.9270948146864715
-1.422803755437708
-1.6114041858658874
-0.5509533646249396
-4.250490964446811
-2.793154527884975
-0.7628649011666926
11.631012879690456
10.403512005295834
2.3873996885216067
-1.014779063654018
1.0693585882502445
1.872365367495237
-4.10279899791614
2.749768552126049
