-2.5835949402613068
3.2537225808126626
-3.750393985971436
-2.041290554460713
0.7001177942878899
-4.488806476776698
0.6696728375131932
1.6925395318611414
-1.3815284185826786
8.900239392301783
2.509667395158784
-5.724944064890976
-4.023556327083569
9.024158162148103
2.2286719536472583
-0.7734460277853842
2.4793788194264157
-1.957949214499227
5.707501414817547
-0.43687829416864565
2.5518166755414136
-1.5672403474914225
-1.0511844630259772
-3.7649386375882656
-2.0013697283088803
1.353453296728897
-5.47962460045766
2.58944901937276
-3.0502166174420307
4.067525971178263
0.6647097189537845
0.008221571960818509
-1.7483515022517226
2.6805510068847807
6.38433947453999
0.3854452454713453
-3.296085718477002
2.5794983700512835
0.6460668711049087
-0.30490809606332997
-0.30843777410615214
2.5749526289560865
8.920715799817437
6.1705791602949684
-1.2096399308398933
9.535028705379332
-1.9589350331373172
2.8120005982996057
-5.450714554178813
-1.8245023971088716
1.9276636281192843
6.6636965558822805
6.393736479658262
3.0815942561756393
10.503718223806766
8.809804534718713
-3.879238161089157
0.3710576360437096
-1.932722336231862
0.13590803982715913
-7.003660152684647
1.5255327639431533
-0.611728143862581
1.5785307775526332
1.0037347352247776
0.7286155550298173
0.38798096731113113
-3.6236075390831983
2.4994843797912045
14.20203055231946
-0.6151735998606584
1.0588057281516514
2.419189972597645
-4.808938055343919
-0.39458389970422536
-4.618043620447548
-2.392949860939742
3.9835492664205816
-2.8026402043773446
0.5533865686102293
4.850004798477913
4.422364273199494
-3.209801365655446
6.7752899755794855
4.275302352687764
1.8056656194750982
1.897380772685819
3.4074550205287037
2.474095588410064
-1.5260884633988483
5.6523209403009265
-1.0880859316078069
2.644974595121619
0.2779318825462903
1.4041630960347846
0.23166369209379944
-4.702920944533278
-2.522845239946458
-4.065252329584877
2.835416469911241
