-1.8984702403211626
-2.064581006712993
6.317633877229193
0.17164638394862222
2.0605521053360487
-3.278909794488189
-0.8837041410067354
3.369110089803786
-1.3357414037429869
-4.80018378454181
-0.7483408190182284
-1.6922228926611556
-1.710089508563047
12.786812165656375
1.2094785628186298
6.2014820638027395
-2.6133895697883696
2.2274376300992427
10.686951661575371
-3.3795358250772063
-0.37346010480563135
1.0773634101311234
-0.3690244243699667
3.263457782393636
3.3938871178342156
-3.0820450561146906
10.10065896178841
-4.261778671925109
8.498904902215099
5.415389394004575
5.688958460671016
0.7942182197628526
-2.497446862915134
-0.8715399553108015
8.331050984115082
-3.163216166128723
3.0020057108828775
-0.6938389554400528
-1.599257424417279
4.310973879225299
-1.6942493416633704
-1.0848928937434947
-0.036407023430359224
-6.719796761881732
-0.8724616883665433
-1.169546031463639
-0.5700283016934775
0.369702526943386
-3.638163620432418
-0.7472144853709869
3.3304573725229165
-2.8186164132670086
0.31721470885960024
-0.7095541500882421
-0.605140257412389
1.7846235530794334
1.6711957648029383
-2.35937280895362
2.8161487522682274
2.1523628884666364
10.212569078955761
4.345935555122283
-1.7984755417700926
0.9950996673199598
-3.598494078204042
0.6170315819080552
5.591244848641123
7.886338762441627
-2.8968392243373753
-0.23353975813688893
3.4904869576717363
-1.4100174931425347
-2.6634570366663097
-2.347798811167005
-2.2991044344468783
1.5867398617191473
10.731657208105988
2.3188577160083135
-1.526191272215042
3.926743257388628
2.4440632299916807
-3.4674950704285354
7.059649294005395
3.2062397263947044
6.1503204004810765
0.3274129304730162
-2.1653956896166675
-1.1160284770377482
-1.5048305314775168
-5.541207200524871
0.24831631788327058
-0.6623036772675779
4.676917697820482
0.6678625522515578
-0.6087828385810654
2.701134504652731
4.596731762877935
8.078577186174812
-1.5694925502766943
-1.8672827630100683
