4.499218138237769
-0.9657098142043461
-3.1380521392709375
-1.0828425445793963
2.0053595479911235
0.5089453662922169
-3.0602680643472455
0.03660878337720682
3.047282553342206
-5.141675368065397
-1.6356334075803884
1.6738693927027013
-0.739891889542639
7.415498200613953
0.6765381310718978
6.513262530047345
9.155966918714933
1.1756002687943052
5.347811355497854
2.378041241832161
3.1414631172280716
12.581850119916336
2.0196933499449403
-0.2341145841734637
-3.227939052268761
2.7511777866448894
2.1814051882974805
-0.09901504083053181
5.39523207147664
-1.0192477522113044
2.3547781481195633
0.3014016237640776
-2.966346122977991
-4.61910145498833
-5.312844029177509
2.895860236969431
-3.4690400169310847
0.08151773580298582
-6.332700688724283
-2.097440476223129
1.8429072116487113
1.4805053508437993
-1.5169838764493107
-4.18725759935072
5.260623486077463
0.5291235645049421
-0.1731735074562464
9.215476800215432
0.9042553540655107
1.3504125974117296
15.221155627721387
-3.4423512027986494
5.210354616104961
3.7989173497503117
5.550130348594489
-3.5765857313888274
-5.04712304503174
-1.1700461737112462
-1.8867675741875884
0.08564616119782661
-0.5285003017129911
2.703548107769022
5.466305443324362
-2.9399816941624284
2.000765064674954
-0.6434811324250507
5.713663797415494
4.331326470658969
6.079095779236113
-2.958279990735364
0.7229257260976026
-5.229318326955891
-1.0773624747758752
-9.14417643711239
6.4659428930410305
1.4673347724453976
-0.09991740916061817
8.213137244375918
1.1064640898634874
-0.25579715700460254
-5.057475994231422
-2.8730307437796636
1.5455636154704888
-5.2084471635016545
-1.922612535214222
-6.517608500424037
-3.788938422396433
1.6311127527397478
2.184084848462632
0.7745369670469044
-1.3891117215577697
-3.0669036168802144
-1.637724264182243
1.7698269456603195
9.566001042463023
-0.2830836357047402
5.581758617266937
-0.6315604015579079
3.6969115283905234
-0.04734760046820316
