-6.266846778557053
3.4778263892454024
3.412344593723862
1.732784968298985
-0.726069404610846
2.7652040098508825
-5.953874867302235
0.649164645182124
-0.35478208216748064
4.197779401909969
-1.3893359014267568
3.6629533689847578
-1.9281428698158396
0.6312048404453304
5.871844216481323
-1.2822636993443157
-0.5249787632843996
-5.090637236120415
-3.303021955332676
1.681304286046129
2.7480345747640444
3.6586675690192543
-5.653484439032847
-0.2739556700464214
3.2828768531262806
-5.649725214463688
0.9991392456976993
3.929440669592873
9.637498298071641
2.329213765610064
-2.7920665699441387
11.821772855210215
1.9338905793790688
-4.883225837189652
0.6286714831697563
-3.047044135955124
2.6096692973176476
2.1366274550368622
-0.661304407887539
4.919187347313926
-0.12402869225034502
0.2865945952538351
-0.38681583210621207
-3.665865057751091
11.640352580298963
-5.074059640674872
-1.5407920584119505
-0.31948975824617054
-4.60444598414551
6.302249619351814
3.145665860678972
0.9087048837905587
4.584527915018367
-4.641850635267202
0.45802237799769674
-5.4759005592846055
1.6236014596722101
4.751138391821173
0.41615232364351573
-1.1433548639805284
5.278775749223974
6.205594985547981
10.438539518671302
3.7649704960146675
1.2283318547142725
-4.080188188639456
0.3503923155208647
-2.458067944517428
-6.098795677243487
-1.1403113091697759
0.8632684781230532
-0.8585464394659723
-0.3849299006318949
7.969017133131384
2.708129079548531
0.7988135674975092
2.7419224480892517
3.4708315414082866
-1.0016389268911585
4.282130887208517
13.083859327783836
-1.0805960794756047
1.7525491770007304
-0.6469013445357517
-3.320649621920899
-1.5208201344465064
6.607924455951896
3.17338343762151
4.985994408702581
-1.828708365569397
-0.11018742274111665
8.983715710391166
-0.265268863286246
-0.753312780045841
1.9166683414068324
4.1579917105081865
0.581560668159339
1.4996062018775165
-0.7362937042864541
-1.4430589004798056
