-3.116371176330496
0.14806603517973982
-3.3381980080241886
7.5521523986985555
-0.19528564051343777
3.8646225819492885
4.188164672125901
0.16961075302632606
-2.158920800402361
-2.754113315947106
-3.3947219667390707
3.362317444474476
2.4446685085724864
8.41645968732031
-2.211956257232598
-3.951899588524239
-0.4266391629335829
-2.3552645431821526
-1.4526845888861333
-0.5141412808140333
-1.2246604235471015
-2.4055709912300416
0.8194702817880634
1.6262675897040284
3.9873868462788375
1.8516146857225373
-0.37167592664648236
-2.320264597036626
-1.805287215450004
-0.575600112708786
-0.5780464234098233
6.393388270095704
2.7584132326920905
-0.45319482559341334
-1.1916775922650529
1.954302985870103
-4.455268605573007
1.1555318827106154
-2.8685767616484497
-3.4441298153427047
0.8705999495869401
3.9091283983962417
5.011544887829846
8.182695603771405
-2.935153969805459
8.662658753587412
-2.681375360629377
-1.6650234853276837
0.6680273541660218
-2.054606557440402
2.5005527317014247
2.295446603142111
3.735919765450527
4.03243777567767
2.429344230671391
-3.4784725951201283
1.9807178636361353
-0.1988460716905579
7.981955613340695
-5.21470765171177
1.4897460560694782
-0.7142480538496216
-1.4724206156949202
1.8915411760587522
2.288065647457223
0.1843026524327171
-1.045313291351544
6.870873363772976
-3.9208207129625277
8.684802746700298
2.11015662613762
-0.7143586731507183
3.0307061722456274
-2.8105092611699143
6.546666732157009
2.445246646485233
-1.3508980406598008
0.88013569429144
4.96304682437936
-6.16447841701813
1.350675376667341
3.902010945484961
-1.2686732858445051
-0.3496931040938021
4.395011349245248
0.2553981185378578
3.229509698872672
0.031232346578734346
9.064024624471777
8.031350669563938
-0.06821586814265415
-4.626327870541902
5.098525159737937
-0.06641181624009285
-4.754272841161791
-1.122534669040778
11.273035038184306
1.6754553247037416
2.1173896125147302
3.8359504112980956
