0.38284846247449456
1.242213544531917
-3.2473417892076535
-0.18551221528992873
-4.623018149146818
3.9816151408822065
5.162863733391537
-4.726411620823747
1.9766937168271932
-2.438813746624101
-0.12401411559888822
-4.29449307409371
-2.4333007153591755
1.0583678867405464
-3.811835170841321
-1.9308969862760046
-3.7322617533427427
9.980445511814832
0.23608034724307123
-2.542835098756515
2.799284468579857
1.9408341721237508
9.21828366045366
-0.5310543449090349
-1.5913554812275328
1.250543290141504
-3.2747045569208617
7.541744416766959
-2.620065722408251
1.514873193359728
-3.7242381472083075
-0.7818976177478647
-1.5306545891290164
-2.0152878084498114
-0.9456854612217058
12.456072203309159
-3.1449186290076554
4.432418540933549
1.6668665752461547
3.2397058031121757
1.6684650962992666
3.3210120199599094
0.14997366217221647
-0.9041488028274727
8.059140651402478
8.180980169126606
-0.2666385242750898
-3.433324247651637
1.205801629980696
-3.6325155909044833
5.003616439216898
6.640874645699744
-1.2958337486676499
1.811407179428151
-2.534690672114695
0.943801528298612
11.73686831479765
0.35052519086033557
2.7847475566168827
-3.265334517715323
4.0991124835491215
-0.9145341122384318
-0.20634686198006777
12.292182192972476
7.158353351655808
0.7761996676493265
3.178077904915204
-3.072407643296607
1.078710100261675
-4.225031983777691
0.6723210114524842
1.650967727630983
-1.2992433351740105
-0.46847414050165054
0.9330023486748814
-1.7180666085727774
5.678481855425229
10.825351443250865
-1.5032509148064204
2.0302480642065523
0.7517064016001029
5.594056158086399
-3.6623858438937367
-0.6571879293755202
-0.6953440071281046
2.3127326801583434
-3.471175620793871
6.132744575803599
0.22633938919087804
-1.724775324910878
3.318930016586495
-5.0572212481595535
4.216803113485584
-2.941952609482275
11.114692884018893
3.751978734239903
10.885126670083746
2.2766023752461493
-0.8338605191298046
-4.575824956956269
