-6.160739035046387
1.2273605423032716
-0.6828804978104174
2.6804552329393094
-1.4448980473809039
-0.2825356061135036
4.8407142433828065
-1.2596258645164866
-5.8718780721004045
3.979008875442246
1.343883851363307
-6.934485336698819
3.809928881038836
-7.183148792969499
7.81498777385489
2.8278399691942298
5.966883695499344
-6.309448051197463
1.2086324616383846
6.4185447742346255
1.0826680334549406
0.1915996668207954
4.649992336974707
10.519749098377961
4.019212630041947
3.203245665252706
0.9698564296744296
-1.5489391148378573
-3.131131073315495
3.6750744180176342
3.140195907113532
1.543308294363276
0.6443698840139945
-0.7132506511475263
-0.21758245991012543
2.124113716162798
1.5691538788802764
-1.2985839334566327
6.345231503268176
-2.4782955976290433
-0.12100780523719394
2.1947840552563136
0.9661249636231415
-3.288456520232237
-3.3660850731346708
0.29990886180085535
6.938822554371371
1.1148862391401722
4.224846163270708
9.382050980892789
2.6829151763005283
2.2723220704576685
3.04605380275885
8.072520463071193
-5.094173248181765
-2.8082776327294954
0.6480929752239911
0.9892084903328418
-3.763603160887677
4.662747026478079
0.8454018230270921
1.661325803677088
0.1948530305070203
1.1149290504015164
-6.131786565883731
2.876024493452679
6.457009386913757
9.952730055837767
-0.32573979516645646
4.207849073168628
4.803893882124794
3.4512477788656155
13.83626924368569
-3.872372412669727
1.700935765962652
9.942480423634255
-3.358004727211399
-3.4692791265783027
1.281208310616274
-3.9532937822108587
0.3909505306455623
-3.746576369510242
-2.2909115333051475
-0.8593067454051753
4.517743129367499
1.5545524937638144
2.922687830776545
0.513722609405349
-2.585881994718632
0.696584271290211
0.10175839690385423
2.2704383989405197
-2.001032692760564
4.813508024667785
1.3109669780498723
10.542812559737136
-3.5439701971983144
3.5626728513488515
-1.5834203738546955
-1.3676422160528894
