-3.777181603782913
2.6852048023842494
7.8353593019073955
-0.6846601018615885
8.876709633010446
1.1847418565659082
1.1710627373976645
3.4802353736077887
-2.340578614541716
0.8684119800708938
-2.5544404900012667
-2.7007928947770568
-2.8468090844189415
3.4761529166133904
2.952763191322591
0.949732822414121
2.2167156625019637
0.6379298877395214
10.6741917531809
3.5021518593775203
-1.7094686686695761
-4.4650670830459
10.56306347347784
1.0742386151366567
-0.611120358864148
-3.528438964046292
9.350509996974326
-0.6370343558430792
5.693743130808292
5.276352528055936
11.064625304910974
0.2358442463006488
0.6776935732518887
0.6486047438269009
-0.06758755005448272
-2.105856400665085
1.7497679791571965
3.0181884730755164
-2.110762730186526
-1.7519064609390427
0.5961684330013454
-4.098781459980227
1.6494195177046977
7.443912066923257
-1.906787346722133
-0.9267514447237204
1.7470375279086527
-3.262029427175987
-1.007416923837153
-4.548353947137453
-5.855213784041463
-2.238463237280159
0.2881471874488757
7.932314732941053
5.449474476103028
-0.38893722876463555
-3.3124980023483257
-1.6056879818085004
-3.202596660299715
4.69119564860121
3.0335534312349752
-3.866158207297987
3.044289543052602
-2.8890970563976737
4.037713728962856
2.8570778954081484
-4.864401862376086
3.0032899136804154
9.861844436971854
13.640185195114828
-1.7245651598151182
0.2626616310605616
-2.474090481651763
-2.213546167211589
-0.5225295005700933
-3.3749298789621105
1.3988742870176056
6.289139011906791
1.6767185268786178
12.32834223372083
-1.6251104943717403
3.3550430393621467
-0.17283018189016366
2.152428291670538
-6.07382890228881
0.5114864749574107
2.5048000134162773
-1.0755154041167554
-2.4741603548928817
-3.1420285475045038
-4.036074606158693
6.458190672256687
3.7437615337959596
1.9969387448704974
-7.157984839514265
1.5366082794763025
3.2252009536775716
-4.13739753984624
8.238796835353039
1.2644039601045391
