-3.6877605571723304
1.7969867337320413
3.297209857504096
2.238098540638001
1.9767305585439454
1.3221616569420407
-4.7534177113968985
-0.6240492744404799
-1.2873702293548006
1.8199154787944756
2.813171569360599
2.3251354149680514
0.07460212892170506
-5.245276369532905
1.8132128874034574
2.200179742653999
1.7078330688520413
10.78625804969519
-0.4400755579128777
-1.191966196201353
7.084287926774385
-1.8842539189277212
4.34129542663758
-1.8275688181205147
1.0365704859491676
-3.0631936667421193
-1.8014079525113675
-0.8663108657003344
0.3159651437919941
7.478997100390685
4.771704106264432
6.960696910639679
1.7200496928138458
1.5693016440082845
2.5228656947567947
4.234596634008207
9.18642163728457
3.180460396981994
4.238410448739111
4.3472451689710985
5.505777231233575
2.6066084384642147
7.956888043931276
0.45419468309927474
-1.9877097670412849
8.783424567438914
-0.804989115992703
-1.1880409092285915
3.3269137894794203
9.44577613534399
-1.6254457912958111
4.1756400709297425
-0.7510415117376283
0.30073865060809424
-2.821159592606556
0.38643334275703095
-1.9430871941069503
4.126254635804317
3.28277940087308
0.8412073326157242
7.564988498419645
-4.483382030182659
-3.9952671869741105
0.431834804886671
2.8806795300953016
3.286631365612613
-0.4605405478406106
1.817430786424345
-1.3237459495869408
-1.7805221298998735
9.340616301535624
0.013553928202359563
2.180044876924829
2.5861169539551137
-3.936476257360547
1.0964139570609712
-6.087542665663637
-2.2981301986512968
1.930973659545613
2.3538237650291016
-0.8637602551678596
1.7134064999695227
12.288609409636166
9.903034239166207
1.4737128204570076
3.491120693641339
0.39116281903888017
-0.601577091472073
0.6906625375047781
-0.014019317911612577
10.48575025533695
-0.7698841656955322
-2.7368286680664258
-2.490482104421371
-1.6206470487470512
-1.3339328818665468
8.366404532373572
2.893123754756429
5.297094024229756
6.776987760766776
