-1.8367825112198675
2.228948946864057
-0.5766978386301586
-1.5816588682413015
4.876519286017529
2.1340284424050897
7.6970519847720515
-2.350634581412579
-0.6984480261848371
7.650587048762052
-5.941352926293104
1.460311880047505
-2.5533133393885006
1.9503599945445753
-3.6516909521128533
9.100135169200351
7.180402284767327
5.325758856376785
5.70028945966614
-1.090873221848598
-1.457126937325771
5.40482058227043
1.682256449613817
7.111691404411888
-1.0722045517388068
0.16215348458152637
5.537733438732571
-1.9133597350048013
-0.2636043271030061
-4.237470496098792
2.1899939035424483
-3.4278821548899696
-2.8765531991285544
5.553535363832202
6.120991921839605
1.1858072294344961
3.2102234593879233
-0.466502924589142
-1.6326412029226705
-0.4073602844303317
3.9373813580323054
-5.410382552811309
7.502784919254607
-3.1116959319573483
2.6378990206837116
-2.72219843606997
3.9047921704906807
3.368964245554214
-5.7215876115347415
-0.11645978615499614
0.20135438808789458
5.978678621681331
6.150576134588256
0.2860855038355775
6.98379561197767
7.84085940803487
-4.374411523744761
9.87439367914731
-2.584272038642352
2.603976813741021
-2.9584956534112314
2.6477488655277
-0.437496964106348
2.9238312159490474
-2.174117230292603
4.818162540671224
2.453212936349722
2.252174419853465
2.3040527845426633
2.532299291916449
4.892645184082654
9.833323846973943
1.013335364976753
-2.8384381737197906
2.2522464436833123
-2.4512644421170884
3.4293125748645936
-2.7248161634478234
-1.5166961662172995
-0.5670816135655141
-1.9339463248940878
-0.9144285978200746
-2.8658027797496635
0.5416760057020016
9.030381943187527
-0.7833749333243274
-1.8634847805207362
3.493221489513396
9.800500701639391
4.490494853861367
1.9013050476174251
4.1913583561745575
-2.96109242630066
0.03133404017964815
2.940336924710381
1.0516178198766957
-0.456443163712661
3.6617047340979756
6.767962063371691
-0.28214340750107886
