4.35991368687024
-2.3585406590586437
0.9075828638168418
7.111250639484043
12.829844077499208
-0.30120094336825776
-1.4261776276438436
1.7776790474220738
-1.2131784908012173
-0.5135395149382584
0.5105327227845506
-1.830000277668109
3.714782465858942
3.135038838361309
3.162280640805272
1.4747899509138294
-0.11743628586972103
3.0502815661422016
14.221041636619393
-2.7084789428742653
3.65652403886753
4.004618915280693
1.7917988928971285
-1.8325707114514862
-0.30656646020746275
-2.807705477697115
-0.5992790373140284
1.8891838264503624
-1.0748462077598042
-3.2466736112172674
-4.891791724929243
-1.7051333332757084
0.9736479000156988
0.8948850360622616
-0.7904203370738134
4.722188420516885
8.678725870190561
1.5216788757133393
2.557483368758064
2.2714657049079863
0.3647927635165526
-4.25019551804763
-7.882446303446482
1.0185550218385397
1.7461488447144276
4.56541185194794
-1.3652512331196711
1.5587249147878444
0.8047201285759649
-3.1688878840135906
-2.710204529165693
-1.4507989024654446
0.6152398874069317
-2.3007684688672896
5.600085723817253
3.2253050770925764
-0.0016698085032814248
-1.2973174733869666
0.2015128496842212
8.474197587818576
3.8573076005727165
-2.7700666537432
13.00563952629264
7.60502207741694
3.6960162403735914
-3.153782563618086
0.32408119925561674
-3.9001656502894675
-3.0710538433138637
-0.8522721159188111
0.07537322230397052
0.4212164280591324
3.274145794129426
4.783767288333499
-2.130336131077547
2.3149686474072197
0.7493236038010661
0.14614065695711048
-3.2160156956590527
1.9544562259555351
5.077691743772164
-3.55861676225571
-1.766399620057507
-2.6473397143976696
-2.3136309146034066
0.8737449310987423
0.6132453311995921
-1.1421441769232605
-4.904407348064476
0.5145402759397414
1.9941839195720423
11.05149786434644
-0.4447999215474595
-1.8961760077846215
-0.8651747317439569
2.251157723686057
-4.120396658857704
3.0426309613692917
-0.5660426061067901
9.576204875805821
