5.33834153944731
-3.2067413436782664
-2.3126296845777814
-1.663950440284554
1.037195960950465
-1.5876847317618752
0.6110646539885074
-3.3665670827884275
-3.790396008548443
-0.6327573990227067
4.420287452370999
6.412428008155174
2.1686074845165106
3.7977963252308102
2.3120786265346815
2.536061651267368
8.831211843341421
1.8775973381732267
3.8060157321546955
0.8956733569680136
-5.475760103692805
9.341863590187842
-0.10324211633576086
1.236767625546798
1.155060144318471
0.5234237608432976
3.8628173444301157
-0.5165937086810731
-1.1032355330937957
-0.909224453721851
2.8682216801859988
-1.3152810377109918
2.894427159817734
-2.2965521184755477
2.3761128891111745
0.8364477298382625
-5.395302660198789
11.165710484395287
-1.1187520396756963
-2.3098301856153824
-1.013527376977576
-4.138361050342382
-3.842402703330472
4.890976651800329
9.194030295582818
2.263708642960876
-3.286661515842079
1.2395303292271196
7.68400244087557
4.96217007672727
0.6858181776939098
10.954270328259529
-2.8856647934078534
0.8285386203578866
-1.3743356094142005
-1.057002806517139
-1.810046621515879
-0.4833690683788562
-3.1013162711936073
-3.715419683000489
-1.1098885317744789
-1.8525179923160051
-0.338597317381989
-1.677790183050325
3.750615582412343
1.4637527324008874
1.0849645922027178
5.254531524330433
0.4807158370661973
-0.9180383013715283
4.632161730435994
-1.929658696642782
-0.8730654945400995
-1.5252158905007664
-2.3528990492210706
-4.00116912419012
-6.579835589095672
-4.395594601273095
-1.6850625517781848
9.927270376712773
0.5016717300050443
-0.8359145950693685
-3.561334262783512
-1.2165154565793195
-1.5587440410518991
4.459449880000789
4.509101718377408
-0.49437598912134106
2.335356007754404
1.2532627576600073
-4.60077891392714
-3.9618539976409304
1.126052123034236
-2.577992637411652
-3.4817035626739714
10.825404990703534
-0.3204662444269386
3.600385842390879
3.2655575004627204
1.7134904587147621
