1.8981083419294713
3.9416922013035696
7.047447590633216
-3.3077705821222523
0.435671613308811
-1.8218282952171372
11.923993808693432
-6.9938151462719365
4.887809724601604
1.76157693124785
3.5634766689430597
-2.827918569816645
-1.3802264968123623
-2.5429867330122056
1.8755404797549826
0.17883684057007976
2.756293124041256
8.85546080113036
-3.5219887320407244
4.764503510189675
2.514762315700046
1.9436532550653394
3.7491156625953153
-4.324060080789355
4.222637828209906
0.29069776395610913
2.1201957460516585
1.897920027689379
0.21339651111087254
-0.8354396676175442
1.8451307787569906
11.6636105490378
8.408129934949127
3.395968980416552
8.622443400418016
-5.092713721848205
1.978869154694182
8.440853479308684
-0.03188730970089958
-0.06658879628381328
-3.6117011229803992
1.4509989817700775
-0.3177363168178481
-3.0837797584608433
2.9165722198287023
-1.0072872077694475
1.0238254374263376
3.0502501188543993
3.4759703257489907
-3.5193665657784337
-4.563915947918344
-4.546494072282596
2.816828832770425
0.4858754103919164
-2.756830703980306
-3.4944029965814662
12.605145088938217
2.1251535897671427
13.393572698604252
-6.761746461777999
-0.924512538419631
-4.646704198598849
-0.5299903274893449
0.5253226629933114
-1.8143941750733794
11.63393898931663
-5.418267644931881
0.48808503084055466
6.291619479304507
-4.706497726786391
8.193394654938952
1.0178656432539195
11.336489606764177
0.8162231980287538
0.8036304481248264
0.03962873942650588
3.538977941096016
-2.264308022629848
2.1036684645218537
5.769363845211556
2.0772562971258903
-2.082400796595799
3.547524579420135
-2.4233751677943114
7.794237967460135
2.8115199604220944
-1.7800386097286314
-5.713609823032899
2.7439249264529497
-2.522642727102474
-3.6569322009498233
4.521656129428544
1.6025370720707897
8.373968406459914
7.8898420153920625
2.601498307264074
-1.063078215733927
-3.6322278405266717
-1.3716497540652344
7.823573138804308
