0.5941469918348612
-0.004119201970077362
-1.1100863302801491
4.114907229540366
4.921361519145083
2.4133238468215277
3.4017015143906506
0.13969140542703112
3.1364034514525203
-3.9000795796113774
9.221926804627332
-1.653594293415476
9.583226300227567
0.950633510570574
-2.6095532958823418
9.284908182619134
-2.5027359233878337
5.186944728660753
0.32209829900141007
6.6676718287743055
-2.798289695230727
2.2492634827616222
0.9843904599074379
0.062264615178490024
-6.894759271198609
3.83663526741492
-4.109950595874844
0.015911037485328416
-0.9645708503883469
11.596323772196449
-1.1626856672650558
-0.9833250496145712
-3.690989563655542
-3.853324478338055
0.12440465719822005
-0.24021622439753773
-3.1888077486877027
0.9593576784975291
-7.442502466052343
2.2704329852736924
3.305395256864032
7.464885432759333
-2.184611644769949
-2.0317722689531834
-5.59758474240518
-2.7219466160745327
-1.981919179873802
1.8911920442172931
7.138409248984997
-0.6810056398891594
4.391773129417193
1.830123195992651
-0.343444294090268
-1.5093559766305216
0.509745416301014
2.0865613623716976
1.2862835269679573
0.18863838598496674
2.8506251877619686
4.5677379577474895
-0.1504947216242986
-2.69277141467573
2.501182063674713
1.1320900004334502
1.319712150434397
-1.018798647537949
-1.4157933549786292
-0.12383986896073473
2.0107118592283024
-3.983104350735467
1.8903312958844931
1.0672237089594172
-0.8044147555640899
5.868287741357543
3.360490573579806
7.0618405347671
4.361746979361386
2.4569899658558025
2.2043739938483196
1.1244339088306903
4.618464677057748
-4.159209559180432
4.510570022511909
2.692362965978095
6.928241096201663
0.7188414119765697
2.556413244348769
1.5745263921980244
-4.430053681680005
11.984309327402856
-0.1400090297658214
0.5046469481652176
0.761427293569267
2.0381162173670195
-3.355261209228341
2.7375508827939434
-1.3987633437056557
-2.6503729990468137
2.584364104086701
3.5421712273955426
