-2.196149482694658
7.326527510352756
-3.996300052537477
-0.5495257816526699
3.619797944536964
-2.2970412567979515
4.18187350248854
1.2095047549715394
-2.0868493119074683
-2.5398699890046874
-1.132762740245713
-2.173929841810395
3.1654258993093567
11.633325911468976
1.3856007763631362
5.016727810194382
-4.44060803960559
0.391262161010059
-1.6253743540556567
1.015720278217287
-3.7408709950190575
-1.622587111619471
0.40068878541772546
-3.039445975427933
1.5964946764408459
-4.340147814875102
1.3135666174137561
1.9183145918806068
-6.037043441111999
5.122225752682599
-2.157648427272832
4.822812544900289
-7.135173596640449
-1.7929055099772175
-1.0908896731726108
7.759855152901613
-0.993514010832858
0.49687235637124283
1.9481074869335797
5.696055490321167
3.654340269020312
9.420919095220409
2.229763789650243
4.1367636365195555
-3.7538123927630025
12.081392095013035
2.3153625834216203
-5.9022378441885515
-2.4967954265582613
7.149104079753485
5.968235658513477
3.4231718432692215
10.650916314742403
7.002706531728373
-7.166128409506246
6.382543562425861
0.96812329982979
4.01912392234069
0.3301975224279075
6.035401511239897
-1.1034179023493642
-2.174738817543764
-2.147993351861579
-0.09368883315017783
-3.4493002346490753
-0.980649672576366
-0.390057709790673
-1.276900089625928
0.8145699457782319
7.44291162594732
-1.863972261807723
-0.5576312081042163
-2.6156093996193737
1.394661266780192
0.779191924637888
-3.661437226148595
2.159514878934067
0.041062474304659966
1.0820312322561363
2.2907913438385723
2.43019497037499
1.573717687603378
6.0211325958725554
0.7691274006177902
-2.8897259658228087
-0.3748186391277477
7.944416761053582
14.000154550864323
-4.716730343123089
-3.2280692211160167
-3.5361706135288697
-3.744099278229056
-1.1604413530392244
-1.301592333592423
3.1536770623718207
-1.1991324130165641
3.3492883833406144
2.316518702511937
-5.995930221130677
-3.370110426118943
