5.300752317192938
1.2191906255293343
-2.0339603858184745
7.968440511605515
3.0162695596728692
-2.635777098989711
-4.475657861321326
3.011696305250073
2.9360744477618166
-0.9803584258696559
7.559275285893304
-4.20386881492528
-3.3508371398307775
2.747963770872805
-1.582412016002126
0.0703123787066326
-2.5560502110615246
0.0746970186575946
0.8539657575005504
-0.667130341849375
-0.37592107247915396
-5.1628597478523055
-0.3217045295442496
-2.4715639814937997
3.3932152026400217
-3.832860223690755
-1.520378954016992
-0.298239226381799
2.158017412942635
7.745543202868829
-1.8582550594786298
2.8416359566744145
-6.68119061668623
1.3540439542121303
9.726449781642742
-0.5766129521327559
-6.551740625610686
-0.6606813329864688
-3.8768867913932996
-1.5739528515907317
-0.5292391483433971
-1.6430303320625854
2.3003670161391483
3.189202066225134
4.381656106625464
2.4008937357091935
3.710354727258818
-2.39818907221881
0.07197359722876795
-1.1190582457891611
11.73683204447062
10.867033184072847
4.597957313559496
11.281503748638597
-1.3609543436482723
2.3626002359075606
-1.9423667226477832
9.283986705701075
0.795006225764929
1.8560229694390071
-3.927100687178954
3.3233309110991582
-2.8544172817470583
-2.2298715233079096
-5.702352074652019
5.545092919594162
-0.2166529040094397
4.641759495468651
-0.33700309715997623
2.62174981399917
-3.0940351495830622
-5.837391983951069
2.310501385028241
-1.8939805559434726
-2.4029633162490263
12.514949952920992
7.041143474474991
1.0998919259530708
-0.0034159656374220006
0.7898803814387824
10.716488580512157
3.772162776975305
12.15972952084988
0.26692276483811467
-0.23219240978371114
1.7425553775127818
3.7951591450847015
3.0292926950177463
-1.1835435486484
-2.651871639052592
6.319666302061241
-0.03773538593793549
-0.5419558674587284
-1.1028103844720216
0.9284604675796794
-0.530946034675474
-2.6054010357431903
-1.4108521988086005
-0.7019752055457087
2.476824462301841
