-1.3945291380166456
2.005698583882566
2.904245355985408
-0.15310876924304928
2.0951162532452194
-4.758629580313295
-2.9291071055714433
-0.7641630367955317
10.978839528671003
8.748439307445464
0.016554573187480288
0.9016753253874468
7.517201298266815
-2.7147909800401853
4.780571309167971
-5.310198116302047
0.01535244706673997
-2.812298466965899
3.6589833750282375
7.5471569598494685
-2.720460903840281
2.8707987384536677
0.8292568749110547
-3.2902358880402405
-0.010113961054364688
-2.5878319895107906
-6.411948668839177
2.176925572538339
4.586846013706086
-2.323068727918108
2.103025385096741
-5.699088812897964
-0.3063532772513126
1.2284496014339243
0.026234301460275965
9.787202532391472
-4.5354951876923675
-3.245457884894555
-2.5523942664704693
5.458994272747486
4.23226633988951
1.013531139269686
2.6190013665743317
0.41599869162342423
0.030997371611718654
-0.7063887180341223
-2.070802548653546
-1.9154485125185174
3.5133509119762385
-0.07537811281467163
-1.9463995370379095
-1.4164558558387066
1.1747654850701639
0.8650112287422353
-1.3719944889522475
0.492186266189517
0.06699604345984837
-0.7248151216435387
9.497634350679972
-2.714852706523487
0.039187915423014474
3.0829390908234084
1.1615050479814244
4.4894745487778565
4.613271824306954
-1.1669518400005323
-0.0959440102533806
3.0587282553486093
5.624513450100282
1.58090709190571
-2.8194334568503083
2.7822194966597484
0.3962874433078799
2.885030834000593
-3.23023590684755
2.721398835055027
0.45112046565848374
6.773189828445718
-1.0978299862578713
-2.9041853328257523
2.7293684292073013
1.139025530553622
-2.5952432842529096
4.8342729952126735
2.1626487580327987
3.9985096844541106
-7.60199440178363
3.7206676000704197
-4.468354717995776
-4.880725392876235
-0.699848640616487
-3.927241268414915
-1.3521696176408617
5.611168514462662
7.956480438769501
-0.7111335341842874
-1.640725261436936
-2.6664981622351274
-6.806243427094161
-3.0574487776753845
