-0.7901108878898417
-5.573309497223963
-0.522653237642474
-3.653040641929075
-1.673456073353035
-0.5069445860732398
-2.618867423632922
4.218910003710524
6.834964161203645
-0.4766975892730858
2.7761947409098076
-4.409682586568776
1.849599519852535
-0.326945108536278
-4.504915604154721
0.08883923200486911
-2.926484177215272
0.772615476388405
5.801860416424556
0.41444286698339394
8.858939606812456
8.547070371692339
7.296364753782788
-4.207357955049348
-2.403202255774408
10.095878373727647
-1.3401960848838184
-0.1292749567224707
-0.03393812250138757
6.141855536443859
3.7500484664979314
0.687337525036898
3.2412244190128665
-0.44212025066438954
-4.949883632152932
0.698659499049932
2.1203685840334594
0.5823557406890432
7.970879476281063
-2.0142277251739684
5.309587440175216
3.0229862644925003
-4.680834713435202
-0.48888405136580565
3.6299463140030417
0.3899157377555519
10.912783424702898
10.108210249522871
0.26600824807618795
1.8638787604138487
3.4869345212165523
3.5738166332019077
9.119638247881998
2.556352907241033
-3.647642825599296
1.806840317152526
4.076895087594031
-3.6470833228919948
0.47161289525526584
-4.747316930604256
5.001172371809279
-6.067787494934427
-3.0215644499972347
-0.4495029686519747
12.566528653506392
4.264916252987108
-4.358453571093464
4.9882141900707815
-1.4499420117810602
4.60748708790997
2.1378318162093244
1.8506270838760215
0.14415401186820814
0.13074222630662202
-1.7533213060429687
1.2257474295855855
-2.5217360323218605
-2.244644669221016
-2.602035148522613
-5.515890399605286
1.2276784124876765
2.987725938373201
-0.734177962228771
-3.3583839188710183
6.707757278189817
-2.4126674042143526
1.1394037880551942
2.9478741721028388
0.42904826905507276
0.6690749701101126
9.910667680975585
-3.3521042976285456
-0.9276301158079825
2.231381702749535
-0.7126768862672025
4.197557863905192
3.741914625680611
-1.0062174223351206
7.799548569165087
2.217388823582402
