2.583620808602828
4.271622199943043
3.9218241979384874
8.117538282891728
0.1941959606374969
-1.4415789728858002
-4.573820830708748
5.690337308180702
9.605916186684258
-0.688619441668354
1.311018281672689
0.3195915857895808
1.3052477529345758
-5.146598405704047
7.171630241199
1.5315812597907685
0.19302380152860033
1.7809000313979815
5.359339161709848
1.6693017943413992
-1.2917642096063664
-3.5608580191344816
0.6517545745058614
-1.2010162797775261
-2.675754267514317
6.7353708025789665
10.203468455282977
0.913472633542499
0.32195356372754924
0.3350983738017408
1.7051622540189157
-6.969932024040627
0.661917762716224
0.31196435766248687
-1.6699258098336995
1.7833240929466116
-4.715715900414834
10.615255057033258
-0.024848642719731362
3.9838181601108453
0.46816868242255205
-3.161280415579429
-2.001665754204823
-1.9252865255820786
0.3691321909440609
-4.545176804851807
0.5609246628650882
-2.5056810805387766
10.548766262194588
2.1447731671077763
-3.101504505120899
-2.1534574699663676
-2.0971152848422694
-4.646347118208109
-1.2398321760253868
-0.24268358233938808
6.8009221996153855
-4.160630614672608
0.9983893551311613
-0.7545472121300706
3.658805482659871
2.812555554196498
9.576660156497244
0.19014736182278846
-0.7356280625403155
1.2983918566542225
5.5922829219481756
7.766107290335532
-3.6323022334543498
-1.4017975010810666
0.4540181893861295
0.973090539041026
-1.2566342537642832
4.999119429455911
-2.603798241209092
-1.555435825498224
-5.444008852495334
4.798065266919767
-2.07884805956927
-5.925542744892606
-3.532213728571664
-3.8680590137929585
3.1838703495469405
2.6293869694480487
-5.049701497411576
-0.20261744806525203
-4.319267750875531
0.22752074564411567
2.92825297387518
3.790090437473734
0.45024187991985776
-1.2431899405325288
1.3453197738978486
1.3647851015918127
-1.7198439480851992
-2.284333132085462
2.9005021539565745
-1.1927088076297248
-3.0553959425590747
1.1484450350546451
