0.6962754429069775
-0.5349880463630096
2.837506436278577
-4.160615153073085
4.258390816240641
0.2884788112119832
-0.9304469589593334
1.3265738374812164
-0.100998386622887
0.08343817065970367
2.9244094158089924
0.7875367769543082
-2.181639405084066
8.13783411330623
13.969065335879014
4.334803732541439
-0.8583393477365036
4.047165526189896
7.63189229920552
2.3251162197636357
2.598811380580806
3.951059973342422
-4.046958829706065
-2.33598860308398
11.928551748369095
2.9467884237413884
4.531790188694364
-3.26061022615065
-2.937345065252865
5.505564293491178
-2.7022316966280533
2.68224575365936
-1.5025029319980585
-0.43672729130103977
1.271586706222266
-4.583209922706025
1.905482620857502
7.0943226952497005
-1.0803799991424643
5.096490816103499
-1.030875556111864
-0.7470614018270281
2.4801653168854108
-0.10340255975387441
1.8132324220582863
-2.5753848050561032
10.036968224329371
8.69659595000875
2.9150944703172827
3.7574961248271155
-1.5665659058371966
-1.3656757548792922
6.8331400035225105
2.026361403779651
1.4529188059777982
-1.9726780862812525
-0.5899201990170608
3.412752824384779
0.8879017403522581
-2.992561263573192
1.861543279823057
4.784401726267905
2.0031180249069247
1.2366263126740256
2.774095053864988
1.397249938100868
3.658122183750887
14.406445241457288
7.082673551767976
-3.0376222191982944
-0.4588015539706161
8.198634972871865
-1.7887102196376556
3.229608996901453
-0.5926253214250244
8.868608100175189
-2.359864986247711
7.349783973370501
1.7966827921059263
0.8177414255673252
-3.9219386190760046
-1.1236319475220888
5.220932886174261
-3.334020161528582
0.32133487622065365
6.934872270483755
-0.060524461337074426
-1.3586204894547236
0.9551405498422125
-1.5700038493876183
-1.7338089361910887
-1.4686607632889954
-0.9075790935035657
6.435540235386306
-0.31114902589951
0.75424937192287
-3.2604545991966596
0.38089123693807175
-0.5337664921146938
-3.6573164687245323
