2.2355834650247997
1.8299681047571548
-1.5132514756821853
3.5036165482834765
-3.3562858405739404
-4.278934102837503
-0.42029426243769774
3.1969218452682413
0.7247266177599462
-0.1634834829135877
5.441852151254489
-1.0063892049244996
-2.0799945310566277
3.108753027219276
-0.8392083185395963
5.967451864651545
1.5907387260896204
-1.7377152976394994
0.28373979522245013
-0.7078801092327338
-1.1297545872798616
2.893503480347678
6.1954794791151
0.6903830249962541
0.749763574689597
-0.45940463370248424
-1.8028141201952443
-1.9741984790069549
4.335780167094074
-1.6357905150405547
-3.96340707572641
-3.1444708077972723
11.754419636703593
-1.330667405905599
0.41456250094946245
-1.6851244791109572
3.35486337756745
6.265105564466648
-1.5690828226632725
4.605055138302472
-0.9067518287892922
4.082065683664377
-0.10272226404815615
0.2551190147917991
12.679759456130968
3.5921967146626232
9.951758222388529
4.676606321832559
1.09983570593044
8.642200635106105
2.6628674987916527
4.221115484788086
5.558510767778826
0.9395212409983162
-2.845809766464641
8.454901294658029
1.06070392311365
1.939823777808423
-0.6991013765715388
-2.6159441485183117
-0.22486602851929846
5.856481282264373
-5.045428123255701
-2.4860000546289465
-3.1799506979517256
-4.102413704815005
-4.0973296870553595
0.1612313334635133
0.3565682761215171
4.3233937927574235
2.9872538684403693
4.4723807468765955
-6.559374571175496
-6.509908919848124
2.4345522767082555
0.32096005942555755
-3.24651186035965
-0.8573190023224464
0.7365716535914542
7.245479363972768
-4.410967524690415
-0.9633725344798192
1.667459980123401
3.583736683967809
6.792557954538397
-0.8182643525029867
-2.1418681773928014
6.834197429674072
-0.34334697580552953
2.1636172710316015
-0.41594560683986126
0.1836916563499969
-2.622002185988346
3.2404559782483373
0.43140205355064276
2.157811599916469
7.717026640492323
0.007062193568480828
-6.323072474697159
1.42220087813784
