0.49362513957008003
2.4929991792985855
8.487701023800215
3.951792025710501
1.1653858615373807
3.1408570118928854
-2.713945105147244
-2.551268698931863
0.4371376258083024
-2.2756519309714487
2.5924273577005343
-1.173851847405456
10.877809009252488
0.06435160518895913
-1.7911469993644342
2.78625836859076
0.4123647347372792
0.8088474820991207
-3.633585108074806
3.7208577526887145
-2.0087831770145987
2.5866155342419086
-1.8121958636478481
-1.136443363929755
4.08047837567464
8.712373793020461
-1.8356833150906162
-0.7960565571977158
0.47733568824239203
0.5411453631998115
0.756412492539893
0.965953805758369
-1.9158662192771883
0.24167319335277426
-1.0399496325344297
5.412920489950639
-0.1795409511526474
14.629317060874735
3.3702552038405322
-0.5470814654671211
5.551236205548472
6.3282566748749876
-0.600611154777984
3.932792586259096
3.619894034470761
-0.9652102984004557
-0.4605780703255977
-0.15778134032631946
2.6493034484529887
-1.3200914405394195
1.768608622998884
1.385845461757265
-1.7358752865472165
0.8536845558137054
3.669400928200367
8.692255571438537
0.6197911078129839
3.8313402347103107
-0.05983000792473557
9.65327411451018
7.223634248461201
-0.9915316330811585
1.1546380130495157
6.172299228374468
-3.9720851983132346
-0.316741480986504
-6.7297979141574595
8.609364133969759
0.2511769748652936
-3.379973167241941
-0.4546620789150241
10.106472256729132
1.4690460006826078
-1.6157613897859697
-0.1842281924934025
-6.0146103987492445
2.0494746630668534
-5.0609300765131024
-3.899349325495364
10.442098199772037
5.960119634956525
1.4221936359760456
0.9501147354972226
-1.1086262118320276
1.9199871526885746
1.2444934427236167
-0.5676787755228637
0.1812983931353015
1.3226909499421664
0.01941093986334115
-0.24992075365954608
2.2168411826995094
1.16080925711946
0.7270068890404191
3.0007345105694894
10.343948709027858
8.010120386095823
-2.839925428820466
-1.6521147431535939
3.2649887058389755
