-6.955251153174174
6.546460796238214
2.6319327857061143
-0.937222661765703
-2.2799139262681445
1.2585986691426765
-1.6667364079158316
3.8060620062840442
0.6833720272310728
-4.962435539006279
-1.1565836628100719
0.8586276748290961
0.24359165849284858
-2.653148078752973
1.3509404940429641
4.293508970276055
5.266185842622675
2.700979707618325
-0.31581142739895274
-0.6748456881781423
3.0568435892189134
-1.6687672939212694
-3.0439937121005665
7.6620638729235555
0.5367366047536106
-1.417821620188509
-1.1963063535349212
0.4493568424352743
3.6632326978975875
3.7877341486757863
0.9844820120175723
0.6905727193597235
4.470967587452081
0.11396413486248624
-1.773447552503844
3.012054955876706
-4.213014434212806
1.1407416582168022
-1.5487981341446637
-1.9648814179064436
-2.9357320296149005
6.67513108357366
4.541232469016343
3.953028071067156
0.7946373553529149
-1.3610623500880188
3.3025210694281975
0.9571844955977991
1.7968959516887506
1.7641700818102766
4.464765938995265
-0.1383529512022351
-6.8224056698810465
11.130720458785643
0.5519601780751259
3.671660115776529
0.5684461804366593
6.975520088835482
4.0465067551995535
-5.198471376078665
0.1736550491510356
2.9284509302646122
-3.267206625351881
2.383152841642514
1.4102762962107431
2.156186543387242
3.111460268271246
-2.491147031054586
2.4935064129044737
6.237923956858044
-4.290376351324373
1.3226421011195053
-0.36915808931458743
0.5154140968874095
5.7090961430031335
-0.9127218498568389
-0.7988656076809789
1.1413359849301088
2.558643695863378
1.004880268792204
-2.292146199631513
12.94262945163884
5.075776373268072
-0.2811883919024403
1.5352227453032339
8.700526662815134
-0.48021855841351135
2.701003058449024
-1.4279023650136091
3.0673829172224236
-3.203226983720584
-4.2685450688810445
-4.396893262199767
-2.5922162093895977
1.2670118849571421
-2.9022561753178646
-0.11082883239364058
-1.7640088818484059
2.434055150913645
1.4814264416696328
