1.9923684114965035
-1.874273411276309
-0.2897135518327929
1.5209977026373689
-0.2873295204743702
-1.4954665073477758
5.224526497077708
0.5494285831609946
2.6293137810667555
1.5853538060704229
10.921118927036188
-0.4242891446210092
4.872029190711871
-3.5308687740553504
0.1685294177702713
2.153646905161988
-0.6384205650368626
-5.346946720272977
8.248677222062984
0.017442028765784323
-1.3896405590208891
-3.4306509939501124
3.54645166435617
8.971197898940984
3.146043712001697
8.45695235267674
-6.376508892486528
0.6722367288040463
0.40173704658696097
-1.8594671147877164
4.038111656176901
-0.1586327487586083
-0.13931256738176936
-0.6684733729635042
-2.8797097717338707
1.249592106231274
-4.089856508200237
2.6816425358456875
0.968815204951131
0.769088233700348
10.011043116554257
3.479380080912583
5.123277402052987
1.4924933578102788
-1.4495009469253253
-3.155283969487016
9.010568118748788
4.345721483157611
6.695073135879321
1.1275334944506121
-1.9790750193082682
0.8422509132498296
-5.508026402194483
-6.396939444891651
-6.738735180395668
2.618474420483529
9.142020169075233
-1.568158982467022
1.926094042446043
6.156423222486541
-3.9542839574673767
3.238678060426081
-2.1238390152052844
8.396837493185151
3.009206633775249
1.152707563513185
-6.318488033562421
-0.8235166424848811
-1.6787544952175408
0.9841300798923838
1.3423026720895455
0.6910977202486503
6.831535919177315
-1.7722402571521876
6.862056044000608
2.6823154369937647
2.1629299812596225
-2.2312828545232666
8.061996447436318
-1.9973862185988482
-1.5965677462675507
2.2318721479872736
-2.164500623337548
-2.399674820810429
-0.6435388156686159
-0.3720401225409492
13.43089348309795
5.232468438665335
5.471947432352037
0.5181372108069324
-1.6227068175836865
-0.9077296630810857
-0.17626573497401574
2.3520433603660154
8.48273474917428
-3.2190659308171496
-3.198646154344943
3.877214610490453
0.48362674393997185
-0.23033525108418867
