1.9849093214235745
-3.834717933349033
3.184984557130258
0.2731432134826515
-1.6358719846722725
0.291070500594713
-1.8535692703458397
-2.0763856622014822
0.6335699648470487
6.741269272225946
0.7648330363575324
-0.054426189622552384
3.674961885204053
12.031617523883323
0.8999829302902868
4.897826230691126
-5.054089826687467
-5.750071772710417
-7.167851401865686
3.21898459333
-4.8627229498743
-1.2719745221032497
-1.5166706049436418
5.654775993778262
0.9834752103968063
5.626065308286113
-2.7006290273236226
5.838076671243205
-0.43301767914336103
0.11245557817183624
-6.674921010537426
1.7110647108955237
1.5373230812270056
2.096077712050866
0.9439394151721504
-5.904254583644248
-1.9197139568828079
1.9687982475700267
-0.5683342510295303
0.6021493954957124
1.8497208697836154
2.6162501157218885
-0.655896704122569
2.575653129158719
-2.773405123318685
-2.849200247425131
2.945899394424088
3.1824307823255102
11.4683937920952
6.511668630700127
-2.1751029586903243
-4.062962145475858
4.4494955596611785
1.798430474514164
8.497727768342173
3.6432772356045167
-3.0074266145134407
3.3747586369091342
7.321372714650361
-0.3666799867430128
2.525860690321999
8.359151916017892
4.015591774526694
0.5816751641598663
14.12588031776813
0.7263848486649985
0.1669230653685177
1.81151648190726
14.806738947823575
-0.17305620600660374
-0.4564823658639128
2.0616400421840915
-4.217963226995999
0.8540290908171927
3.966378262583916
-4.973965599188319
-2.783826246899112
0.2106745751115764
3.7412490707756905
-1.0048322065925133
-0.11230204100119412
-2.928104530268964
0.6428352556929253
6.503844647964848
4.557581507739229
8.255093108471451
6.466995640019637
0.5057711802075859
10.838696068499782
-1.5393509440047057
-1.97634134236066
1.9987723828765334
-2.4694695821382995
-1.1397106193792095
5.328063840194154
5.107667793915145
1.948456349019543
1.3464376931698194
0.364800474849684
-4.5292029706419346
