-3.7302509460808944
-4.010263864162075
10.848240967181512
-0.7335222416032252
-4.252847850625699
-6.79922106491901
2.229350225098005
0.9003992915160925
1.0188854429081318
3.345061543643377
2.5353138499255072
0.43084002939908284
4.232359178182782
2.818360689494783
2.54123242742374
-2.57210531281971
-5.050037550933913
1.5177348225912821
-1.2748983799274287
2.344718628285659
-1.4283068956597964
1.2790020430773548
12.324265971908138
-3.393428834676736
-3.929665045327103
2.9093034071902997
11.854960793589624
0.9440134155844238
3.333927300004072
3.1111142868810235
-2.795763623156169
-1.1592663062474884
10.452253915084517
2.7796354408881436
-5.758354298662547
-1.325751414547605
-1.5411637737712294
5.735514907009416
0.5013130366496306
-4.8860331511979735
2.8874479783459526
4.990099505030999
-2.1206901670446747
5.979669990603096
-2.7290345563916842
10.051590730817177
-7.002752991538438
2.4082512431604837
1.0160452852187531
-1.5020669696167448
0.5892742337257559
3.678190458546342
-6.4923975120651924
-1.0726970337002681
2.156077873431968
-0.7324171119549056
4.434731129313418
-1.3431049384400466
9.590815204513909
-6.505413015352778
0.5122376612816937
-7.11543253005722
4.911974466324192
-0.26554455842434815
-4.293130130056473
3.673993925471567
-3.1303542662990544
-4.725430801464318
2.173260785382559
-1.3947518909113783
-2.115331346568423
0.933754514306832
-2.3082055666472705
5.093747177433947
0.0827948165114678
2.3928153640532086
7.644191848722686
-0.6584187258310781
2.0224310759800663
-1.5570742162519025
-0.9730287957921295
4.564764276959608
8.93209827550073
1.8064165488036972
-7.810091896590992
4.11702882427409
2.691462417989372
10.711375823520154
4.653401938385878
-1.6054348501356226
0.9213899677315527
2.8108034801623223
1.5205497675763144
8.970375078626798
-2.0221091696859395
2.1711346478445352
1.025496002931699
2.9853484367097476
3.397195146520488
-2.3032760354794943
