3.408141305779349
5.7865878604441034
-0.6839756465105198
-1.263229408511146
-6.743026888545625
1.2605975444622546
0.04392770538700291
1.8878138663394999
-1.0907238092914677
-4.5942748821103665
-2.4064056470765327
-2.043859200637592
6.07625708133655
-1.370987267428353
1.1125805125821282
-0.14895888584915312
-3.8144908250502754
6.67880575490037
-0.35976285718814427
-2.0576707363026205
6.775125879290291
0.4349446310545808
-2.0578472021656933
5.810238923470502
7.216925073139334
1.6438196374707057
1.8474029155999259
1.7665219508068235
-0.2672604295786495
3.685230002685282
1.2539489262109869
-3.334596547008689
-0.2144424616557045
0.030506012420755162
-1.839121039700685
3.5135681585377982
-0.6308580980800188
4.177095623609712
-0.20778212766937992
-2.180650864157216
-3.4837558600111196
-1.0651671539014638
-1.0076916633986095
2.9684896931648304
1.4323928149442735
6.311414597217322
5.455903991145161
0.8148590670557411
-1.0405667397478064
2.4435453522978454
-2.1964369863146
-7.65522045366065
-3.6774402810682822
-1.5529828425110588
-1.5543217666392732
3.4960029666573433
1.6603373017500962
12.42138034163973
-1.334756067777137
1.5788650505861603
3.377494091278507
5.197454296247419
-6.417522786240296
4.759101490404963
-0.09258969641128632
0.22970855239021212
-7.277416443145135
-0.6909541603158633
-4.6644582851736445
-6.2411145140281175
-1.873211648277155
2.36203826348403
11.280328764680192
-2.679452142587442
1.767612874444079
-2.206804714697042
2.681257870525243
6.855968067815606
0.6336414402621675
0.4414135314738972
-2.4558164669057354
-0.6361927262125442
4.008532931544222
0.3136474094924972
-2.6913863548075163
8.785723281910759
1.1186035916850998
-3.466759923018318
-1.1161625744963817
0.7477540837644338
4.095379508607816
4.204816774144326
2.977482354309056
11.180829675671186
-7.748273406768735
4.593004143236529
3.749246523317751
5.743794670749411
3.422596436461415
2.1839119564461456
