0.19472472353881504
-2.1268849346965526
1.7406875205366434
8.598584507694174
6.138530694381005
2.9246547297566825
-1.2033241174829832
4.912992388523677
1.1794373582919395
-1.0885357074041337
1.4900668326339546
-4.246192581150531
1.589068156100744
0.16911127445111485
5.162071669742589
-2.0420585645260902
-6.881501812188861
0.47457471435698284
-0.3659509513164908
0.7177797541356362
3.5329738162942044
-4.056672239568346
0.6343758279597421
-0.6099550805365868
7.08505427898061
-6.172874635708345
-3.860820597222629
5.784651901711488
1.8990350736949884
9.113767127577493
14.667764980255168
-5.435150661463501
3.583719170943589
-0.2353078554025902
-2.000529915428411
2.5966465061743524
1.220770820243294
14.035134308432808
-1.1803419949364722
2.560293440117528
1.2944928727835368
0.9974099621251129
0.45749174158729045
-0.6651698933806756
4.509808797732459
1.8490328682579427
1.1637256307688537
-0.5733249539513796
1.065894224543379
-4.225574924475353
7.916391439743988
-3.412982078484193
6.084524195432291
1.8702110356874968
-2.827893463839277
0.7290511701074426
-1.3021884706020557
0.5762027788126856
-2.43522499220822
5.543694681482634
-2.9930338981023867
-1.4470042661005622
-0.6768271327719309
5.243213583032289
5.081682226037546
0.11711073711899196
7.130078921427861
-0.5299735887656218
8.215503654117247
2.867723673821449
2.94986074203022
-0.018377847885915954
3.220598552509305
2.676840967742275
-1.6490280152033634
-1.0248341186924645
0.41280423879870665
-1.482986818575944
1.8479562441578994
-1.92465843673337
-0.474635864678795
-2.5564828518208307
4.879199235385343
-4.627158428897014
-3.0250142623485576
-0.8879465258750323
6.466194554702505
6.900025813958996
-0.5355517779701804
0.14840756545014588
3.7277428061966105
-2.4360700203297925
-0.918252959087491
1.7810784463717708
0.12260168991544038
0.17067956286532165
2.7660059356301527
-1.541825387656412
-3.7381220140700844
0.5387496884850516
