5.771285258065276
-0.27559825903300006
-0.9445295805011185
0.6710439889014491
1.0960847440486328
-0.3585304057951571
-0.9446657042573234
4.579455389532663
1.9504232886496249
4.887037065154448
-1.6497725558955394
-2.0798836084072443
12.673252391772342
6.415807189977778
1.1143234606638297
0.5648478272508364
3.593216230387336
2.2974253749847495
-2.1796373765943766
3.017325444112916
6.358056469442039
-6.865503226631368
2.0282742703486614
-2.8928650247274583
-0.6908439168847522
3.120171552120029
-1.5423709438162465
-3.9157988071389958
-4.6877792246629735
4.769305141404767
-0.2703776151825077
1.3397893091318587
-0.9986552878785131
-0.1466007770716193
2.6745269613287053
1.8751037559422414
1.4544425339251348
0.323297257931888
3.0648673762976815
1.234189468307558
1.187317430187642
10.933618903790238
5.115296012401474
1.092670261098853
0.8172365955121161
0.10703135136820295
3.0866173721959482
1.7156658654330366
-2.0683357532759574
6.549289863543493
-3.094712581893528
-2.35457559176849
16.137328090442146
3.7025100929057073
2.8911696761608217
1.3024527086320155
-2.2760303144838168
-4.122629818618811
-5.248905851824543
4.881071599573172
1.4579433742575163
-3.6984032693184457
0.8467218461892043
2.890184358321373
-1.5724409305030633
2.9474027100228195
1.161178976759916
-0.7348848711923062
2.0346198482950117
1.9473443736204765
-0.5963590156266423
-0.18614417764181673
0.5740018392608529
8.299205626654418
0.1061950120574694
0.5466322394187966
-1.041255696224861
9.335008061570239
-0.9571213145842346
2.4194610570068904
-4.858564777316305
-1.0622060688665402
0.745845725869461
-1.9156538681540667
-5.863424961032896
-0.8135080052284607
-2.8179251518992663
-3.240583350547258
-0.9997565136116315
0.7005382498957992
-1.5320129707968628
9.701559429119298
0.9411120295539774
-2.686415993457505
0.6133882130509143
-0.08702692521963032
8.599046377859352
4.54321861667627
-4.751218022379048
-1.6619154479560865
