3.121694156982646
-4.077096925019246
4.808778832152454
7.154952808578107
-4.470137916902444
-2.076915313266894
7.617006153949582
4.158449373920435
-2.2289197073983287
0.09595157111501607
0.9577095193654457
-0.9877372656039038
3.3438873449434925
-0.9288632232981575
4.7171373109240164
2.8368388436540948
-1.5956766547610668
2.159587440505246
1.213097361471873
-2.058525146507897
-0.21930113946723578
2.280697255887346
-1.1706029583695128
-2.4000233783968246
8.153135485005844
-0.14370645337027635
0.4758152940874156
0.16289268674237442
0.308129418674152
-1.4692900602462529
3.307872484908331
-2.3588712495083515
1.231355716980713
-2.973875594333162
5.045451417495183
-2.460814451443225
0.11594281518092978
2.408485806815059
2.8115953796763455
-1.080710577122205
4.625545362341357
6.649603200740402
-5.675907241613547
8.684244045498225
-4.634928762893529
0.9662800525413375
-1.658846336070532
-1.0154781521417378
-1.9800887997760335
-4.128931983344527
2.760262628808701
-3.5133557116406813
1.7398176048860035
-0.9078383042325195
-4.70420018061087
5.7749697449324255
-2.2847784517909338
1.3134912947263708
2.1910072272661316
0.772031936850171
-1.5538437416138071
-4.546259294067044
-2.1229377363781885
9.236132533891052
-0.6529824900114211
-0.9590079229907131
-2.3537597772971472
8.966241366957261
-2.539719035229501
-0.3360438105390843
-1.305818213490403
12.115701774146823
2.4893134995350956
1.9040035043324393
0.979952880931911
-0.4368014631553172
0.10731699181021559
4.312754953514174
3.69831475791837
-0.9041657872205485
1.805597428012833
1.715170853561553
-1.3830206956683617
1.454260827035581
0.37663377276119014
3.297948851924505
2.231955259281753
-5.15391207453225
-1.1797795777299473
-1.7343968201000814
-5.045067401629069
2.1688850838470373
0.4909554322818749
-0.24639309571654705
2.1277714273156594
-1.81652881071344
5.039642279387773
0.5669434797997466
-0.6283685773059919
4.623569640627901
