6.782918971536614
3.5781314528318218
-1.4179080784694826
-2.4866256767294423
-1.5903669078724603
-0.978610644807129
4.490232989907568
-4.400230683618087
1.4770887497169198
2.37591688295994
-1.6377136204874168
-0.3864292028432502
0.2553735345017678
3.1639836654792948
7.242307577010875
-1.6736777610410778
2.9322448339877405
5.088544125549969
8.783122488766189
1.8986990667440504
0.32550173445844754
0.9308542270798256
9.3634988505781
-1.6413133441205652
11.78613535935938
-2.26604164455188
-5.173268290427867
-0.9337949666659997
13.518242220888148
5.70511047389478
0.35613321605179754
1.7386774527876752
0.029029454708996302
9.391753746491965
1.531255305897551
3.9424336032683565
-0.3030603132903067
1.1923300123977951
-8.94138040318595
0.03628148422983011
1.148299839608033
10.94896731474726
1.0631603162595136
-2.8637602288828243
1.6186386715182313
1.1997646954083863
-1.8314684619087396
7.203211287814771
1.1665685599622897
5.475578145759322
5.3971434107726495
-1.270023594501168
0.9770527385113033
-2.7863555083791702
-0.10911574331153204
3.962264558306882
-3.9636445683830313
2.175608189015378
-3.376696133477118
2.687336169583332
-0.693782169038354
2.7009784569109625
-5.9456193569747455
1.9882385140087742
-2.2960693961182956
14.496089557412422
2.6591433872943724
1.3046129624829637
1.617683035613726
3.8092884906479054
-0.6646721046389311
3.8779513741387936
10.268020821457597
0.8727565027023677
-4.854848200031803
0.8753020225696896
11.605992176655024
3.7529803368667993
-1.2210319244389911
5.870818772464901
1.1751014321930755
0.37885274728517615
1.4042059975312537
5.532048448278856
1.6924017779973246
-2.721036869164054
6.176097318493193
0.3308318545439366
0.852286299764363
-5.657714697991652
1.9001615313879021
-1.8713649117598488
3.180202008924825
-1.282895293689465
-2.45092486503487
0.6020168199782336
-2.416505480229144
-4.709110722089298
-1.3371062167028553
-3.133635928723174
