6.221563921828446
-1.5544203548539532
-3.4190905401306186
6.080798870096424
-1.6599788167218592
-1.6510147532904722
3.0279349267533977
3.1076123323821365
7.6802248921780025
1.6106520668896616
-0.14611546117886004
-5.379665226979588
1.8208708950037567
1.1782330522559028
3.478391327219769
-9.863741468519365
-0.19425268291141184
1.8320805879954263
1.687712760927763
3.7327182389427027
-2.0608472031833944
-3.623005445992437
-1.0151669308513789
-1.2404878060471285
1.3437445170473927
-1.6081507941048905
5.841617470796311
-2.58058427853203
0.5007810974281399
6.379443248694733
2.335050054771207
2.3888636681943316
-0.8890920082766093
-6.423082175691812
2.499263570900854
7.117581124387054
-0.8068964745438159
-2.689620546818663
-0.7571746488299875
0.943665715492138
-1.214093052122567
0.6327841457912841
1.0267022349638655
3.382064025117974
-0.04426122333630052
-4.92249346008938
1.7606199015149602
0.2460787487791159
0.24251672151679127
2.961310916582035
-1.7452272366121746
2.6103790744317825
0.8865753861449164
-3.5297254694343074
-2.4558677176157424
7.040680235036099
-1.5668532176766108
6.486275423937968
3.8459555853739715
0.4203572661013656
-1.3005014566406177
0.5153023993669907
-3.4391828253621126
1.6047992137292908
9.894847824636692
-1.2211035488490436
-2.390418492002031
-0.20602788988527965
0.218442926506571
1.0540049905883655
1.7772226521575334
-0.34937278109067643
-2.70194683732701
3.984380265048063
2.5042116623584367
-0.2884919857903244
-1.3222464680970503
4.628192552873365
-1.5533510635841523
1.3319151694454314
-1.591198434629559
5.613163006598423
-4.857795006250142
7.2782361408261345
4.879087636770302
3.171534233730685
2.3807140835898792
2.4102512476272326
1.0248722975067892
0.980558340423966
0.4733796966065482
3.6669412751500423
3.1517514534801405
5.036054528177568
3.1293450204620354
0.9968251409087754
2.721292737646282
4.0542318848914345
-6.059749172401835
-1.2744565756475668
