2.7667017912099103
-1.8582767800370394
1.4593517660700852
0.5017757585531024
5.957899873482399
2.0228682924325954
-0.5233917238106484
-0.0146629217430814
-3.7033858105014104
2.897959665138783
-1.7087163636441822
-1.7830857964193452
3.3153226422363438
-3.1336850190747096
1.0307944225211
-3.0574313119988012
-2.035388419378018
5.680985257198122
-1.6156408347112525
2.665367423375411
7.53445619284795
4.9419122645798526
2.350120333685811
2.2106891498958916
-0.4947150843990157
5.631877210204036
-2.480316108820967
0.3762624840021783
-4.496946732188295
-1.7455465170141495
1.480424263133545
-1.7132244769373242
-2.2540258690619495
-0.1841878497940099
5.256693711696712
2.736624704460508
-3.9922002395341982
3.7181725889036197
3.45002410649595
-2.1297709096635757
2.0109155173508775
1.363363307811352
8.714479534251057
-0.8456876264215405
5.215341718083387
-0.03980433224761024
7.554354827104101
-2.813732821555387
-3.5910265390447664
4.447314291958219
3.985100823305956
2.210880366283098
-0.7862343243299874
3.546931239295268
0.625740465329072
1.3151053590460582
11.662164216849616
2.420061921088408
-0.21038695947099473
-0.8527264129665584
-3.966180097490762
-2.2314408615494274
0.5669693805109823
-3.934263395871644
-0.14210551733479931
6.331894747892667
2.437904463647321
7.888419134102424
2.522006081619918
-3.3124960901357596
7.637677279402232
6.737868617088932
3.4056908972865636
5.388944983361145
1.4956985248880095
0.670718429580375
-4.057049908043339
-1.1643356530524314
-1.2935987074400688
1.3841438967504982
3.248756427193351
1.9858083733349872
1.3390715221258664
0.9956107847629753
-1.3972774966626125
2.701749681325627
-6.219754253071977
11.215862395324782
4.451716179454582
0.3853879576079575
-0.10720643109728348
-4.803483287202749
4.4026998268278295
-1.7726301801422455
11.7983294142637
2.1486044308580077
-0.6469619174656451
1.1646891058564213
10.722004755295005
-1.4884498204884304
