7.145840203235405
-2.988113438167653
-1.67487422019253
3.120867756349913
-3.75058159989248
10.74750311668613
3.9050779522360006
6.943521649690494
3.292050946856127
10.308935339382941
-1.636542007248969
-7.270844959922727
-3.495031859075567
-0.628038813730402
-0.3123588479544564
5.085895147167546
-0.05028028935411285
1.2215187068311042
0.3687045790201152
-1.4605543991513428
5.84215407437244
9.644835059311633
5.250954124518344
9.699750714683738
-0.5958065479102195
4.627886660258067
1.832502559868411
0.23591835627232793
7.257958111797398
-2.528794614757673
-2.8824305049704466
1.071069864705533
1.4020438206314156
0.28956802212524146
1.7990619393583864
0.7165089658138981
0.900585345475664
3.3843143564614255
-4.290662520166954
1.7636544711941
0.9759998870919498
3.418531433566436
1.7337833390300168
0.5072045605731517
5.938825682390256
3.676162740417384
1.826853147749282
-1.015449049227228
-1.7449325205869197
-1.4814130121769586
-3.3968011083175274
1.2107781814721066
-1.1226514242476027
9.441434500665475
-1.162215396201135
1.2673586882570045
5.234318862168618
-4.266457408831679
12.811998602612778
1.9127240839264568
4.455182777286602
-1.0265873778296855
1.549806561314731
-0.5115329952894968
1.183503552090004
2.04810959329774
-2.352969840066725
-0.4866737883460689
-0.7481197743380713
-1.791095036581046
-0.5441906384663984
1.6574473138216772
0.5158400560023237
-0.242024241480841
0.9318313820773857
0.32905926684150305
1.5847399392109431
-0.6475459115158367
3.907880087099792
5.009286128796257
-1.5294611563390637
1.704474134432111
-1.0665080600612005
-1.140650260187182
-2.020854864377283
0.4484015372961959
1.2344708182782753
-2.6622113668529446
-2.8728162744670955
2.582807169817743
0.3318436327151885
0.4463028339432694
6.335039755552004
0.8042279997594507
-2.7202576810540045
-2.338288945393305
10.102980896400114
7.044666776770523
2.427415875051367
-0.9066752622684706
