7.614958595704308
8.117687468683402
4.557294626420378
-1.5411626707514838
0.29197310504222607
1.2660184615528147
0.7029093496957912
0.270971505510017
3.9942462142102344
-0.3679083344227909
1.5557922106014916
1.375681064436366
-0.34752715051256255
1.823177153897562
3.1492299858616732
8.393703850524115
4.143755473676297
0.3417055470378928
2.547784712022798
5.9015298349113845
0.8974751499658389
-4.936280710207211
2.469872405935914
1.8113536750633212
10.766475911368701
5.151119309130088
2.771249157775687
-2.450452049625288
6.224903237891583
-0.19548345440781978
-1.589470189270789
10.303876086157373
1.3342114135515348
2.2843548831763
-2.4773597693457083
-4.687106131698261
-3.6543052041557473
1.8447572458519088
1.8304905988742406
-1.7736505434504342
-5.852848139735228
-2.5149724927732744
3.7796840739226205
4.0574674736605125
-0.49606998523874435
-1.4069161404344626
-0.6507100625492428
4.991481931651003
12.255129637943478
8.952938485069712
7.4984108149240924
3.8392142054895597
-0.43910387029802966
-1.1840454213199942
1.2614170481883682
2.1361580261042046
6.3898827736880355
2.6310032284108344
-0.17833974862487334
10.274205344457593
-0.8943407948543577
8.155962038819302
-3.5734152435273905
0.20925058555767262
-0.31165082549882595
-0.4102107612080176
-3.2857707495657644
-3.014048641597291
7.2967148085621965
4.548368212526153
9.945234125102191
0.0931816791979359
3.3901885778537926
5.039473315296663
0.8855381899971487
-1.7397106079792897
-1.7303291347211904
0.8188507307204016
-4.214720356752895
0.9677975230156779
12.593281766702315
3.905285391262308
-1.2605752114905138
6.6577570091299005
-2.475549219960328
2.9632946976827803
-1.238029951749519
0.8813460467862999
-1.7450892559419673
-5.5287569477340535
-2.3464063294578397
-2.5689143083077313
-1.8473682873057151
4.290928693312068
1.1847070929880477
3.0605522530966476
4.247024776957392
-0.19761565958037272
6.474338702636864
-2.1768624408587054
