-1.3604418780720458
5.87750008085202
5.788779988234495
2.6358660190497947
3.017203063945334
4.8812123351134025
-1.8858301799951744
5.600244079427917
0.951010672073036
0.38275158792447983
-1.6594175848425707
2.2480738612671898
2.223842634199438
1.3761117831331444
6.735150243689067
-1.627730746016503
3.2623995740964835
1.1022455922956103
9.487213868444808
-4.3928096178391876
-2.601881570543152
1.699501899889961
8.914166077537692
-0.14784970780143064
0.06619476804712798
-0.16073765902062076
6.191900848528412
12.029908845263662
-2.1080087355466848
1.4303202711202536
3.6212825424197606
0.5380573950468248
-2.825157309471675
4.744377702784043
2.5395916214047674
-3.8194992892122457
-2.151650026581552
-1.9838977829287834
0.7328657207426744
8.118453084913067
-2.4011546809722017
-3.906666779975459
1.909765607916
-3.0567239840638383
1.599282578854215
-1.0591812226769013
3.4443086004402637
6.370072768852886
4.416829699828624
-1.7637999634377637
-0.9525407197676954
4.4409015058908565
0.3416387769317016
-3.0947864253723205
-1.1704321826600437
2.403673151358161
6.8791479418224295
-1.315759987173016
4.059515892369442
-1.7114384113120469
1.9961129175945647
7.246483585673342
-1.7091536418542486
-2.210902589009013
2.0702838075924115
-3.5001997375377245
4.914435555618175
1.2358200849380716
4.368669101292217
7.71480366829234
4.276860973975951
-6.029453800772952
1.6016950706941588
4.493270778034437
1.6388846699227768
-2.7982618002306587
0.3752022132876287
-0.3715718646071541
1.4214616090406222
-0.553669889868291
-2.6408252192749337
-0.6612687123179354
6.462396530041762
4.982949186961961
-2.728145278001029
2.7739026346058315
-0.08074339770665674
2.8813240082426175
10.693031340976262
-2.744904103259496
-1.8607756424906468
1.2902020198390436
3.3950422846404704
1.237309732109575
5.51519561073491
-1.279841760522951
0.9813645992764697
1.955469124637141
-2.204386195876417
4.769977641642692
