3.143614553710257
1.5661150019406915
6.761722114207023
3.656735083800328
14.463933769075588
3.6346789790603715
0.8320064437077133
-1.4794239259822595
6.690781128925211
-0.9179190042961907
8.00869837591051
1.7538137009228847
4.083825139621356
1.1054630998254513
-0.3346653730719209
-1.7677209752767338
2.3315870012629203
0.6551820539351696
-1.8608951409142491
-0.8108021116420581
4.794949881976681
-1.3279770481674937
0.7411786890835856
2.3333953553358167
-9.115403049055482
-2.8221869289206536
-2.367203718065781
-1.2738871130939344
2.244324251740235
0.5313690086314031
-4.1680088152557815
-0.2958190709299497
3.1876791002300227
11.072108056443327
0.758814449982971
-0.2704177442663122
11.438318094669825
0.450970020845747
-1.0812978756402742
-4.046769682966941
2.842582798442234
10.051442996040187
4.507665013336663
3.7734258435947416
-8.034744112858982
-1.0938174630565194
1.399157521362552
4.84031611826275
-2.7206985168161992
-0.37567897633249236
-4.2147593512054
0.4098065000848625
-5.657761340486719
0.6081098748601071
4.013671692562919
1.2663539138393558
1.3330382401096401
4.325983462581893
-0.7953902927989756
0.5826267839767745
2.76409563788561
2.094069750561846
1.8682372653335633
0.2191252522468229
10.902021374246079
0.13002261407705798
-4.995925164265348
2.3609148044741706
-1.1121346390378979
-2.11311155952311
0.03382877518495217
12.951886889823868
-1.0057137618926142
-6.830567312890487
-1.7017248057085528
-1.9456332564654346
5.421153933254384
-1.2283429926103955
0.8988932855256946
1.3156340004247207
-2.255580363998231
-1.6571242867545384
0.08712684255916162
3.6264671555325965
6.173390313610148
2.0149603964041796
-1.251447312183696
-1.1973083486738472
-0.3081413020707944
0.25841129546265024
4.946273548745793
1.6794729383082687
3.222609007261667
7.235546879543772
-6.898962242657671
-2.244125958617674
-4.1033649308318445
6.116010650251859
2.531989581081143
11.348470973808451
