1.0896022034850759
0.13414859257358985
-1.555422347902823
3.348619371196867
9.895375702446893
7.779884476940525
-2.9001108628148584
6.584508257225014
4.162889746091766
2.0781255429846266
1.5236851818949875
2.137861004376405
5.872456609502084
3.2717359753797153
-1.8745621925301539
12.127940087394858
-4.458989300937606
-2.0996061236911743
-4.3293202176018815
2.697113266153987
-1.5826918341480436
3.869979252510026
-2.0931733614327706
2.804324603764871
2.5568058406327783
2.010486299904382
1.9648910035186296
-3.4723601617256277
-0.7245198357034266
-0.2101867615987232
3.0388882014370306
5.943743165165736
-0.38731690251656825
-2.8211555155189507
-1.9231955553182467
-2.915197290637141
1.1424034672941024
8.65021746257975
0.863585093729198
4.268393740292586
-5.799696332843902
-2.2453234968884592
0.42272716988323666
7.095778359457048
8.68779251261153
3.124146130410801
0.5394098875503452
-6.185933964013222
-4.014287840580225
0.3300278867378569
-0.420008320473482
1.3883973581285987
0.41877895810495647
2.5317542786813485
0.4428436078252108
-6.650785373141165
-2.768611195626918
4.816357219063966
2.9005905596381814
-2.8815833910388884
-3.2117438757947925
1.3274165202729171
3.59821431686468
2.5448783933635646
4.211201462901627
-1.3883149440340885
0.28752363729005037
2.0066443873277247
3.0562601908196765
-1.9091685196698367
-1.6014227603500488
0.8187448606493448
-1.7044699843500681
0.7504597597041993
-1.0612882901801837
4.9557829849567785
10.57774131515999
0.7169812593814797
-4.4331356736201215
8.083545921966786
2.0602502721246343
2.0099526055471957
-0.49769349217070114
-5.210448323256486
-2.958534559526378
1.4220236330444893
3.159320642785233
0.6407897235424435
1.0434096652253466
-1.641538792528911
-1.7793098212141163
-0.5714546873818325
1.5689707880200183
-0.21620920553027556
-5.805969469662578
-1.7937625566213025
1.3299173697536737
2.6989886057396086
1.4810431591106803
0.31844300899000844
