-4.959811703965571
2.520443710859125
0.28615248480868016
11.072650880157314
1.7979689735256774
0.4700880151826851
1.1408873702208493
2.276824052836969
-4.543081987883028
2.699343763308404
2.547176048874182
3.611183952772251
1.16729335405131
1.5857201159281042
1.033518636920797
3.5062267872618333
0.08502878251028613
-1.9730284424465359
5.862276326598019
11.89446010883131
12.607345916520414
-3.2987294458796113
0.06347623296903976
-1.28856395644546
-2.4332357420220987
3.2065094000812104
6.086090742355634
6.0540790046043265
-1.5659617989518662
-0.759667795520357
-2.322044486429044
-2.880457472703643
-2.8904074543587144
5.329302840606532
-0.5884965240148922
-2.106148437326531
0.7174672083146614
-3.2626898061576046
3.7552847999542807
1.4234993671306673
0.5767125418827286
-1.502644804431271
0.9783324398808917
3.301145861256822
8.065548499646507
-3.1037751211035793
-3.4987987255011466
-1.8402095508094813
0.34590609958338914
0.3471866296762677
5.161572126391707
3.4474186864255865
-1.06856581044938
-3.2211174254686767
3.0006943266835346
2.9068962289391838
1.0760323506318117
6.106739172044573
-5.552357505695227
4.50501631250785
0.23908415770522554
7.6480433187316015
-0.4906195401921621
-0.24559369544100831
8.080164305999205
-5.652322180292655
0.7482204475895561
-2.76216122037972
1.3774753276577587
3.1160959590676844
-3.0196832821617097
0.4002170192204749
4.188503737452463
1.8902856336431968
-2.2821737382221343
3.831763343013627
1.595876637040627
1.2713941769424864
5.340679775981505
-2.8759291217210325
-1.4602749572903249
1.800329681945691
-5.050887346162761
-0.7124798450534756
-2.5111701390382475
1.0953081483952622
-6.1834256875598825
3.8118798880735865
2.4547760027619416
-5.132725262598614
-1.5147468422579382
6.8553085077745886
-3.409116298832563
-6.031535588013255
-3.9437329873167415
-0.41287831008302234
2.3549509447633374
3.4509981385559545
0.8147292118420458
-0.3536729164960599
