1.8146378026145533
-5.792780756446859
8.527367986704379
0.04054509537087341
5.000325801081267
11.979107808221885
3.2051157676907245
-2.8224399080853955
-2.1090016998178127
-2.6095487382532037
-1.9874695403708125
-1.347091245250855
-1.890502503454702
3.5335774810997105
-3.1676784834825193
-1.5484487860233325
0.1124246194084348
-5.036878299295044
4.472233359904946
-6.970775272385483
2.559130010315402
-2.5005381024655904
-5.617251348123498
-2.7551154121653907
3.881251809258994
-1.0793951346735489
-6.2899194834424454
3.298382097345073
1.0841350444671989
2.577034454872538
0.25585180307873
-4.62906132434758
0.6956426267949474
-1.8882295918880958
-1.2746282664243742
2.64970915560997
-7.440012603752941
0.2734629897403453
1.0097764870575578
6.813900481475448
1.287442982796654
-1.8850327787273269
1.7371622467737047
1.6757611083398833
2.8166646652616913
5.77458270582801
1.1834466930315417
7.864643052299346
2.885513362830758
0.971526006714138
0.7730683162703489
1.8794093531198812
-7.084608299750492
-1.64885921671828
-5.281238313806362
-1.7172193729902112
-1.5345786251062739
7.362211152591946
0.30269166597268565
1.7226247801664685
0.25121834626191464
4.788760233553376
-0.6293231085448617
-2.1659060306198437
4.445473707477221
-1.6934008850185904
0.9985414985683893
3.119742953988305
-1.9137095078766646
1.214909093539229
11.252844266292467
7.155425809257982
3.100920798549367
8.990876838975842
-1.9918475285916166
3.2770436431370245
5.354722883172493
6.577419083016316
-3.5256982921341518
2.57995199784859
2.4750828725553133
2.6104363676684526
-2.404839779315039
0.6716729626972271
-3.519797927460635
6.1074464139105755
4.95849332344557
5.434554132185631
-2.930725169473975
2.161172258260474
-2.5757884380452842
3.313470174984165
-2.344366344437006
1.3620003608744298
-4.007097013390501
2.413957723969922
-3.1718133766008254
5.4593433161423395
0.6614979940688274
0.27261103761595973
