2.6611939760750336
6.3182375070747385
2.962115050769625
1.4643201754401598
-0.4982825138398719
7.366189415272439
-3.425582758338436
4.199796736682984
-1.955106261599029
8.314606069381385
-1.9537296391332761
-0.9238155606968308
0.15815005404427224
0.7028750332191879
3.2378788942396404
-0.7731303053457579
-3.688342476732067
0.6426378963475055
1.566599533240527
4.270701060630101
-1.240682104069967
-0.45310058343851645
6.307142457378997
0.14648850167621202
0.10265820428390601
1.4661256961805595
-0.6776936433524505
2.4569508363258583
-6.6443671165395894
3.364554858409726
2.0665153249576034
-2.0659632914859105
2.8307945488106645
0.6472838970370836
1.533096964442136
0.08207425265023259
6.942662861772807
9.789937795979913
4.924669627774033
-3.9488411322860193
-1.4383420350339824
-1.2847664336405007
-1.3379256317911505
1.3191300374486659
1.5236682991308235
-4.445954011178843
1.6343177269469216
-5.594296882049734
-2.310167862879476
0.13344466076862355
5.27986703132693
-1.4138320681330288
-1.6178336424343143
8.248266209601391
1.2859097384596518
-0.09911255824926865
-1.424351448625793
4.207968106453012
-6.10404791186605
-3.7642868559084928
9.211707229352964
2.2447299155964577
1.5786982359880655
0.4435605204266295
-4.272784757816604
-4.883150289985984
-1.266643066280715
1.2289109800304012
3.053193262954483
1.1764338869743725
3.5683460216655707
-1.0618534419485461
-0.9676795713184874
1.8076496970924225
-1.299619065846148
-5.970971738350034
1.9624634370377303
-0.15043624969567235
6.568348967154666
0.8748971084621215
0.28399931609707546
-1.4522931476968832
-0.5291797634424418
12.762910887076426
-0.5767346328938173
4.299550922109448
5.419160942315492
-1.9000207625073773
7.475096994693419
1.2959046171308326
1.8113546922054196
0.789635920943033
0.8163309573699953
5.922380084192499
1.280731463631339
-0.05270903602300038
0.6246613806761517
-5.074968023764328
7.911990956253835
0.6799475120979013
