-0.7107964670516843
-0.695160330085353
3.265797133430641
-1.0274739626859168
2.6101569057645566
7.661698422346297
3.2088270281611906
2.38374727369134
0.6137052250479
-4.421968674560475
-0.908084331523477
8.492410395020629
2.156456419223349
6.061351708244402
2.4376602516482304
1.6338287132471883
5.605177781664184
-1.7681774980741731
-1.246693441897466
-2.748214508913663
0.4251647010292279
0.5869317824079554
-2.715880819315909
-0.40897813638110136
8.509141316385584
-0.2557128900895702
6.185880378879553
-1.6002326655863164
1.6304367852815038
0.44749577984248207
0.24539052730314595
-2.4997220639429694
-2.886993648335645
0.3005004898452562
11.817125892709653
12.846224995766725
0.7326392289550365
-1.0024713243126082
-0.9097369466176775
0.12346238330714648
-1.100732696288073
0.4978848389961802
0.14847817808899616
1.3380892367052062
-5.37162412683075
4.090230783336214
-7.742110146848635
6.576338935188426
-0.329533694655972
0.22021152107134945
-0.4003150485455613
1.234165171018679
-4.431866228001552
-1.6865633318394828
-0.163500000946011
1.5100587611438736
5.030403242255345
0.05124524111992849
-2.60149165396978
0.09740137115462494
8.032447280607972
7.673105975809572
-2.079242133489145
0.6565087979743157
3.9940776334009596
3.4352868736629967
6.778895206138972
-1.4928437108814545
4.1280521806970265
-3.1326492518972087
-0.6390521633417046
3.5505303764902805
4.202412467737062
0.2509438575683852
6.725462933299701
0.018969513207033613
7.402420188995661
-0.7043216484580632
0.5571608227591103
2.7225004719575088
6.457794136847569
3.335444379296065
3.9522695262299368
4.297643939426117
13.387826448119736
-5.054020601850171
0.06789593105220684
3.5564261641712305
3.034406715585556
-0.7167805380733344
1.7957229595759732
-1.2969969817963203
-3.1119994236502198
3.3245865996516617
0.9314829073611613
-1.6796392152032955
-3.8086990464326282
1.950180097280316
-1.9928533630493845
-0.2882897792703171
