4.967494357657482
9.43805319952129
3.8047289402848983
12.11904762226117
-3.486748350643115
-3.2789662842249667
5.3226565609636
2.3175073452529116
-1.0390973174328844
3.6193970565242637
-2.7711166198983226
-3.619964812636523
16.94119662587955
0.5764936890768744
0.7903344416807876
-2.168835650029054
0.34424727148755563
-1.252292524768454
-3.708796121549317
-2.6608210554807012
-8.525873641294952
0.1855089828897487
4.319025898621379
3.6726130805059896
-0.7465309518461184
-7.365285597339646
-0.474110468793818
2.6325946439618226
-1.3394760774633718
4.857657123621641
3.478027030318884
4.908313645608712
-2.1062559914402295
1.9652321853786596
-0.3248383951191287
-1.5544760081998488
3.9537120324838604
5.731525537891139
-3.213738180303852
1.0914377608478885
-0.3103353522428105
-1.5411909689839027
-1.0926033154731387
3.3023660250128746
-0.9243188924938444
-2.315642573721086
7.217315549731672
-5.574231703865262
2.260577556698464
-1.1407307064181198
-2.4032821354572635
5.92705150963576
2.0544120155785417
0.5146673989520152
1.062513498329766
4.452598999896783
2.5710845271972653
-0.9761024543056794
-5.701012448932242
-0.7175878452604664
0.9128176194967255
1.2640597968986866
-1.9310573669290416
0.07133604560843902
4.599189127512645
0.8508976134976107
8.31168718503837
-0.03781607876452142
-0.28745952076474457
3.1849584780706692
-1.6674264907810472
-0.3836640186047958
3.0750387278799707
12.874458281799676
6.336642422102493
-2.2668455075558027
0.7490563006177978
-0.6828116266699712
-3.8935252672966
-0.19812041029958605
-0.6775072276733474
-3.1786104424974706
0.18893337452690884
-2.805996560777237
2.000552525203992
0.5105772018494115
6.653163881578435
-4.756408044134049
3.354567899721883
0.9343728172987088
6.8135362897221
12.269147759816601
13.723686636652655
-0.07663440648723671
-0.28709754972472634
8.053234461548126
-0.7171228020445068
-0.3521617512588263
3.196532234972403
2.974455234615288
