1.8482987714417665
-8.07709304721956
-3.6800120305596256
-3.7566802360543523
-0.09913649749117368
-3.112096971610408
-0.9263396852046394
10.009439164944213
1.0301739307412459
4.555688658832736
-1.8434453859601423
1.2839083163851202
-6.98013659586308
-1.9694243722461668
6.7783120962120424
-6.695073238670775
2.2400822091112196
2.5474474911494216
2.0408914270467706
6.227548257246284
5.160303313179624
-4.525362576272269
1.6075212438288795
10.64923133833789
0.7847855503880714
-1.7761317983128193
10.940396559915072
-6.3769533319579015
7.608560469255498
2.8983404581141885
-2.705170189832609
4.543618821863957
1.0377724265081278
1.8990688998299854
-2.3723183584003933
-0.8884652577121731
-1.6208843329150828
10.985913690857254
-1.6657344372430702
-2.4155518251572263
2.4404400125513623
-7.083487428392224
-3.339712441108348
7.0050331667992864
2.7136435696949373
-1.948592749969278
2.789543850821718
-2.5845971659678018
-0.9756702295676422
3.802377612900786
-3.455096286384301
2.0474663856258646
0.7270119134804578
0.8517984104602274
2.0500787186639733
-2.1671778624946
2.5740936502806946
-5.966537081931081
-1.5843896824582715
-2.4007053067827715
0.6258516763289264
4.99093799341415
8.73958871100036
-1.740370204127669
1.781515044520741
0.2853029090150465
-3.4155471425276316
6.981832036826945
0.903240287525302
-0.47294608840978014
3.4807118599224802
-0.05157272436575101
-1.0828769558284788
1.2179349552945495
1.8675348608080014
2.005846495804053
0.7128522626106443
-0.37744596201860264
-0.40339004555387925
5.5119067311697165
-0.8921661138058881
-0.7695773996592368
-4.1529494750256175
-5.441131959167748
-0.1601661267234511
-2.739726192070866
-2.4069452334331776
0.7569728500964159
-0.5620167797720845
-0.3454540762092433
-1.2515336832975057
-1.9132629126990457
-2.7709938423813085
-0.41878245173892825
10.818972286878846
-0.44745774049650633
-0.1262715206062494
-4.907639610362748
-2.75860154337458
1.4215160437025378
