-2.739519566391145
-0.4778205505728852
0.4240559400406464
1.034566970285115
2.7164978545585816
0.5223055998910292
-0.1986645471959822
2.337715062242016
-3.3708545060570576
-0.8404415611082667
1.3471460203811596
4.93348124622929
-0.7536472329079211
3.044712507427889
7.370616105463153
6.84494868071325
-1.2966772913031226
2.1846036535508437
-0.7210813330173865
4.026001332089535
-4.583411592410206
7.927774925155304
-2.3705390045227257
0.4424929754445003
2.9960259797951685
-2.1099169143246534
-6.240695851342313
5.783866417752979
11.039103862665895
9.881162451880819
-0.1338895970257942
-6.057448406391709
-0.6296523001736383
-1.5371714461682975
-4.067238156098247
1.7880876212466248
-2.5036488448189544
6.696414458371057
5.9797711172595225
5.39594732081901
4.2434482882573334
-2.361130452108695
0.09424210596067235
0.3791583731690523
-1.2691163891384083
-0.8645260762039665
-2.274320763534547
-0.6336957549516228
2.439558616273798
0.7483674572741519
0.9324939982982388
1.4760327332226464
9.21145261154744
-1.421756652737608
-1.9543822486265312
0.9186923747374703
-6.693812064240621
-1.5011594654343379
-6.3068981106032584
-0.8669826007577934
2.934742241234024
0.34893806255302906
4.368446472574053
-4.360918148347792
6.062185106968883
11.394986136826995
-1.1620171126889889
12.468511911352104
7.514152425840404
1.0991497702892432
0.4141038605909788
-7.391585817864023
1.495283797669932
5.239172748373294
-1.8965093967491184
1.1238352241217853
-2.2260120852052547
-1.3976885237825576
-0.9130451556091308
-2.1909290430687127
2.1434260713336353
1.320339533233944
-4.156567304562756
-2.624590362116292
4.863210767019657
-0.12526985178459005
-2.391960753693355
2.1305583652579463
-0.5810248124527247
3.823405338572115
-2.598683723528583
1.0769166693723515
-3.4010034763986914
-0.7044397525192592
0.7336424370828033
2.1278962662218985
0.49147747938146097
-3.4226952118678193
1.0471575546810947
-1.3172987725003318
