-1.9679978685812927
3.633018122643454
4.318402315838719
2.453402726077459
-0.49402721149864426
-4.177210640012163
6.153657887254903
-0.7932637453499696
5.712423960145166
-3.5055682623707276
-2.7393121018082374
2.4129320338452707
3.076822598355731
-3.1882211227498907
1.4011805897643184
-1.1108077652311508
4.96036918388209
-3.7135021324319557
3.9100016525802377
1.8834772192090417
-3.3638902849657972
-2.156972499617615
-2.684881288198889
-1.7343996480496515
2.6631724409540416
-0.11878723492471632
0.7685112794062846
-4.745369805240307
-0.21170081018478054
0.7046500903861855
0.4286548718008347
6.748093428825737
2.8319328415606133
-4.49613225595812
8.82145539270196
-1.1040069818673626
-1.5572764227809608
0.7386412690984809
3.847319284823509
11.070090753621832
4.657827451386251
1.2865815168123713
3.2207473930659214
3.211919432610534
1.15282400442434
1.1237400512191704
-7.868028944768037
-1.2556681533995318
2.2366154921348844
1.4591454965680426
-0.9349109414111729
0.6922814645510665
11.142823039208558
9.222681972208342
5.584512435675749
-0.9839529985503442
0.5651089665726439
-5.3805381398018355
2.4603534201069577
1.409232276619402
-1.7690790020536786
6.698534698399288
1.0277169268343533
1.3710101944622481
-4.209065544092423
4.9363241588478255
0.5375784217495292
5.3528722903898105
1.9194930302546935
6.099963691948979
-0.47513975873520226
2.113779809348838
-1.6595175599740544
-2.4638751587491052
-4.178808420465542
-3.779059193108546
-3.6790363067841976
2.8430316033687824
1.2903362780083256
3.288811507757547
0.3910666411553824
-2.315952905577879
0.48091407613367315
-0.9282828497125657
-0.969275039261877
-4.303736211818734
-2.3405344970099575
5.135501399837535
-3.304159981384224
2.963169597643864
3.56250452547551
1.282988276699522
0.81013196037697
-3.056231877669295
0.5685910568454327
3.9422717019354665
-3.1982701885824785
-2.409425359477918
2.724598468108006
-0.3539480319226675
