-0.8125829259779362
-1.9470409651838874
-3.9479206569161542
2.6879368642724275
-1.7991602182741602
0.3989570892355658
1.1760237731401186
3.119290113712997
3.913466995782499
-2.86307405387253
-5.5192495566229525
1.0753037734167497
5.78144485287199
5.039192266982202
-0.10091974628940295
-0.6713090451259878
5.911935989477926
-2.4687759301425585
-1.302144929603221
-2.1047001871027433
-3.4011864893771846
1.2042919313376876
-4.323651700229253
5.740342482415387
-1.7928561910771728
2.3807237700619925
4.606288245828343
5.649057301329081
3.1103982237670147
-1.6485901146972746
-3.018459366611112
1.4455325025939199
0.650331242775388
5.643667669571987
1.372832925228101
-3.0040221093829733
9.874044687452876
-3.4866919776406906
2.0159753659534116
-3.7563084291433704
6.823711324296473
-2.5381839722070354
1.4559034275848677
5.7557981663938405
-6.7608861115352985
-4.560080761780773
-0.8759397445393178
-4.6951675002809
0.45875985361833693
2.7003275044168884
6.259069897719677
-3.74551166017316
-1.0306151406854367
0.1525955625941049
4.359609961721965
6.0849123345903395
1.7247310956546227
4.709688388993704
-0.1451051591848154
1.335821899928968
2.551488289238655
14.01723439145234
2.970226223181549
0.5404054225518872
2.808277109506876
-0.007077991828245089
-0.6182793230505811
-0.306704105981799
2.9640439311765907
2.5785719638893125
9.103203436954281
0.9873836379083683
-1.4770238209064521
2.985931175837768
-1.2883116631572378
5.232385285918101
0.5610048461089118
-0.5291790560183329
2.728999412187751
3.365193733331571
10.061395475883032
0.5975280564849214
3.9941977681415093
-0.28327482803427784
4.175304184586656
6.84126433481106
2.3786866707706738
0.6944380394662284
4.748257761026792
0.47471986055595194
2.000038886625684
1.454145030339875
-4.2363784302494425
1.0631842301575372
8.419243507807156
-2.1687907839255
1.410732497549113
-3.2968967785725565
1.3583847473435062
2.000120084598792
