-0.2896551676827637
8.254867179164119
2.0594028025098625
-0.6530862353610389
-1.9245616309593374
-4.593796983523592
-0.1390515338010075
0.8802695775225301
-4.560155459124335
0.4792395243641665
-1.9736217137945373
6.10663534210194
-0.8840939036538564
4.8840619103592715
-0.9789690780928035
7.448606055334828
-0.8327779284880772
-2.418577815562122
0.4806506024478685
8.341305840957284
-2.2395634061984557
0.9627228742399068
3.0931593231098526
1.424420104411836
1.1325028269090687
9.10933884271022
-5.775186618728991
-1.6502870602404536
3.038365184708832
6.35245696336277
0.5050485004646065
-1.848160183154976
0.1492572674148246
-0.41723557473342326
-4.744416390152173
-0.13027977899261
0.1275722146042232
-0.6738789663971934
4.990960447738189
0.6546743964763115
0.6420002766567217
-1.5707199175876823
-3.5589528378211943
0.35198025583394854
-4.533704246619729
-1.532287733860357
-1.53807572372446
-2.7726577405804145
1.5129760266394692
-1.450860657205117
0.9988535032894386
0.08334004876833498
1.2837633999216407
1.434955956602808
-1.975363898885793
7.890809769244224
1.010223983973615
3.6844076347356656
0.838845591099372
-1.6869384290601661
-2.3047113910999
-1.3848222095554492
1.882959332658832
-1.1419912553469744
0.7168382724719001
0.30200576757896674
3.5221550799203802
4.491623800848937
2.8957693496978076
4.076119121741045
-3.510866619181365
2.5926163592862808
-2.2857061251022643
10.735111728729164
-5.1836462440927455
4.182124351747886
-2.19126397975974
-2.346080794345834
0.3716799143356353
7.674657025913419
6.752841726019492
-2.036755069200551
-1.1743383862506889
0.5896356249826862
-3.8629977056551694
1.5748132159121355
-2.6342566023944283
-3.5778155774283906
3.2777097165422706
1.1839788300461442
3.10727506508049
10.717525563759676
0.21263394950147513
6.564063397330821
-2.3814372696564257
1.1352200265784291
0.034869918856805786
5.863746123353922
1.0691657057233175
-2.1411272723108525
