3.08919674432422
-3.4049127062598163
2.281407766775289
1.4204464032119868
-5.679397734153175
6.0863630115803815
-1.4783664020369265
5.352126593196102
1.7759415098679765
-1.5441479264833813
-4.320151849453995
5.74580398523392
-5.369680290164749
-0.35252205391271974
-1.690473725165532
0.046267782396952596
-1.7746957180258045
0.28058296162782337
2.2229366363942544
2.8774778124494116
-0.657405751948787
-0.38561675622362523
-2.9080628409903593
-3.84942661259529
2.1843665383053374
-3.758576255203241
-0.8620847522528465
16.30621612044394
0.3079822689180891
0.7541592234821335
6.602036636043955
5.20143769820355
8.433619539307278
2.220707911341633
-1.736591971403819
3.4422820775776297
-1.9166451340496446
-4.094609790522638
0.9934405106713788
8.608674489268354
-2.7469240419896184
0.9720581343629859
2.030021469880894
-1.0962664356251102
5.399592301598753
-4.667705592701169
5.007715517563881
4.762222806226714
1.0990523709080942
6.067793013962245
0.7541994379813137
-1.4986614418518562
3.056962398037567
-2.2723084216185825
-1.485118485546509
-3.0530256516933534
2.4212410563560947
0.35212590921624054
1.3863794679388581
-2.5773736242245846
-1.6881751034425436
7.137945973051628
2.7085931758109805
-4.038418145788775
4.43900448121182
-0.08202394053663506
6.341187293429707
1.08341559808337
-2.7037251429307467
-4.978841410413834
-0.9667943043801863
1.9832853680095477
-2.019584296798039
0.16712662639524195
5.74609156810609
0.372790389294266
0.41953333920191843
-3.3685884451598493
-1.3863690104809194
6.13382605418181
2.256738751541846
1.8881358520842015
-0.328631418338528
1.5219668490842124
-3.4218878864579114
0.25465043538528986
4.449596496405878
8.191202611705737
2.2088671065336585
-0.4753240701377216
4.464760939216881
0.030599165279631767
0.9313636250375129
0.8253366941462421
1.1443076241172305
1.0712313908681972
-2.7335491462321153
-0.3293051288713187
2.378663791217155
2.4134378214733068
