-0.3372289433338097
2.370860518170175
-1.416645626472949
3.0781026059765786
4.24997665323003
-3.364263211212724
3.6721867706085902
4.868014571073193
0.7191996638441918
0.07486148533085724
-1.2365611409215542
-1.4682878785005742
-3.8472861218071777
10.365393048067947
-1.7153135296021795
5.076844906166595
-1.0305529875743384
0.05561805843228319
1.8536421296944667
-0.6663218286599133
-4.651864051834933
-2.071690083892752
3.2272991410244165
-2.5746672494455423
8.292046769933625
8.014989182483589
-0.9518523532466749
-2.510176598540182
11.839745741931829
-3.179519347379034
2.609477689128563
2.569681713395349
1.8073152488799233
-5.878440925594416
-1.9376451110045176
2.0007240365466123
6.557166059857425
0.9688892224308844
1.1404245369981192
5.367100201327705
0.2129336478749929
4.098279391029283
-3.392953887501248
0.9461941848314268
1.0199891183769714
-2.6065771535143503
8.953511130412668
2.582155955841961
1.5689044443309146
-2.514578644983505
-6.26042352603484
-1.0109938071615745
0.29823920442612434
-1.403237104136014
-2.0641307563074975
-2.941189063279738
16.07238542132088
-2.3978564134344933
-1.2476948179667962
3.22107258551371
3.466794284896346
0.9914699202661693
2.342153057138061
0.8610536589140901
-0.23223118074333837
-1.2109205067609219
1.1586457742736413
-2.873425648903791
-1.7957001740310088
-4.483610815420315
-0.9307899157567572
-0.6175740119040984
4.39355943690331
0.6441898055113042
11.712025432569055
-2.888917354880552
-5.646885566511738
7.410551462946695
3.1671678600667406
-0.8975341768867797
-1.3182591602237776
0.6657381609658549
1.916204410252706
10.117364966442361
-1.288845472080507
0.29998918662639557
-0.20409780586430654
-0.4417379760403555
-0.6584713951782684
1.0470163545444482
-2.411412313813969
0.6066128229176835
3.9596346186279447
-3.353849112252157
2.9624307665793705
4.438433768569753
-0.8635970043944049
8.576346664583228
1.8670950221813891
-2.434620123542527
