-2.2093829748242806
-0.08834625553821174
-5.714744992679023
-1.5805425795462353
-2.801573679475489
-0.028580743380775674
-0.7842898377559462
-1.689635383247607
2.457938567465767
2.016587637198862
-3.536112131319894
-1.760567535730051
2.5645037050665165
0.17572281285713504
-0.9858961123868817
-2.5398391107605054
1.5021967513272636
-3.1818297303436935
3.5545839683789135
4.539018582269229
0.15263765185486317
2.1640164296183215
-1.4780792463143975
10.445595345566899
-0.08673842277589217
1.3816199784070902
-0.12817417027404482
4.975122133848529
-5.796379847471872
-1.2055286182915543
13.210675440952286
-6.871941934121288
3.49613458123343
3.8044792190296155
-0.24056735178221877
1.828220636779415
-2.0143948624241443
-0.13450403282460435
5.171453073627145
1.537562114995557
-1.7507497824214733
7.932754941819926
0.8560723307967093
0.10569719095024754
-0.8592479319680353
0.2584814627104701
-3.531619651183778
0.23340287773522297
1.0351304429031054
4.672471626911212
1.243055429539967
8.429295992906008
-0.4973887862861587
-0.597860162929508
-0.1149824820500932
1.425654425630853
1.0787993074965863
-3.3658657030308476
11.793793292704445
-0.098706357293633
3.163608747371886
1.5659119162444495
-2.1597173086833967
-0.6017133293937753
0.7075061571195116
-2.4547074251570002
-2.9541677746283233
-0.13261165780576256
-0.8664821406420351
-4.377406254705772
3.3259605057238115
-4.410428722722425
-1.8585457267451215
-0.540251583425354
3.047171001543717
5.2715309629649685
7.227826515524185
-2.9827141865554236
3.2051787016539417
-0.5863714830585692
5.107371932697303
10.336792639868891
-1.7678244370727154
3.46011045048878
0.49060236206581237
10.529713984535476
2.05325843139397
-2.8684202280299793
5.6681027789787155
4.304402956129702
-2.170882606711714
-2.432839167611927
-1.432163694475511
1.311238893157968
0.9738342598562597
3.6395527759963198
0.29005145266954147
-0.5092478694587079
-2.105254974969659
7.182016902484396
