2.5562648818370937
-1.425939145564254
-1.3850080969876761
3.4378457594434435
-0.2620749638754715
-0.47986693505877476
3.5073800947667966
2.1052029376679204
8.999926254674941
0.4656162656070112
1.8584789796952257
9.712170291393377
-0.7987728133601812
-1.0835094006782482
0.5277553937167863
9.07201857403003
9.052063708417114
0.22963337019107866
2.774396782863927
9.150299615699309
-4.251232821291154
-1.4572461075712333
-1.3906710457602598
1.3589480691336904
1.7696838277507014
-2.4936627014295354
-4.735909238550479
-1.8989381402586316
5.416570186909469
2.0474447498278545
-1.1298962743594125
-1.4046979695549955
-0.29310872365036755
-2.9936814481051215
4.169788301286356
0.6848605850405114
-0.6993160704748321
2.7301914418432354
1.3595675077683933
-2.2266238986977838
-6.912515367060806
2.8221936991279306
0.9109570593007095
-0.20312897450260436
3.645710364710604
1.9769208156574212
-4.222642415106516
2.384097680182132
1.2631606184206616
4.822695124484813
-2.6270294136805523
2.930059524147188
-2.3643283110161497
5.1896021642558345
6.228952979165337
2.5114925572634474
0.3844523473752367
6.471089230385241
-0.7113359871510094
0.36101198466331397
0.8265605128819858
-5.455736755112144
-1.506288196058527
6.65205463868249
-2.3442440083414073
-0.3351267884456467
-0.43698224406609976
-1.1297710831612902
-5.864934477757279
-1.050319870956488
2.389962647578785
-3.183318675536291
-6.665649022001166
-5.617573147306152
-6.115274082788487
0.8849876332554456
-0.7403833881033905
-0.7059309038283567
0.36784426545684307
1.3447255805315865
-0.8209112995443933
-0.2365314511549403
5.359010027590973
8.718343155594287
-3.5461656300281605
0.4061135338090831
-2.8394094689044813
-1.269029363408186
5.656319526241507
7.507831052878633
-2.2092381606492917
0.3008585238418101
11.33945470983441
-6.478833636938648
-1.2787713010200612
2.329521721869459
-4.1733593217482525
1.3118769743421481
5.09280785046816
-5.595289611275982
