2.9372674218434773
-3.0097467414084527
0.7175530426210708
4.488016747015326
11.314835638201384
14.992157915595632
4.786753670860917
-5.557496904366311
-2.469436233805619
-1.8273532164092137
0.9027003498605346
4.745671887502833
7.396702589124197
5.522565910905847
0.6704654452884061
-5.818375156283752
-1.1469197531911335
3.1662005472721084
-1.0576145387901645
0.9631362975274358
-1.54032423778503
-0.6975619511053774
-7.095333359171658
-3.1872386742068706
3.1646109616439944
-5.762687076794881
1.0677766388032424
-0.5821409015155834
-0.5311890131720525
2.36270705677965
-1.142291812181192
-4.012811143843024
6.547951149312889
-1.572187250043072
-2.3154248473348074
2.252344980469166
-2.0657928464267994
-1.6394771424890608
2.116654339644173
-2.2145040288647175
2.4846039372249864
0.6903136469679069
0.04050492078154493
4.956810823887457
10.462885265413023
7.638892161003911
2.3028590387201775
0.727254191618023
0.11067002695254446
7.475436003694033
2.660053025639611
1.3432358650443854
-4.452723104882517
0.099889342586079
0.30236303913573587
-3.8118280182284527
0.6047591001788326
1.7028074181901496
-3.985938266187236
-0.30075543832081497
2.4808019971406376
4.102562659631094
-3.5113834188363464
-0.6408300052058626
2.279654803336453
-5.653937504078782
-3.616682930282685
5.20586426050159
-4.791239746887401
2.932250325660947
0.9905387050714304
-0.8486954588140467
-5.588351677490192
1.6721595734601973
-1.5477895359888714
-0.7986133350134321
2.112894241123153
3.8765944093996887
-4.941437388784774
4.343976188106518
2.914989087749445
-2.965290943013383
4.232865478632034
-1.3867457427665286
-1.9676975167868154
0.8053133475497423
-0.9014556760662913
2.3223184260092635
4.143231129361303
0.6777397975137989
-0.02698901171852046
-4.1015481946686245
0.8075847688133193
4.561456819630608
4.854337393180803
-4.973315017318534
-2.1175837015075274
2.7150168035409736
-2.196512350422692
-1.5214130534904915
