2.8407182437605925
0.47356549479102683
0.21874572633831135
2.359551618152599
0.7799751792070141
-1.7701336627789517
1.295241654255801
0.27551492785748494
8.86656305001848
2.7688117712413165
0.2023645419909227
-0.5108201464259807
-2.393895458627351
-5.976341876810676
0.9709779012910262
-0.7036865947900405
4.521667765597126
1.1573025280040934
2.339407474096342
-3.0480241895304574
-1.466176087284416
4.12146767991713
-0.8933436015249288
9.935537635395058
-1.4231470396608181
0.24468823904075432
-5.389121963835091
1.169119119269849
1.2309132312331181
0.4298217675818235
-2.850482873370919
-1.7818346304717625
1.7125458748519937
4.167150723205692
6.687320890918064
2.169453606583058
-0.5474782215985236
7.674532236598837
1.0159687349112738
0.8211984766402698
1.7846804470107864
-3.3227403505903963
-4.021668491817086
-0.622131329577956
-3.8585930646579616
1.2159342510017503
-2.3455650189272723
-0.517519500854184
-7.050504413997439
6.162109850560263
1.344439435786835
-4.0538985780093455
-6.990705738755908
-5.584282639544512
2.0545775945135833
3.9942728818796605
1.5791683019717087
0.605708094229823
-1.7389527964261926
-3.7032141312855744
-2.022689113144612
-3.9720022873924297
0.01524252230174786
2.285450577238265
1.9108032966440387
2.1196649285764146
-6.068366541627424
0.0158859170670567
1.5091895312855415
0.32763648631919784
3.214386093012161
-0.10557932284363587
-1.8025212994874482
6.377207575878497
2.8024736094012193
-4.240445805249477
1.941929356056078
4.133593825057263
-2.2282042370617243
1.5055835302911578
-0.7835552250232902
6.151775843938457
2.912255935288025
1.1951498418979885
-0.9215448481776265
-1.0762457463282553
16.65905587419017
12.519499967273429
3.292823168219776
1.7300827980372717
10.656264435943273
-6.245846320232376
-2.3528861372913
0.6857316166342918
2.637550320357565
-0.2930244501197117
1.7631600599637307
6.688503800331102
3.676649010134137
0.9536095934524966
