-2.6747351628266447
2.3390214440451214
-4.969054808451826
-3.3026765594084004
1.5861785780380169
4.582223110241995
-0.9725746899998984
3.8413083016865914
4.706979964305538
4.237379241246587
-3.1129972847368776
0.5389952312429085
3.876934334689353
-6.965608382321512
6.268045126607614
2.3511203772707923
1.0693282906978716
4.569562438092512
0.18092002036692698
-0.7925253017871531
-1.4875652114058941
-1.3078750503806102
-1.1425250507520457
3.531981890480669
4.440199583585722
0.6184740748396804
0.007479755327430657
-1.8968976564809867
-2.46334964013466
1.8629978554407356
1.1316247127175152
-0.1324150547106553
3.2275250500144113
-5.8234534705114145
11.151561506982032
-3.119042634558244
3.0105102028829474
5.379514302736606
3.7939823930689505
-0.954208897027374
-1.988752620880174
-2.7243014688771976
9.532247363528368
3.552783793950015
9.652154801048138
4.368870297514361
2.1724504902792776
2.0616213543938997
-4.330004539898695
6.3593394365342935
6.5242699521157235
7.641093361182523
2.082929945584464
-6.054161487426823
3.5857230087555463
2.2194749523995836
-0.9409517633163265
-1.163976319908351
-0.5655378007960833
-3.695996079719784
-5.206413398817123
-1.5847289156164146
1.023638873079566
3.368707586253776
0.5452115231104546
-1.406862458954762
9.9200078456267
-3.730620241920474
7.12858576806423
2.5197519499346086
1.0860538316685613
-0.7447963527406523
6.341082316469025
-0.42577498238379186
2.6786124430944085
-2.83639233548755
1.5714318857794471
2.3388806772991897
11.826968289743906
-1.0281070484608987
-0.4362432096393999
-1.62089997008685
3.2568161265671662
1.687611808223957
-0.5511662061426574
-1.6827048658704529
0.057663175903364436
-0.9677662115887461
0.12710560307895707
2.486340458872277
-3.0325099959480477
-3.6114127621159247
2.6188022145636483
4.491049005791388
0.260735694668229
6.103887506066545
12.339748926011886
-2.7757122428249703
3.287686353681016
3.1536124183375094
