-0.5051088246221501
-1.9262613778114668
2.808549968047667
6.334056752428609
5.779321323026037
-1.3416130131051651
1.2735756627557582
10.052077945191916
-0.3925240682344512
0.8495574052427617
-2.6273541567014287
0.7963128573634068
-0.5314718362711076
1.3473635817165897
0.8345906942811587
1.949336349818196
-0.661304119142783
-0.26014627029131665
-3.3226330115039184
1.5015218407991984
-1.3587811024560166
10.770856438889647
-2.7587648657792094
-1.84534888761871
4.785171411703365
9.766251173828012
2.6906239484809165
-3.828815959698046
-2.750256741669305
-1.6717153899478423
-0.6344296378543977
1.433318044889574
-1.4654606001253183
-4.267241705008776
6.188495347114382
2.882144239776767
4.85563553490463
4.516829686664751
-2.8068224063398004
-3.816062857893246
-2.891106545748449
7.684639022107362
2.5641847509608033
5.27118129933487
13.560441636947365
2.25199917001433
-0.9418700713819794
0.5292552448588409
9.730669160721344
2.574793476684372
-0.2282719135771144
6.155612790071441
-0.49920490622413805
-2.624760486589813
4.896746984792483
7.034961832844182
-1.6566021783059965
-1.980438696424335
-7.559801314624195
5.2595353166216094
-2.074615039720733
0.15309934393692623
-5.5866266959870305
-0.1901101289241075
-1.732295494415217
13.80674672067862
-1.137522446677587
-7.970497660820003
-5.994645807585664
1.8397231313885047
3.340439033342666
-7.3821138523749905
10.822852583958083
-1.4471325840098506
11.33945399103192
-4.5374186879786915
-4.515685394022118
5.386459140721016
0.22488271151963768
-1.2354148327274743
-0.8602132413009826
-1.7567119885950098
3.0388823336735413
5.652201970683532
-5.93301202999115
-6.514741720170853
5.3449739592076035
-2.6701321682995136
-1.9922335039832741
0.7014761656722621
0.2884036913356485
-5.455482938538303
-0.6136874524465983
-1.9895756878284654
1.3440968854053468
5.314976177422743
2.335185077909181
0.7778496482190279
11.051681390208842
0.8661816475900992
