2.8316785215182567
9.110367625347996
-3.9992207894361824
-2.6565964658494456
-1.854140009681634
-0.08672831731392874
2.8954291347877836
4.951804557242783
1.356322596627476
-0.7881514251729793
-0.32495062625878446
5.08143045444373
8.43290085589857
1.4645541906591086
-1.131630887301987
-3.9164161451315134
8.00025702976094
0.846202055471728
-3.829104243419313
-6.343204482317084
-4.6569560012278615
6.035735293133673
0.1713608220606162
1.761171533885449
-2.029351882700463
-0.39265915289458597
0.9874164690238468
-0.026721317953383228
2.0743492442978075
0.7803826822277646
1.9874722216981622
13.848592047937629
-0.373838924264589
-4.128099778686174
-2.2326298380249816
-3.5473331955508867
2.344274730941848
7.982026165706223
-1.7809237316069089
2.712746475023522
1.23278813155956
4.288801908192561
0.9008575471747207
9.084039079826704
2.7437325793079257
-2.6569750043735745
1.6420945480659777
-4.767049942743864
2.758752822663197
-3.2441107032140986
2.577274781905998
-8.861477190552488
8.180442925254166
-1.3145027681607067
1.3277058439317615
-4.623265921460787
8.741234572235221
-1.4307854436943093
2.478797994817783
-2.5788467547187652
0.2946795452695993
2.5480472884665653
-2.237808629001744
2.005096213133996
-1.7279937398173153
-1.1892955097775548
8.908599448409108
4.732959637219267
-2.0534512825404567
8.03527028960125
-0.9317053355650121
-1.7071061401686207
-1.7958218544300206
2.2640215726460884
0.3198358268107163
-0.1024365517046538
5.398145586936682
10.221054622136412
-2.321498337270944
-0.6055662403967693
4.676002698270419
2.454362801258504
3.757301032058674
-2.8267737421196983
-1.5746423469418684
1.4848966656020934
1.7650585293687673
-1.6995045118626293
1.2954116815108632
1.4183037324732573
0.7113363130675072
-2.5597683016787443
0.6511350977225654
-2.2249951488823165
4.688772894734093
0.9800721637312173
-4.755130453506374
2.5179002684967324
-0.11196299384032474
1.2717833263250329
