0.6681471372760805
2.191837908001065
3.7881307700473634
-2.860023639532167
0.780814560790938
-3.800261537718243
1.3865337049908364
6.57960696195369
-6.071328095708004
1.8519360942860712
-2.364281581905656
-1.2171454094778746
-4.202467969455426
-0.33551194375206944
4.392488897772223
0.34666415561198727
6.771111103194272
-1.873951787436818
0.18646829728702516
-0.33600620207935833
8.714559224164718
-1.255929714961437
4.51377024398306
5.523733725414963
0.5332407089665107
5.057905050129789
-4.8490635198430825
-2.9855293214104965
1.4034130496321064
-1.3791593672239881
2.283778484330446
0.866740501139748
3.348391477613637
-2.6438091425584824
-2.0075794205280104
1.7575755691358705
10.423879990626558
4.556268439326745
1.1099309609890073
2.2639874211344795
6.065498739884127
-3.064930672178561
-1.439807130791181
6.471607940544137
1.3064921640035974
-3.8389000191938116
-0.21177963388875862
-0.8926978963762121
2.885108766688155
3.1341655749259143
-6.710430950917124
2.3945086299825697
-3.1562509855791223
2.717440172679282
-6.756592533310464
-0.09591710228101893
4.909606063930328
0.017130949541286897
-3.491702282997725
-0.7417714480857924
-1.2674795855070964
0.17637504872193213
2.2013269597354386
-1.4379522536542768
-4.588413052533289
4.111871726936924
0.927394362247393
0.7420865476380624
-0.47521452543634757
8.583788145951063
-0.6083968206984771
-3.0177231209219606
2.2497821846402113
0.47271794889873936
0.42705928384042185
4.103067302927268
6.703581967457263
-1.0303202871517385
3.1272476533724474
-1.2505446534246198
-3.3340270954907623
-0.5044537510157513
0.9811921388494804
0.8844369199066449
0.8659214785117773
-1.4867051229882935
-7.170198249633103
1.8057540663141558
-6.041793944330861
0.1502602567525088
-2.880192119581524
-2.996334305045152
1.465650174754272
3.187677954697784
1.3766070873211302
-0.0031604890225698295
-0.848619058361068
5.889858884694808
1.6513742697544136
7.4709727361481555
