-3.0680169237466233
4.734968721996025
-1.318645826689554
3.0275075377966876
-2.267859795373296
6.690154695648541
1.2832035341090897
0.16068667710881626
0.19786724936669825
0.9136993676601266
-0.5266542214112162
-3.2164214859490388
0.6787300069681124
0.5885890299559972
0.7994900114388968
3.1484055546341274
1.6866444337808522
-1.0380006314287082
1.9798463043225691
-1.5716347299852949
-0.7420188013148143
3.373682421183587
2.829614863480259
0.9646959751697642
-2.064809873420893
1.603050538214275
-0.06290873040446636
5.267916594758185
10.770584751596866
3.5069184482423443
0.866906815987988
-2.041637464234501
1.144648400028176
-1.7074853330622968
5.861365848967744
14.742549394152396
2.2621456122274375
-0.15836602310946618
6.366306680474002
2.117149577047207
6.391737363975083
4.1794066892463535
4.484246913353497
2.6326600941436755
1.4771291450686996
-1.2351922566989537
-3.5370742800820185
3.273557875232521
4.017680428898001
-0.4593467134836089
0.8644342783329373
-0.4424074322750573
9.894148837758307
2.5100109071585655
4.4929323667699474
-0.9047733878157127
3.3551496455773706
4.315663876441645
0.3490840080580735
-0.594521941176906
1.4046633798261077
-1.4115796636435238
-0.7292485533902433
1.0519499398129968
2.292758688364467
1.5914181267009124
4.390357102140749
1.149760510112233
-1.066461527784688
1.4703590291992383
1.9336670555420523
-4.740936135214737
-2.9783979667982283
3.5312842806179714
3.3783901616317946
4.13962099592782
-2.283174093440236
0.12820727024445824
-1.9263959292002357
-1.503059058875488
0.01832903399306823
5.7786895717572495
0.046882312352593866
1.0432791527814373
0.8928644805891008
-1.7225331750004396
7.942976339764025
2.9828237263786015
2.7191265704169245
1.4426735932446344
-4.008974117124372
5.61785858346952
-3.6898743830073624
0.19545678976210623
0.033908650175179966
0.22170528192245037
1.7251332585925425
-4.465842651476066
-4.291479912273761
-3.3379314303513175
