1.4276824295508288
0.2766724852832321
0.594123635970081
-0.815176604506618
-4.532756183712175
1.6180742087587336
3.5939552585150003
2.793027081495406
0.027659276394931945
-0.27519915327659655
5.646819537830636
5.300541009279038
3.928708059743011
-2.5612290562460682
8.737813679906893
12.653121280009085
-5.056452986515106
5.349943839165058
-0.12907141809203404
-1.8509985223853311
1.3819539146292437
0.9576469345393741
-1.3661720677816886
-0.19943417561736385
3.8960752042687705
0.24412453137419834
2.518346228454302
7.6977187545843915
0.4457902248736054
-3.054639259815218
-0.5876428025196503
4.428162069586825
3.5030893015777194
0.167414917546722
2.1939784875166497
4.196479222578666
1.5469651829581013
-1.449184844241829
-3.669558228423777
0.14708831874514683
-3.0261817468117216
3.504083531396621
1.6204670072556273
-0.06865291766679171
3.1237957055427747
3.4245118554503735
1.3545841656063489
3.8868597639288875
-0.15880059390962087
-3.836076791368469
-2.3586415591447203
-0.4395765918315193
5.026210437601252
-4.975627158503317
2.555531633525603
-0.34139681994391574
3.807223097180663
-1.3754994138522343
0.027636284675832005
1.704476846491967
1.38141286043796
-1.9929257299050853
4.298077130087118
-2.543425582449979
4.726447255233591
2.478174758349234
-1.8565936174791626
13.753667924492248
2.9033757929198964
2.9993936357272255
-3.431157127405612
2.8766655993806323
2.5133094897696693
-2.0530089941653946
2.2178226084418
3.546231209007253
5.238828712370454
-0.5044716766734306
1.3647208279094483
-3.211166761036342
7.057117505564883
11.21190163804852
-5.426383176624647
2.571949368722852
-0.3261009136154764
7.6803574243892445
-0.5939269642546003
1.3844253040335293
-1.157846748893951
-0.017345551913982966
5.215903466634014
-2.844403435170792
-1.510855993664859
-2.206455674453462
1.8814988761386902
-0.7674876514204607
6.22424290162936
-3.1927249882204833
-5.608501640149445
1.731232592900136
