-7.351244115520099
-2.621558134832138
0.2972676212783285
4.921619087860849
-2.2567580335580235
1.6436061362550702
-1.3793823497852968
13.720791052002753
0.5812399678861967
-3.808680065247576
9.874537529873466
0.7752194533012287
11.115839720632035
6.568366260700877
-0.5976672674569173
-0.2824791826854541
-0.6968598144322238
2.0128880598776266
7.950326972891802
-3.6271720824401052
5.642413115214589
-2.070970855977785
3.7610457786975595
4.0063179702695955
-5.4698668759479885
1.1686092538178343
-0.2718215297567619
-5.439096321388235
-2.054585820162573
8.420273107194456
1.316044582790417
-3.6874045236332362
3.4138967479853157
-1.7135186697981326
5.523769708505223
-0.9989661525183048
3.636106413995278
6.263145595150036
2.2414081044438747
-1.0279335498297775
5.291768113662269
-2.7397619948891094
3.949105543989518
1.2299064363075969
3.54452849159413
-3.970219346242557
-2.74478017994378
-2.2453420946372242
-0.08288043676780388
11.391512021377038
-4.514404310362696
3.220591288720705
0.878308366248679
-3.035582935683544
4.679732021361003
-5.031847477259591
-2.884877402006267
-3.56257654592711
-1.102859649775719
0.2553418871530195
3.849124158587062
10.578476447024038
6.365207787777982
2.66292273082192
0.6937288919606095
-0.8807487504413931
-0.6794345557541005
-1.5337615603072172
2.1137635345815604
1.4304973591911057
7.097312745335662
-3.653665849866492
1.9852698203339156
6.226775868908609
-5.138333681799158
-3.416478886124052
1.1774367381070658
-6.484153361179977
0.684205793860282
3.7772075993097607
-2.3888798719049613
9.842888337322739
-0.30419554797251325
5.5044101595034745
-3.7268185729995977
-5.549971305617229
-5.349893309895055
-0.6496801785945983
0.62659594130463
10.062602054307154
2.082710623340074
7.152560082277401
3.956225147566402
2.636127035916254
4.011884335336229
0.12769336913644752
1.4391961763908623
-0.6372384869689506
0.1373188235982875
-4.993246854401445
