0.5354877385234964
-6.148346206110391
-3.446302148779031
0.2935474768642909
-1.7914137126901482
-1.6425906483999806
2.15261763955551
6.739313656449757
-3.7497692436364374
0.4193102135777069
3.5964534756120425
3.5950433001490403
4.867836260242516
3.5619242728928446
-1.4438724025431011
-2.356248752765471
2.825371311623002
6.216559633595458
-0.06217147733172476
5.446980779428566
-4.0055219723598325
0.282681355805901
-1.6375664411786879
-1.8436753651919795
-1.0366493756514874
0.3949117949605629
-3.4097556309589434
-1.7585349908465076
14.217119646317045
2.615951651499352
1.9871912873797797
9.16875911236373
0.41027005884227885
-0.3159102417914234
1.396559092816318
3.0978750755216105
6.5920157514620765
0.14322595688491982
-1.32698556297016
-0.3727260933200881
-3.209427214974294
4.343421326191197
1.2638767993392335
4.052761873725525
9.476779486026805
1.7716964188435154
0.909452986578875
-0.6876235298385676
-1.150831286129085
0.20147530078098896
0.637848542162902
6.043481436489193
12.473757842349881
-3.441872037527527
5.636772660523028
4.437319193208214
-2.037172833906013
-1.5738597142608652
3.56275695845167
-3.6582910263175683
1.5401970603759385
0.3685674235381292
3.6333810867949623
-2.6610071083868765
11.121343258628919
5.91036664373821
3.0687398695310515
5.798134352533456
6.904154676933834
4.688105101043058
-3.718095075509598
1.2471668011820933
-1.6753780792772641
-1.313607198891335
4.031801000073691
2.7403456005096123
1.123015755335989
-2.073554074201489
-0.7656487365736228
2.927391579032917
7.454581056564196
1.6499043379321863
-1.7452951063139412
1.9230235009836325
2.426733424991569
-4.670629833784034
-0.9531325099251852
-1.1148059871880296
-1.2843304169972285
-3.28330271995063
0.5757546695959737
3.1253909098893686
6.7510416367614585
0.04352590355808221
3.9453086791188023
2.3483125607747386
-2.961440780431454
-4.229097148721519
12.297326878488052
8.360349062587517
