2.346697929192457
-0.48964992279880476
1.5700024430282407
1.7954828086419732
-2.154820042081008
1.6652270051306821
4.068233630398675
-0.9045686506155848
-4.633942548454096
1.2018377385178127
0.6894298947159773
3.012651376882023
4.949972334441216
3.858203996937932
2.304320466658875
-2.3957400311943298
-0.9147568938188826
2.0643139818271856
-2.530144349569166
-4.206624075904827
-0.21696514387001284
1.4263963011597978
5.297726897971501
0.8403907286379783
1.505919706933708
-4.2333420843768845
-0.11508519183203426
-1.6993625247675108
-0.4353455240838455
-2.83045585950625
2.8981561548902657
-2.2302218659668926
7.676639716243077
10.503009410775837
9.642566159381575
4.440979432441321
-2.079201028464204
3.846730986648088
-3.4376786747830925
1.1070028198268522
0.015019710267224836
10.718358991590968
-2.3780854139822956
-1.7414651820738751
3.2437291347832278
-0.46964410191252404
4.469504345069443
-4.633454781029156
-1.1993821206814133
-1.217168656147368
5.206152303766692
-1.8532606474286488
-3.35507203390959
-2.3966341636487547
-1.8909785808305422
-4.324214322727464
-0.9732544249763966
1.5107100874130341
3.0270635227079623
0.6005723086319549
2.7356175339645543
3.6882401254273276
-4.736337757197058
-1.1989327122204576
4.795096539789082
5.3899932127735575
-2.645402389034511
3.655117959225488
-1.6836430119481716
1.0984628556657645
-8.884609905642014
1.6530713588411854
-1.239166227149016
2.9531949833179922
-4.490047759927589
2.587929274876524
1.3506038242139908
-0.8200256456331794
-0.4705260723648497
-1.8199806415108553
7.842033567242844
-2.95466969549477
-8.150297996553663
3.6216857712200965
4.6560244288861945
7.443180063383499
-0.7308313677459863
0.3135045047469642
2.323592146153935
7.59090081210682
4.5312170005859205
0.21641716177533457
-1.2329838894337979
1.8567883873202842
-2.6643877091508656
2.7117313801311567
6.0443720820007965
11.450188061942095
8.274724773221077
5.0028485568711725
