-2.1647132112041465
9.071426519026236
7.146368636558156
6.021391562658227
3.8455019984817316
1.7503637986030323
-1.733009667183127
4.2966582189478215
-0.2420896077348746
-1.779186901734479
7.3150031499611465
-0.7026940673552273
1.7008424425351183
1.4230535580264643
-4.152442345999219
-2.0515877410090746
-2.609362104332131
-7.4718804499426374
4.115614987167236
1.5805370509936623
4.330808455052986
10.119005561288574
0.9615331608196033
4.299413346052818
0.4386147391495593
-1.505421378257467
-3.109602495954922
8.001455501183573
-4.400336830491634
-2.1531835488425646
-3.6961339546989516
5.683613238551016
4.195388668501489
-1.313630469947498
0.29214337894085796
4.168994534287437
-6.382452451577804
1.5610101817714277
-6.669577622871315
-0.8940474550458142
-0.8374420886118945
-1.1385171661601228
2.3847180333550586
-2.7719556738580233
6.6052988415525435
7.769641095343076
7.651963298544458
2.6476586739170775
-1.8896966611001669
-0.3791728307660326
-1.2086068382396684
4.608161412310421
2.94343583943145
5.876037603551455
-1.70196215844614
-2.332252062340672
10.227346392545218
-1.307583491565704
1.784155128910989
-2.899794476109781
1.265875486020134
-0.5143926892184729
2.00220575723727
-0.16894558940071916
1.6298337673199506
-4.565220744402861
0.8314506270105735
-0.7922373672456595
0.3669507006336612
-3.525939647813802
-2.887296411843458
0.05590153194853726
0.9940639425184808
-3.109067411715614
2.9216412834142775
-2.3240237923161136
-2.264194360083498
1.9620855269507658
5.874012479932503
1.238372644577303
-4.234055907223486
11.493299052246913
8.488763997374111
2.005630684417977
7.697346861304771
1.0481473095451483
2.5510550192647266
2.427177503928094
0.3006830056801556
8.05026892723942
-6.040409361012037
-5.773076399563443
4.1980163506110495
-0.6789005318048726
2.413908001951649
-3.538206892286592
-0.2238004758592777
-1.725609227795755
0.2647864510004118
3.381180855959828
