-0.2597779933918021
13.47687819094702
1.6578938045618692
4.588020674364703
0.14024785045316382
-5.473833995741526
10.356425658414258
-1.510356474244193
6.45253271069828
-2.0511189683359934
-2.0292346838435353
2.6479296437096473
1.14842946308038
-1.1809299966695779
0.1037000791192381
4.508187845921897
-0.8396425883268779
10.170278554898776
-0.22642712876507254
-3.6197371534335483
1.2108075167014911
0.6435582246912834
-0.11097977452021737
6.961336114941607
-5.37860887083989
0.20959210278326493
1.6473620392939248
-0.24541388723172997
-1.2390561971485523
1.5283249089162543
6.0760117123853945
-7.377296380515142
0.06981464455299558
0.47390362870493496
-1.9228686513139666
2.9892111896736924
16.06588462450719
0.3138144103726926
1.0960095944296817
2.6878839413579017
3.119005156604474
0.687810528506678
1.2255616373779934
3.4053633950041022
-0.8521427039057327
-2.972880584177959
-5.298456978840356
5.810498526624238
2.67271625723126
7.3039430529674165
-0.043422831093718126
-0.21734129231649985
1.602279682527997
-0.8644702808678191
2.9658387714527445
-6.2540070966480705
2.099861154184317
-5.3157366803990875
3.3649529638614597
2.2038983992394225
-1.0531408218469522
2.1975216110380487
0.28430936065906093
-1.338608614354916
1.0128195008122678
1.4756909520409418
-3.7147427372705373
1.7754251191526005
1.721157546681376
-4.7996544391536835
1.0013720048314214
-4.9826876819729495
-1.3165907978880762
7.6242008983304
-2.844540067111939
5.153523298555056
-3.9714630400139024
5.784386828280134
-2.90626149515596
6.499669698232339
-2.923505033004926
2.552755816605659
3.722993977517463
1.8851265398020995
1.626203052021102
7.312156433745815
-1.502126285906193
-2.641284535949419
1.9205402133363385
-2.7278738307051107
1.6793990642590764
-1.5271759236365228
1.2568740322717626
-4.27537959490979
10.61553286100099
2.2958982571037883
3.8606396977867745
0.5693749385476563
4.157710619467232
-0.8035096917191076
