10.039776020899394
-0.5813047963887653
11.2368899133418
3.2368639414241223
9.092049124816187
5.231916125558998
0.5276809287233835
-1.5128947414296006
2.411252353814054
-6.406449248270123
5.060171971233832
0.9447978854591699
-4.342720899448036
-0.45983090898872925
-4.769156945459508
-1.0868552891458934
8.907133253720385
4.023617419035995
-2.962764972035499
1.7140341369785466
-0.7325298774226021
0.568139910186157
0.7839857020950873
-2.942189532602451
-2.1877717000529007
3.2299720028995833
-0.7187461668415104
3.127076867389272
6.239176515436673
0.6188675741105493
-0.6553385434367962
-3.246798366475489
4.788990011100015
-2.9832684240740197
-4.1517837986402775
-0.7648501988505984
-0.6559481036917307
-3.6568526759709066
2.6782264033011542
6.150272718535856
-0.3188906392902985
-0.7148313792864949
0.470633101211649
0.8830131185010305
3.7280842400160124
1.9031836699618307
-1.5944770484249333
0.707230099419732
-2.635839233775701
3.47646029327999
-2.251623590925596
4.841554799648526
6.211730626031571
3.8496913138536133
-1.2707652364141497
-2.249066420040403
1.9139198980046572
4.005816790663552
6.769916253890173
3.19511820649569
8.238779068818875
6.402728702297921
5.617344624356339
-0.30157436899140333
-3.1798755321463528
-3.416039367328077
4.523951657739629
-0.8829877917620338
5.216107707954893
1.995004686037066
1.967243490238725
-0.2519102120930347
15.05052777742378
3.060915125938982
8.981494245271744
-1.4712474131985729
0.595402971911327
2.6669572404548125
-2.6368998047601635
4.843741185996058
3.837286281740043
5.555750868728609
4.464465381860202
1.8352891691808002
2.3584147752800506
3.4826966280684353
7.441272092487644
0.16533869742929447
-1.4876805302239353
-0.1971872009276453
-7.058990540604362
1.0299930140525657
-2.162994240604467
-0.7581198614094142
-0.9887774446743312
-1.700593788286366
6.141581685680384
-2.937049343235901
-3.8621496923662355
1.8026689036171049
