4.493576742897249
0.7192405045555103
-4.51263019696981
2.3880737366339924
-1.2299591803978174
-1.1533087587170807
-3.9170371224523812
10.075463556300534
3.7288603387309918
0.513041144708757
-2.7282502795526025
2.7413953933519735
0.22213597196712254
0.19453360535978056
2.1842057391015466
-4.302253093918767
4.121888354183271
3.491428138213397
4.157721090196527
13.467488215602803
0.6644866134281202
1.3867507189708106
2.783166012012712
3.1602828800133107
-0.9533371572473889
6.040837692830571
1.2263801548466842
3.1615115239709044
4.908627306273916
-1.394672077922929
-2.0017900352767035
3.035437986094635
4.049713191748723
-0.6206593175729775
-1.635162613866634
-0.3988885605543458
4.004522136219068
4.195138620497367
0.79733562261198
2.4872576603823133
0.5672176322738423
2.647763855961074
6.762187917321757
-4.1805537563663036
-1.4370817491804015
6.985174815229647
-5.558794969406779
-2.1979422152826746
0.5375881231128992
-3.4477920270625244
5.981675841621518
1.1637367276938564
0.09408472506621307
4.758516203020957
3.7887771896648803
11.866119448133226
-1.3764399706523125
-4.092621683162806
-0.08466268605287268
-0.06367474942257184
0.5516424641788373
0.5879586850812712
11.631416551715255
3.642823868416894
2.0120155077762885
-6.001011804015153
6.458712433350009
-2.20759956392881
3.161543876829688
0.5513836134350267
1.284928041972104
-2.218311404925476
6.795604506113984
1.8412174012340627
-0.5438539029955337
1.799418759403069
0.3860424260404255
-0.5316431896609275
-1.771828274551781
11.20229878382557
-0.7681173780571497
-0.18153590556186508
0.1931233261736251
-5.248538947981853
-5.652605805230511
3.2107058906021306
-2.663879801502257
0.02840380529735561
2.639471441535199
-4.134507582194853
-2.839821894961405
-2.11047633185958
3.071078460426774
-0.5531076399991508
-2.605296547680903
1.3582808662859613
-1.6659618784826185
-0.38151404191953653
2.9860517480543796
8.292081114531328
