-6.340802218088696
0.059125934676008046
12.959185431522746
1.4059630849190003
-1.3222434989475298
-1.7410436920640704
2.896606833369055
5.903169549265667
-3.4585592920835246
-0.17005425184344647
1.424295162674368
3.4283361203807567
2.278600119382115
2.0228197654142117
0.15038181685079713
-1.9089876898648908
2.5179429664819217
2.791563271328099
-0.9161721267316579
-1.172924282815539
0.024046153345152012
-4.509728768027862
-0.7595869758017594
1.372239392784337
1.7473924978317448
-1.5730868254320733
3.331539678923897
-3.9024152312410783
0.7830509373047694
7.792768237845162
1.2902594166200485
-1.6872612664943252
1.7620817500564616
-1.3701660362143622
2.173165435903478
5.364846342421977
2.5411862440620565
5.364322654222717
-0.4222337495811088
-0.4699114531046338
1.0519023508162815
4.293934571439954
-0.06873375229939502
4.003668195916989
-0.16302051728657393
1.7365438378133304
-1.9245100809306592
1.6922534823414503
-1.417790157753303
1.869954952395294
-0.052490036747800395
4.516583314929553
1.8663606628965816
6.0430755958508975
2.6743604175469113
-0.09305501985802102
-1.1155499890806118
7.5461267178221
-1.5179507076635543
7.920102254312811
2.077238256362965
0.48577478003501273
2.8698733768998133
-2.1755840573087055
6.773666241302814
2.347203369656385
-5.304556325156252
2.0636330705590407
2.174782258986511
-6.117387619000869
1.7047879757564939
5.036710059227078
0.07064722020722813
2.143899271311873
0.9535881750561648
2.2595945795567154
1.1301079459528443
1.180372219985663
2.357134384188637
-4.012232297355025
1.2638576635020484
7.484878386663526
-0.030816688115711886
-3.7785034451305286
0.9748264551839445
3.207340973604799
-4.02918282669312
0.9789962149158973
-2.492683875433872
1.391436075502635
-3.317401011329948
5.12266586556066
3.802641217042967
3.2108451285646447
-3.0170908220157937
-0.35621898323923784
-1.4499080278189809
-0.31796417641711255
-0.6955270629500501
1.776247243028398
