1.3263747113790747
13.32900674008196
-6.453282739534567
-0.6484141090003934
-1.164550571638319
-3.462525917572162
4.844599260794667
0.9049714739818511
-3.9714284049848727
-1.2985837901438817
-1.0225488431149696
-0.9375159851207364
-0.3321816832102558
-0.9145807185566323
-4.414633852425778
-1.447861242915295
-0.5457357847530725
-2.577974064625064
2.701342852396759
-1.7138049342873638
-1.6839304339250116
-2.84386698689634
0.02793739873065724
-0.9817634035519849
2.063541376680441
0.5931380850996762
0.2186222986466608
1.0505192685873315
-2.606816767180783
2.185201749653907
1.6479017710770516
9.735387389163817
1.7589020704018667
3.845973742420137
5.88513992107401
-0.12052536393201718
3.1466289808774124
4.558951224832323
1.2892527618910155
11.31846987154724
-1.059783275208486
-1.304995286552911
-3.491481946621284
7.369540928920427
5.453980108016908
3.826229424936141
-3.473243396354718
0.7278491740857783
0.15487504355746218
8.7339525018484
1.3776739126064335
0.3498317752464692
4.152729948403594
-2.8538536644211665
1.138711904616236
3.89098291652307
2.0305412307528226
0.6656665562070884
7.933800321052432
2.1174543215047836
0.7473280187125431
-0.7235805978321714
-0.07989069394703104
10.786429583893218
-2.2965418677320732
-1.8949270030331617
0.38162999805963693
-1.599217931267181
-2.7794802905696367
-4.7979674655687
-9.047433037432974
5.586492382352503
-1.2454102645470315
0.8223012891224551
0.7930487417790135
-2.470944819279903
2.905655810316934
1.6832649240727997
-0.02760148068791943
4.826558167846615
1.3552779429697965
4.737427680555069
5.853071222977333
-3.7641153919493044
4.365830420580055
0.5234798712976475
0.7291552370751307
2.176554076670946
3.329406124444806
1.1129852211232207
-2.2215936584632185
0.4178993304102042
0.3149741145617291
0.8475018416078397
2.2102294253585004
-2.2782843090982885
2.659934131294221
-1.095504925687468
-5.682992006836256
-5.296117619523275
