2.654801834871055
-1.8619166142798704
0.12805070074494432
2.2975894569350923
6.624295598934957
-0.30238605398785845
-5.102308958062789
-1.1270816183943257
-2.5377753202677824
-5.108391616863152
0.933145907909162
5.327332475305751
-3.933720262009249
-2.2075817485856994
0.9755274386230386
5.544007054657225
9.391335911892746
0.09078944410823186
2.0237973681055523
-3.495217486818624
1.8453872606780526
3.378215034382748
10.374242601714432
-2.4820153562739247
2.4489437250536694
-1.5856173268986105
2.1157419599120066
-1.3631666828635196
1.5571553565359175
-1.2291508948242817
-2.1988857616807334
0.06897070990096583
-0.06765138219583938
1.5350155630454734
-1.3743595320137083
1.4535280513843847
3.516902374870556
5.5941927122474056
4.403051662111155
1.8921627570677693
0.6752671455909651
2.337960927372235
-2.994500266846585
8.707828569511234
-4.618248530654046
-6.162566841797696
-0.09706926043448423
0.6958384929555715
-2.6683496477928257
3.0000472424084528
-2.6256810671315973
-0.8651157954922092
2.287493928066182
-4.892277536946063
4.081543941650946
0.1774509113636984
0.5579561793943233
3.0216580519587968
-1.4597215717556387
1.8733075058467414
6.285098741792742
0.4509760412781709
-5.362982064807465
3.013297889948896
-1.5889862233655376
2.279693876011556
-7.312861967411079
0.8539576456860408
4.829121161446866
4.03695694285085
-2.028652223431321
2.3463492679827906
-0.2801634265781436
8.791966688914783
2.219730898753767
2.4928835445226154
0.6323004231695936
-0.7992287063449142
3.373046140081581
10.758940426861075
0.09765630675031556
-1.3715194794911911
1.7639465798248186
1.63019424682485
3.7966999534017183
0.5619603550283994
-3.574006258845216
0.6313356073596035
-0.8544839160857344
5.2566121784204745
4.318456466387934
-1.8607669151550987
2.604572657180629
-0.35201692725260153
4.176282212670946
-1.5239640272729633
-0.9906447454678551
2.6422127435681637
1.531982469349071
2.9150341029675233
