-3.7765151688423817
7.5788055023571
-0.182106623689325
1.4172338255806787
4.190244514038743
8.848374744863532
2.837540909643915
-0.24801926815875025
-1.1389218896857527
14.543442921040043
-0.6792638495942118
-6.16838658947805
-1.4918829796475606
-1.890788836363902
-0.9205231191586767
-0.8998334882012439
2.212255035855871
0.6477854075655299
-0.31950203218714995
8.613000583960432
6.657297500150511
11.711074169385078
-0.4738875763624322
1.2298017843312252
-0.5676966453513831
0.6405689705106394
8.495185741456794
4.40352347009061
6.254407176864756
-6.249439889965291
-1.02479757950707
0.5114429928421462
4.684804435449521
9.535084112198088
0.22761457049666786
-1.6913658897714594
-1.6139813666624359
9.849588907195162
0.7383280739896969
-1.3809320260331948
4.325614908060562
-1.1875746303595809
1.4813983752891318
-2.0115233567487625
6.4949986124129895
2.6593375147736795
3.8557221897327523
-1.7034188835007693
1.2190448094733275
-3.38630442471384
1.8726162259868033
-2.9087649637433044
-2.7803583683178523
1.3834024613683704
2.733543015124087
11.877477729321742
-2.9613590118678004
5.303043550849541
2.449635101434876
-2.083748791480727
4.442820335582246
-3.3085841756500294
0.7936626639953799
-2.655449826431018
-0.5821636982749608
1.1593650656644803
-1.343667953551889
-4.8551571604005535
-0.567648838695131
4.146326219445143
-1.5772711507544077
1.9806522754993048
-1.2358509805609865
8.257979394282168
2.6123769209975594
0.967278120722332
1.2732053320078742
5.186774769785347
1.56294889038506
2.5652156744072117
6.534569856469406
-2.414270578920272
-7.073736837498838
4.2868424840433565
1.7408250982566784
0.8961302121235981
-0.05693710565618585
4.816883435773267
0.2931103672031046
-1.5521944800194283
1.584252663264759
0.8362838229438472
8.148057065391235
3.1550552320064655
3.915029257651598
-4.427171096622393
0.3143366099239962
-3.218849413362174
-1.810822304376785
4.015982937600468
