2.3577559413393603
7.6086719453042475
4.384137409496558
7.3018443969601865
1.8935536703499647
-5.450362562229265
-0.7385654241600256
0.8994024655764177
1.046981852692948
4.088456167230128
4.079741547148826
5.02199456334679
-1.0390626573618795
-1.382851061916178
-3.655916477099505
-0.27397472138501733
-1.931604576710931
-1.8849370084369048
-2.0767831436332833
-3.4636805849782966
-1.6732509606587884
8.943969186072767
-5.829202057110475
3.9754305570960904
1.3111615640121967
8.137200301793031
7.73245270517662
-4.553874654565373
-0.8051283644209583
5.126838391811172
-2.6881753010337945
-2.152469803933041
-3.5290514881816706
-5.329623775835904
0.4199231134263151
0.7114696758049969
4.656664580218612
2.388903138973548
3.405038134431696
5.783925740430508
-0.08114737569951083
8.94367786364845
-2.7545352608156133
-3.1819368575389215
-0.39803412400770055
-4.274640805772213
10.835571454560858
0.0930932357002784
-2.0757299457366623
6.809406099110502
4.8427133445854
2.765901746659607
-2.615328782612109
1.5101280701756181
-0.19206579283482839
0.9645901602964644
0.02568968566927945
2.1854169324909476
7.055607127173012
0.12834501824548397
-0.12313218576977551
1.6339889753984076
1.173067752457443
-1.0702882703094367
-0.6674196568981444
-1.3121152606156414
2.2213366523506455
3.912020331035463
6.179847542088071
-0.583076263887907
5.943436313748386
0.6261111732308176
7.674612095533044
2.876732045096906
4.246198068055844
-5.433412361000275
6.256273002030026
2.005060156654924
1.3689930538813397
0.24547253005748218
6.737302029743802
-0.23231301254570202
4.571395117099066
1.367342099914497
-4.6130039884779155
1.6773126880391631
0.10062683969639902
-5.0747823215367625
1.8040289925187336
-2.3370894383122796
0.9789170598729982
-2.969751154253995
-0.7043556760338676
2.0428881109233386
-1.8345866046383708
3.745630250023227
-1.3689261509860715
-3.582179411667129
-0.4359055630005719
-2.0135078243149387
