-2.585633956704041
0.9452537835975358
-0.3319866672981724
-2.8259965757491448
7.903772941575994
8.41409090229837
4.780813642557923
0.6577412558479702
-5.960012286800309
0.3909389052576009
-4.154331329317417
0.7344719729015777
0.6158796117904204
-4.892896800610752
-3.2717832982132666
1.369923157748307
-3.005788987515672
-1.5437286106649442
3.9445208723575824
-1.2160103589238793
2.811712495647873
-3.1308827799027714
-0.29945059769399573
-0.1565556204413852
-6.501929567089391
-0.666527061332889
1.3258428483486626
-0.8306571222324289
2.125869948513433
6.114077357286931
-1.8297004428884214
5.027638084428877
-2.5022573727502446
0.606280027240196
1.531777524258723
5.228821100800395
0.6156138017149704
5.369688902773501
-2.8865830011949
-2.65730613516536
7.7768512810977946
0.8953122850311787
6.540510130616075
7.66073104145887
1.3088561481905134
6.137763178651795
-6.05056388948482
0.7830518465910095
4.599887682393039
9.613018536663128
-1.9380017030626977
-1.7187581369670237
-0.1682723419706148
1.0173181823863824
2.946703486075949
4.818642616143689
-1.9100994872029076
-3.8340026997008243
-0.5566583217309005
-6.775664784208254
1.2479428793722391
2.8716969104800505
2.1561886484128294
6.395608533217565
4.590481021508927
9.679932940775082
-5.1501952271277105
-7.155077682662419
1.3475065250832998
-2.1248924338498125
0.29582171656062517
-6.917464066898092
2.253801429134846
0.8961551357912348
1.9416735892249952
1.3443677313496958
9.069921885049878
-0.12871215138881592
-7.113331179261824
2.158095805276435
-0.6257994658060504
2.1436365644394915
3.546858266270773
3.5045333346203567
9.70913464323236
3.7574404640001795
0.30132915151863726
-2.576381978979165
4.0473290832957485
4.068588363294268
-1.1731348024964623
1.6403631307891742
2.690340823279719
2.652930645126214
-5.9759904170898235
-1.9264318262609363
5.0828797309624045
-1.2033821875014603
5.425324231637256
4.991657337624228
