12.717681916504015
2.187337714552877
3.24337951055636
-0.7410353137767627
-0.9484497747065372
-3.7434877255847416
0.05474539004699487
-0.2352556544820939
2.2986333794645253
3.6080791424882825
4.560933281200681
-1.7795112152791548
-1.1965669306793845
9.16895471229839
1.3576631427429862
-1.540877143412181
2.884950162208194
3.709968864110886
0.6175023457609373
2.7966364078539003
1.436745402237787
1.2311169339931762
-0.9704628390868981
0.9235508777888497
1.933856495768503
-2.547762570606768
5.531618294605403
1.3252474290811207
3.301795019535843
-0.3616279854630001
-5.405214828155517
-0.47760684930233016
7.024805125536156
-3.2866239134416593
-0.21156483590651481
3.294288978845472
5.732638722180269
2.096485942827136
2.2466591574767083
7.279731371382114
0.174661813352772
-1.8249363483470864
2.3989289563164897
7.212877168477089
3.132503947697511
7.138515020595395
2.3365832776531805
-1.5228398479170842
12.190811127970363
0.11610753567998058
-4.321436416934689
-1.6845953452565907
4.518653208978299
1.0112868155691284
2.676686215468218
-1.5298749619755734
3.866677289419292
-1.1641610993634282
-1.3068394337638256
2.6516674892166248
1.5167953492314872
3.8657769996333506
8.78514189983014
7.828445565645648
-2.4729487098359106
-3.7272569833951428
2.097442678174752
-0.07298003569368736
5.280510712851432
-1.9385754413594765
3.717376344364851
-0.4779834023491035
10.841283143342519
-3.1448311393945483
4.798294715779445
1.353228209839018
1.2307231745593248
7.7267400411989655
1.5137258923935877
2.111580511309501
-0.5968864918504142
0.21709900587081188
-0.412270115960143
-2.546962679058991
0.08079774976903291
-1.3042941755832544
4.208857091760794
4.558921039900384
0.02929342249492726
2.124808282468693
-6.217606202133894
-2.6210377598901986
3.1234645075849614
9.090451353959349
-1.8267475983138823
-1.9957454566013615
-1.7139609900083599
6.210710869380344
-0.4483875953464331
9.216951242876782
