2.3049109095007694
-4.840957286936369
-4.366837452282852
-1.0807237686477065
-2.4195898730493335
3.085149447706582
-2.6008025429584376
-3.705900882891071
10.011044752135017
0.8398897313838329
-3.3413796117011745
-1.667531280426505
0.11086082092486765
-4.426080808495621
-1.3934831196861102
0.6132178822160075
-0.10337434588245568
9.369154378565282
-6.919095582285031
1.714277319231428
-2.1043948573398072
-0.10607499423786446
0.3092669488864501
0.987089425230341
-3.8585149143947253
4.108714169092732
-0.820399540638947
0.2018232999871985
0.5691555040016706
1.788594575180011
3.912692008445476
0.520756425027722
-3.2853023186504053
-1.8533509611985233
10.535266564030426
-0.582145735995117
-2.973086088758323
10.189441271276307
1.2145777748118598
5.068642599623221
4.698861890885654
1.582925375738669
-1.5168432928247704
1.7733232366922467
5.9485408561381
-1.6551291064613456
0.45588145767884874
2.8284808272661826
2.9300583150734565
1.312174534388952
1.6043493570401568
3.1655631169159895
2.402916871468969
-0.6930443663279418
-3.0395412556035453
-1.996674965391541
2.2813850969776235
0.3548207362324884
-6.5282340751552965
0.6006111608935232
-2.9580242395779055
-1.9817921641265208
2.4134093756527246
-2.279069945172045
3.3424903126300602
4.267156769947062
1.7394736569119553
-5.1415907720461425
3.0060053266930726
1.1005956012194056
1.2781873816668068
-2.0054399019909863
-1.9590322891170995
1.7062516695648324
0.735711200647764
5.230449228001177
15.256703916842554
9.676213360125978
4.796906079441866
0.6878464849802709
-2.6718913650907457
6.129285885347769
0.3498384296642475
4.862989476028978
6.405311838350899
0.363919830177984
1.3271943531211232
4.99662177213164
2.9976444390932127
-0.05892813187686953
2.652926654852619
8.741370811277118
-1.4625837024996318
4.511510599199649
2.7541976787011886
4.997407940557735
-1.821675937127893
-4.475399805355908
1.5864053918989711
6.702732611174822
