-4.96920031863582
1.468144276675276
12.249349007875267
-0.4561022253325525
-1.6181190475063618
-0.646461868046471
11.302973513534305
-5.198522397197106
8.518661917820783
0.7415152817144249
-1.7962208428790616
3.292207550472285
-4.927951652371171
-0.752604375376691
3.8108594465540935
2.520735524841704
-0.4845871697289392
0.9912789598544639
-2.4314609396693956
3.6988031681841593
-0.009471402339753169
3.6603530678525975
1.9378662674233658
-2.902510970680691
5.302121391340192
-2.334272432079077
2.9268780131796213
-5.967242984105019
1.1070328946706476
-2.2214716411302002
-2.2689648362814867
3.4057993209630686
-2.933288775862071
-1.0353732498451236
-7.936144451006157
-1.2412332366610337
-0.13049888348295044
9.37868995386832
8.006200840477266
-0.8698132355226396
7.406364483100486
-0.07116005085185571
-5.262233382324476
0.5031809878197316
3.35167278523892
4.146353151465082
-3.7636112746601946
-0.8035458983716368
1.1182636522827398
-3.823671728421715
4.564435770640562
1.4275005403384775
-1.2773401762702263
2.8506727780450944
4.681912991088038
-1.6256707454652288
-2.4689496758205607
-1.9080767872852848
-4.613785089601577
-2.518980973000562
3.70542060921333
-1.0500913146033781
-0.27326985125404385
-0.8371004963206313
1.2474487277477078
-4.106099475026008
-2.1322334557991454
3.0779427414707334
-2.648629177587951
4.805505862134577
-0.6168350106955915
-0.6859994687680269
-6.141142121759719
-0.4445099728481221
-0.15582192369993775
2.937618532931665
3.5642070701748967
4.476503719612518
2.5113848476264162
7.023702339251644
-1.127572042017381
2.08200285125044
1.9144364459741776
0.051768861483278014
-3.14243384909663
3.111037920247705
-1.0280946182892006
-0.5369530581062678
3.026543152395991
7.07182769936553
8.617303482794675
0.1462407628641161
12.535082915822162
1.119906408195519
4.50013358347274
-2.272969628479368
-0.7301996508573181
7.679415768103468
-0.7720731133682148
3.478533342510718
