-1.3290378510019196
0.6735199018296962
3.847605127025015
2.7562378792130806
3.8531218261779587
-2.1314995686837976
5.386663048049016
1.4227190039854407
-4.045498288627483
1.865930717507367
-3.8324544299974828
5.12638891390389
-0.2459432529156874
2.121244221985215
4.620423751810374
3.3819677083090633
1.2011848487483279
8.224746288584024
0.2936524090085288
-0.6956372662823637
3.1790079938422484
4.322602141226858
-0.9917231198152759
-2.8628393188166052
0.48096389204148116
-0.3934444859996352
7.04691168510724
4.265975975814197
-0.6461531915651377
-1.6206412879013716
3.6825428437521794
0.8134161008849576
0.5384513969481114
-2.3731454861972905
7.207638486634885
2.547560327575025
9.544496118787537
-2.7152718589613567
2.084952846403877
4.436791892621843
4.610247931528533
3.1252178381057387
2.5986962037199364
0.35808855850267296
-3.446114408021372
2.280993136315489
-2.880680535342783
1.390897782730945
-1.128091104308732
12.891364410496088
-0.9764773624334895
4.10090504907311
-0.6114792327930301
-2.1579511308271737
-4.319951393351313
2.2077672556571524
-1.8906076802386722
-5.552727662314995
-1.2201861404625225
-8.65126655027271
8.2303528712016
11.705737177825885
2.8571365383594807
-2.0567217738112857
-1.8992362807058556
-0.9331499778850123
0.831440691030328
0.022914460769909564
3.1003227725818236
-3.7207281835849004
-5.049476702470658
-1.2762463031000584
3.851414286157014
-0.8789191830105443
4.423416491649697
10.399957040341622
6.469225594848496
-1.3432689001286913
2.437344164869131
-0.7620283717409737
0.38696131051885385
-0.026678419882022394
-3.5903591380880675
4.257501685605682
0.6460774183945278
4.067296352725702
5.157682646492159
0.6952645873738572
-4.3378208385039265
2.673450578433435
-5.542470671837275
3.7885631915513867
-0.8649899297981805
-7.263524501555308
-2.156240370019733
-5.747453280189468
-3.302423560286972
-1.4126377964066417
2.4407492827482424
2.054936822996236
