-0.578677714139122
5.178789222005092
-1.2611848108258865
0.5100338970420332
-1.5903376597397674
-2.1395031681525682
1.6578793241762655
4.3744117894846495
-3.0788916255861616
7.934453797365219
2.4434319505970876
-2.7871878405558848
5.664866425744757
4.407749238597591
6.133681555353674
1.1038381267675363
-4.995730557792116
2.2972006627007167
2.067247643934712
0.8017551084201073
1.110544181016096
1.7467270366664325
2.0297610616098405
-0.7076579293842495
0.5560968818842763
1.388639396765607
1.5883949488747837
4.788559539586007
3.1415462428948064
4.9121989325171
1.3951206754955536
-0.5000338207191214
3.6020443987427777
2.870097172198047
0.5556375646307413
-1.2631030862401804
0.021671773835113425
1.2269443867654746
-1.3430803778525728
0.09739166639030883
-1.4350796286295076
5.081024522764321
0.021886846804823463
-0.47776770369374966
-2.316807256327931
6.545473347952086
0.08094503100078956
-1.1946430861622441
3.30697698591827
0.4836234665492776
6.113703096574449
-4.537738378560625
4.079042030401486
3.5794471069677507
6.934710313398655
3.5446631290695545
-0.24885525441719084
-1.3931068885971467
4.36250838689873
-3.9345452993088377
0.04497684879883312
5.731750722171729
-2.4961838224728563
1.2604822949575998
16.10233589984873
10.028028263613281
7.67192168013652
3.0711290426278035
-2.4020912393483567
-2.9769235163393066
0.3318578130505407
8.23431985766361
5.1847510601857305
-3.9355026225430656
2.0477056910103277
10.341541490376674
-2.621316122518554
5.3351350631318635
3.970785768812445
0.658412615142264
-5.942099352756211
-2.084076527064192
5.614032047703164
-3.347515167905077
0.42708517027951387
7.570728839311836
-1.0745372434553857
0.97059843014772
7.610913394661359
7.350435876899023
3.099020270463753
-2.8954416794236093
3.1128081272194192
-1.9433072040024877
0.3865977118952484
0.17956951436504676
-6.017877577653433
-0.6511843682134273
-0.9746927645125597
2.0905947640178115
