-0.46583586621048056
3.0465092856175806
0.639587018362314
-2.581100153520368
0.4330274317604481
-3.5183520518987774
1.5550216869859494
-0.5383943125734344
0.9644864988180286
0.3098538536149434
-4.176108887662597
-1.4703573642768002
3.008102875440204
2.4121914882501105
-0.5826749310165976
0.5579533916558671
-2.914730217792688
7.676566157503683
0.7561406737293489
2.8161094214978135
-0.4959624094482525
2.7958683177027046
6.1555542816474365
7.670473073244011
6.210507865363377
-0.13448186533264606
3.107979836405783
2.5851884246037424
1.5482254752642666
-3.726548079279791
7.643934035715948
-2.492082259775689
-3.82199427669849
1.9545318484265186
5.3405247527548
-2.684636365414363
-1.6342559607795475
5.954795658369506
-2.4231030691892594
11.170487731218579
11.036058197156603
3.1924732917468885
4.181639261030608
0.06425831100719609
1.9780180244942533
2.6523219404304474
7.534252448069792
9.395378299832448
-2.5336795757326196
0.6800474166404243
2.3493888641254896
-1.7475540282785385
-0.6250026412270413
-0.20565152437605494
4.730469758742438
7.026505509826115
-1.6995951961281737
1.713971220208954
4.588898451381495
0.04850734599531492
1.509527632518431
1.6918021891149997
0.8140871113004949
-0.9111341280220568
-2.2664258538297943
4.034466061794569
-1.9189990270851558
0.2725679172194124
-4.149543607049969
-0.2582315491700271
1.8735787501904249
0.3844513365307529
-0.7531423868726486
-1.8669442060789803
-3.528967055090239
3.958635451502973
3.584040358327649
2.694615282371999
3.8638460589970345
-4.288988889038397
-2.581947427617312
-3.3058271025138035
2.0463921472228033
3.256039413045677
0.04203669130151477
6.535236685700463
2.686081112639858
5.064906201615876
1.3457917232057521
-4.352066684577478
9.719380751129925
-2.5447322706170477
3.943595219063123
2.381763345131426
-1.5427869263478549
2.7463403320103104
0.7326524264226855
1.0589425865068858
0.021725797900945976
2.5765869263138854
