1.7338940168943353
0.05195495216037482
-3.1059006005426313
1.1039756667527805
6.1159439375250155
-0.9162524063297788
-5.242026440677144
-5.842367281506986
-4.875292810207956
2.1544708195332407
1.4903829387472358
3.8761592180966966
-0.9457159217928803
-4.047354257390829
-4.682245988145733
-2.718088461795028
4.0907779770402355
-1.622151764994127
2.678134295951877
0.9417610769692807
0.8077716967484672
-5.886231341367701
7.36574801208228
4.627839557166225
0.44024387307045354
-2.408374165593419
1.3561085477164594
-7.820551030495652
4.047418275370942
-0.10798959135079075
0.5691046789107883
-4.334671594780564
3.0739220057455316
2.314417687994424
-1.2425868344443485
2.172202236216241
0.13114738762477746
-3.2291918688883148
3.5119891678973114
0.08950359171115807
-1.6744179788809364
7.711172055899249
4.133641533939799
2.974254333341431
7.606488654339838
1.1739085900666237
0.11749649264017319
-1.3285333286401864
-1.7663363050642142
4.762487033567555
3.9880731700731777
-1.2241952497677562
1.458996981298979
-0.5185870676291383
2.089590948003475
-4.685828868129268
6.142330531192707
2.268323499116401
8.673626959832491
-2.7254258988156237
4.118780568239746
-0.9619691476058785
-2.3071099725899864
1.7278646165290685
-2.8513389649610676
-1.512212190770962
7.34606170748609
-5.236803874013827
1.6599782940336647
-3.0587625334268633
-2.812395861756669
2.5756086086302967
4.187073803564055
8.152856251235692
-1.0580375795334886
-5.059992587614419
11.16692344566248
2.4196980004433746
-3.8302686696727797
0.056934748799808456
-1.5184228715074886
1.3655071249572153
-2.7473989435630775
0.6820944342091944
7.588843730873186
3.0449897625990547
3.519768424643641
-1.7116301530485347
0.46897085117214
5.942294448957101
0.17926481243081646
-2.25002506781973
4.045537683645833
2.2121302356817507
2.978115256876199
-0.021791219708199232
2.2479928905880424
1.0874323594333923
-0.7663480299109422
-2.6527294568019277
