2.671385973662221
4.016542948551676
0.7270790005696168
2.463621975917357
-2.9988239583755645
-5.6161355905281845
-3.7735521786225386
-1.046422757136347
9.806377978969444
2.0240691510458917
7.023410538190296
2.750066817722208
-3.5325824244914745
1.8229376985690375
-0.9169101222237583
-3.069403592875556
3.276788331553493
-4.0646416736536235
0.372138500042675
-1.022936314922947
-3.7931717502107105
6.234591514331171
0.30272077975377654
0.2772738860084653
3.322824572250757
4.637200307230062
2.2755127360907696
-2.938939817807267
3.003274995799427
4.6307626130578985
3.347922238247494
3.2396015172531913
6.590512672443076
-1.5795935732192476
1.717412957422166
5.944599721608553
10.091177318394333
1.5394514794375571
5.2907803350785025
2.415540682657155
1.2794519243599007
0.5337479724805976
1.140046767253164
3.6659871143883365
4.435066045908373
4.727566433685123
0.44265926868438205
-4.035486988553405
2.340447539476436
-1.4478203494876956
4.770774234354572
3.7342180956654287
-3.1782305706736182
1.8912273920748701
2.801621419460903
6.138590118389235
0.9549777333136743
2.4134329641562347
-4.0903485665188235
-7.66589775262867
-0.8795676641975044
-1.7459081770483127
0.2099093702994554
0.7172835811744955
3.730356459649901
1.7490118545290514
1.7467761193962916
2.8021826112715638
1.3690240142083996
-2.4307873631901566
-1.9402114174749936
-3.242123287164865
-1.756679815058626
8.4731033890236
-2.827336934999696
6.606449046737701
0.4426886485735856
-0.41664245090190344
-1.8962212948455388
6.21751470632311
8.647131590121994
0.4709998217676268
0.9650635296112656
8.457007552024894
-2.361266590054659
2.183322019243849
-9.705894770491822
-0.30856101901310473
5.731206894380927
0.3710644449393217
1.894564470674226
2.642412747063836
-0.37639206024264227
4.903263959721213
-2.292837278080424
-1.945619151691084
-6.003206448653717
1.8847772568558234
4.2318289247699
5.139879388651187
