2.0891841565565197
2.094302294941365
0.5669097657253948
1.4056706718012957
2.199736271433236
-4.423776429979068
-2.526742861876755
10.57547913418247
2.010471198974637
-0.7643541390355135
-4.528618433905344
2.0469246849770197
3.6784735400657356
-4.03648038794756
-4.08805708006458
-4.289754807268443
-2.403219215964937
3.5679361293080127
-1.0542803925952793
-2.374247395148674
1.1980048016869624
1.6044342159986262
-7.996060542565762
2.706182485971007
14.437716226667602
0.8904348717584476
2.5090028086840612
-1.6069880906369214
-2.0040258891980276
-1.1785858596061205
-4.428178106916449
15.518411309368965
3.1269694400780783
-0.01849286181096164
2.492128257251064
6.566644155774122
0.7386261790157841
5.531327887920032
-2.9685612599025832
-0.8984306877207519
3.592977479564026
-0.2766090076175819
-1.822450700348612
-2.2829489151013007
0.05268859497127004
8.522778207287777
8.358453061026385
5.635412522905714
-1.1678682745188755
3.3352501919866064
-3.7555384457716476
2.8964761253354263
10.484870681917391
5.623998325658749
-1.835662569590327
-0.39725070534818574
-1.311703855543278
-1.2581144999310379
4.288017862034457
-1.56765506752975
3.1908062615861024
-1.858711744447045
10.548273860104764
-1.7170593917194688
6.568480918903916
1.3282817669522327
-2.8232643112130673
2.097461912130881
-2.949185851213424
-3.3110245426360265
0.985637700086686
-4.437948785322149
-1.5584932788104418
-1.3159830724272332
3.5667394915790207
-0.06315234108327282
-2.0390403708404508
-0.7063854553588765
-2.3139242137486833
-2.817753857511784
2.1917990407099444
3.804140390619312
-2.981858880175243
8.686617679277779
-0.36201337135673156
4.271559250677042
-4.128105887598402
-3.0534220339328373
-3.7891192464570485
5.210264839425686
-3.9480715283798293
-2.4881624662973083
1.2086651412191114
3.2395671199284
-1.4092001708501138
3.7552421600541397
5.183524256731822
-0.12615706061857102
-2.037400734268312
1.3553145984686117
