4.524083482061531
3.258420664579317
-1.6354165437319685
3.3457338664288
-3.1094746204470094
0.5849502602072161
-1.7005609627245981
-4.867440121270174
3.92185084876647
0.7725571899046628
1.5825636513370358
-0.030502837929232834
-0.20201221622336885
-0.22604042574600158
8.82416611149012
3.3221382973743028
-0.4672107894978422
-1.9098224240998958
-4.4165674413288745
-3.662960524716048
1.301675902732679
1.9907258828519772
8.020890881242657
-2.4178919355171162
1.931845122928916
1.1912657219207787
-2.3120433717774116
-0.04274787706640619
1.685014208162987
-0.22920223230736098
2.933893739963044
-2.9626423780842
-0.09134694627752468
2.7784017253048687
4.482725010713109
8.415495337878617
5.281944066471166
-0.9210326723070663
2.9658930875846754
-2.666188492365997
-3.3270522702811767
3.939628528972114
-0.11947355410393978
-0.7759218405195134
0.19247908209982603
-1.2402075341538885
2.139635644014999
5.0532904110745385
-1.9211455700113533
9.560075403862314
4.277986233755109
1.4191990340946528
-0.40679142154980696
4.981315970050897
13.090073049000843
-4.457515650926993
1.003950452324944
4.396285095929578
2.716153408483633
3.467501450986262
-6.396526715154506
-1.400828019307626
-3.90547290216209
3.738358474891439
6.050248187087819
8.296138721138327
3.8570821878920105
6.7883115634230995
-3.189936093914185
-1.4527585725610552
4.877371422897884
1.0283439498311182
5.198694538755424
1.2439024714507587
3.220879282896353
2.3708347770550198
2.574399081055768
-1.0664917378000585
1.991235101184671
0.4500968561430304
-1.9529609073342502
-2.536437954531099
11.456515695280132
-1.555848545357751
-1.5754810047227328
4.673293275284018
1.304729397490269
0.9858703389358967
0.443038608595133
1.0460133415829047
-1.8442630459375722
4.067161970017818
1.3850131761506002
0.6330814913131
3.636878470473894
-1.2604623497497567
2.807765443980391
-1.3128355069747575
1.3123128679334424
-1.7414584369271524
