2.873095380192123
1.0468728700951968
-0.17313188736211996
2.2555027235944656
-1.6234805416729974
1.801084011614206
-6.1839678335632415
-4.890865417435988
0.25672473679300517
1.8766149309956406
-0.022181570009463553
-0.699045413576467
0.032940493078450594
2.8616936542275697
6.0540117053632265
4.758580995980504
4.077959145269158
-1.8357974725071657
-1.296093914784596
4.3811498001540246
12.146492277516959
8.808092363873572
11.595614517692663
1.9600268257032871
-1.414753470286198
-2.649232003415419
1.800903975293428
6.769434026159299
2.937765307290668
8.992033932628507
3.219341397136763
-3.1656065216284626
6.983882167811792
1.4243451267367901
-1.3044836720637587
-5.213053762479177
1.0254875593164345
8.414074172292619
0.6066351557211203
-1.4022005483944917
-0.019486051278684552
1.9488299973462184
-0.456656213204063
-2.9132341938198554
0.8566742311953006
-2.4209237506129213
7.24061343167366
-4.462404240706258
-0.15382531714851783
2.323920076318821
-0.6926852011748397
-7.077990838739227
-2.0682078700891355
-5.052920573291942
-0.2918592301414865
-0.9781761583465051
-0.2934787774012654
-4.111089703935637
-0.9205356979569166
4.5837830321496345
-1.713613753450702
-1.5962051750503687
1.6692557578087808
3.4490642401603777
3.4746550514021926
8.173758227584663
0.057761981481187816
-1.8663585770049922
2.230220230219604
9.412737087294314
-0.8227733043675898
-3.799145985968738
2.870563646347563
-2.4134162797441494
-3.568437817836212
-0.9016196131256192
5.212800083208359
-1.7391653819892339
-0.43535186787091973
6.00979600219674
5.045900343403488
-2.171276350092146
4.885579711942683
1.8740183595741646
-2.776684966843939
3.2771428360698103
-0.07331248557224246
-2.134418658497445
0.6272513289285022
8.834972141596033
1.411090421276055
7.736313839398653
-3.1216615054762133
-0.6731058428695968
1.748120625201814
-0.5424801799237817
14.413762303433417
6.752947096380767
1.5086857793070183
-1.2163070156116225
