-2.5500993395018132
3.6443449672140718
-1.741278810956362
3.5574411648179494
-6.6222851843669055
-1.4731596133677753
1.1290424004931592
2.7728913343047017
2.2177219142345272
0.008955982795381345
-0.9140906423333817
-0.2527613665019125
-3.9299725466642634
1.3841468729793176
-2.9671741770100875
11.388888419089282
4.889771455440855
7.426198304080349
-4.915411906770219
0.5441491119196034
2.2296794508053894
2.547194739425458
8.98176689653255
1.6749434891682298
0.6305578974898237
0.2776286056668439
0.7775042498914001
-2.4577571349596496
6.502278885328764
2.009752108172883
1.7607325546881838
2.954389139288202
2.1844421694283276
3.083877128983471
-1.7662418775236444
0.45675898965869766
7.149495159921694
-2.2023825682058713
0.5254154129356708
-1.951106141622786
-4.661820796451339
2.3299892751515374
3.1994051602404703
1.4365326127913924
2.517635416067691
4.7959175831049325
0.9090738205125937
-3.6075281655612317
5.108293816427905
-8.002185946058018
-0.1245691677988736
5.650147698020271
-1.011178399207246
-2.5981553873384455
-3.0236012415229125
-1.9733892753859443
1.9173691565206694
1.7542372428326
-3.552546684243271
-2.1879916908407195
-1.9205595136645508
-4.237364473796017
13.480869384641002
2.8528524577978693
-1.0120031285046465
6.715264145781397
0.19561684672716798
16.961500593478213
-0.7126470467758315
3.5213307281695094
1.5285982935368847
-0.18260297154608493
-3.766620580308186
3.7742337362248275
4.3940007807523225
-2.4803597099745636
2.574604211885616
1.1889827717218553
4.2590386246256635
-0.4010938674125301
1.821474281500376
-1.7758509434489853
0.3441542107572828
5.488391696842481
-2.0372918292296984
2.2254485839701497
6.123265382899946
-2.6889086198574916
0.28747350505095753
0.13394147495188108
-3.4428584212540514
-4.089171015327655
7.220183555728463
0.9898292369682873
-2.3663745303310115
4.323375956474038
2.0231701253610255
-4.860845550044878
10.220714864933647
3.044544118281769
