10.999010833435227
0.44463556984245
3.0057841226314617
-3.234040307274395
-1.4417767926053437
3.2454608008576837
9.555665309478531
-3.3683541298808777
2.1450006372469548
3.90922205240852
4.495536296679683
-2.652417565054876
-6.98589487926389
4.75522741112713
2.1509266641238574
-1.5553933886645024
2.9012671561954377
-5.716906199277773
-2.7157908694464945
2.1581087643603887
1.2517038996459702
-5.486467954401254
0.050809132709905246
5.6005639083369125
0.747006456993882
-1.2101513648048388
-3.4271261074133075
5.441325484186722
1.8609786638955936
5.507067863291243
-0.778099939194344
0.7513026667653074
2.0996862699838736
7.617442307426698
1.6166465531998848
2.195475173492123
-0.006264635424097798
-0.9565448173706954
-1.2795589671020238
0.6790631040859421
4.651432832441887
1.0493661831836505
0.39910373373388125
1.6223852634986469
-4.343794477171904
0.06470208137607449
7.999817228815443
3.6720974958036026
-2.5578591361267073
3.593213734005383
1.0190397853399842
4.227547002717263
0.8944389041293592
-2.4355355041464306
-2.7394581114211984
4.915925639572307
8.549889974523134
-1.953211198667602
1.5180561653020819
2.7087220895189037
-3.5311735557511437
9.112352915879343
-1.0788781622141415
-3.5926982912436634
-2.8603627272570478
5.656622291716223
1.2589640521088987
0.29658911226512186
0.6236414842721494
-0.8424978961623847
-1.01237929941896
-1.4720423863347396
-0.3979208990100545
2.6415922117284203
12.078755583936438
-2.932172826195251
-1.9687269666381875
-0.371161916260905
-5.566018935900047
1.5128805319643543
-3.8943776696172527
-0.13215026458158208
1.2209184305521794
10.357374834699806
2.65419791588823
1.4210536863939536
-2.3065402545919906
4.227079073593654
2.632346525511506
-3.034365699969589
4.989222007940984
-0.7223746261884436
1.5108479383881055
1.2907046439430323
0.12680122912100497
7.794739967376373
-2.3663028294448436
2.3536777440526966
-2.614618441355953
6.618142431972907
