-1.1054472014120158
-2.3740724905931923
-4.225838416302677
-2.326903043255595
2.280584833175128
-1.8979469120627606
-1.5042859205058563
-0.09498064727479295
1.6028615224529401
4.765631012781853
-0.40379081444175025
1.5251050907593766
1.3751978720179727
2.823425886084463
0.7325068454906355
1.5076304544316215
-3.4218650425931036
5.025195774275043
1.798696949948173
-2.6479618442079973
0.713127752865101
-7.698103088359826
-4.72511461673332
-1.7138407431351748
-4.972187545894557
-4.509627952847169
2.701730863374977
-0.3249772730644254
9.025797792426548
10.075316306688086
3.1304308954317475
0.0011681435212338145
-2.8514260186834663
-0.10793460994134466
2.8266236119278014
-2.160075675478213
2.5757729308428443
5.7030037286728605
4.194084258775854
-0.35888197665673904
4.272899704835739
8.816510057055119
3.775802203173736
-2.813941304702216
5.392887958793064
1.7460752932044294
-3.9936508576423897
0.08457409445944049
-0.12181732627636335
-0.5190297913305969
-2.958795433179745
-0.9413962130715676
-3.8578482284665636
9.416057596265095
-1.818205065565061
0.6401914445577843
-0.6056224565586952
-3.9632547597187333
4.97329888030326
6.7810164528219765
2.771734305710858
2.4184652165472147
-5.081930505355981
1.137920039197781
-5.0026587584455005
1.4640496261528337
-4.500701764288236
10.730179898197537
-1.0936983748044455
-2.506720773400628
4.64085907222154
-2.6566935701941623
-0.5792793712509114
-3.61608811496336
-1.8641363850536745
2.9424702589657916
-4.276977343746877
4.748247970144194
3.899966962894469
9.531030802143608
-4.373453728585733
1.1981375167949266
-0.8290222523816033
-2.9195683834141732
-2.530295500952003
3.5583533179304325
-3.8749863809707783
-0.5956706169723563
-1.9708833460026516
2.048354455069739
1.9481808568010432
1.6502127502948087
2.133479320782888
-1.2229793926468358
0.487937464104147
1.4729368659551896
4.079264690570726
2.0559640924042837
6.984154163247714
-2.009498476208623
