-2.4636974148563557
-0.40031126937783557
0.44674438446003517
1.9470433796631168
0.8815163077292434
1.0994552519481346
-0.5919962026359127
-4.910407018655973
3.0516475667720457
4.638487150283554
1.8177383810955627
0.8008032104360883
-0.20964309595066855
0.5468820219828538
0.5185768564634295
-2.8429285401915587
-0.2824847307192885
-5.383339124098514
2.312017312814321
6.435795916602657
2.136809096093051
5.942636644455037
-1.1126139167729525
-4.883052040045737
-2.077160773373676
3.98706805295543
1.8870458843588231
1.3616359424689677
-3.88851675455542
3.5544256979844686
-1.2656582369398173
7.2736016942317985
0.7758790443554577
-0.017793838984426043
-4.650238081279362
-0.6212565053186773
4.643066278727926
-2.087214682680814
8.423466912014526
0.1137521134733481
-2.5516191152240317
1.0979729619781429
-3.877965401408014
-5.683122128318753
-2.50655289418882
-0.01271269977692366
-6.663908383414972
1.722292944959958
-0.8290210259688058
5.571387797626107
-0.3676118753201342
5.194155555604209
-3.187682914386203
3.9358320025250535
6.661597222263254
2.751873736492021
4.023929084427022
-3.136767529555744
-0.2689790642843132
1.7103322180674936
-0.8426108593311191
0.8004338315890638
2.034110252837508
4.613805400946109
-1.2863669024348883
0.28137124492826737
1.9303023842209637
0.2724602792288694
-4.900953686610356
3.980617022880228
10.355271537805011
-1.2568360135337324
13.646059565393974
3.9169608819192536
-4.1832899531485035
-2.2501951941284686
5.583866083472788
-0.11146322094892408
1.0228560263716835
0.2421752737886465
5.054885841497585
5.798248248321544
2.5015843304737135
0.1177133865011648
-0.40183479291256696
6.33705141864643
1.1390397165947372
0.8239262488935841
-0.48686977587341473
-0.37567309951602706
3.9073776890386043
3.209163030655153
-4.414726126158965
4.683404551100479
-2.1326592936691826
9.675538154915282
2.93543862149778
3.7279325757136874
-1.5718011914593002
5.925681379023683
