-5.324556181959202
4.66705167723492
3.0382362597778227
0.5685256763219335
6.167323800473031
-1.3739300802268497
-3.529289126269804
-3.469207010919365
3.7385846874082946
-1.5566006630570102
2.110944968782412
1.580569757899095
1.3792825058619829
5.845321490770259
4.985331369923926
-3.1287061924925585
2.890387104956841
3.706537126966984
0.5361406208914794
-4.951524081404267
1.469934385188074
9.387946223562158
-2.4292096917878645
8.923727370484459
0.45680424698406696
1.927609544840792
0.6831004660870335
3.3710714275842344
7.0476492466301455
-0.148566037157021
3.735556409338045
2.9700334668713113
3.8386364189706934
-0.42508688717645426
-0.3553709007985021
5.380421896628611
-0.1471405735391624
-3.7959830692360215
-2.465462492856027
-1.4899573347345232
2.0488828430734536
-5.191404442756201
4.848600277418109
3.7917194456768657
7.089050164065957
-0.1219811342943171
-0.4017523970801822
1.0785862504845198
3.8240423058294883
2.0219381922101243
1.3246257241125883
5.636833476268043
-4.2041268437504815
3.265576476128393
-1.9638564382252834
-3.0073523217252225
9.917894499167884
-2.064005720450148
4.01021697152361
-0.6063614853904303
-2.0397935994451126
2.1758195635231967
-0.016831573937140187
6.286130273576556
-1.8865969828111866
2.0240325046009575
3.0280049808982366
-3.811571351439908
1.7951870600157174
-5.685358834383121
-2.226932239354868
-0.910518187618337
1.0382659583814877
-3.1783700002370145
-1.3905208029311231
0.6174152419814664
-1.0608494123722845
-2.804582393342066
-2.2638756527534993
-3.959129566989133
-2.1947772663731686
2.4366065308848714
1.5499236327585204
-2.1939564699747187
0.023681725131678988
-0.240350887574698
0.30509483362957734
8.03271368531292
3.653866467714692
-2.4513574024720426
3.396788034632525
2.754597817982127
7.287848295542352
1.733728683624117
10.219147696577172
2.737294670813638
5.781649753809715
-1.717470631050757
3.6245227666363817
-1.4715417594875808
