1.6581737251675426
-3.458758048433088
9.405177035110544
2.296208275707508
2.2131767648174194
10.541737364459657
0.33682629723174157
-0.874021421715173
3.0701289647095904
0.42545030764910197
-0.06205043634244142
7.909511030070503
8.444958497495861
-4.090041071700586
-2.7652747430344586
-1.3477680872770688
4.301925926472253
-3.815344328428339
9.337214742368534
-0.8427671465800266
0.6507915203137196
-6.371463771834662
2.905800235155911
0.027051516456250018
-2.8040567993134626
6.385587653941497
2.0750415515277356
0.32524220662034775
-1.1416203021545193
5.453828624900127
7.401642949638362
-0.4527871558719754
3.3118662828022205
-3.1751236800026295
-0.20534257801284725
-1.2597205260430626
-0.10582181479315542
-2.502112016054019
-1.044159311461908
1.0951930943672539
1.914668763752491
0.8790326175481298
0.89054825248981
0.4562949376120954
13.115092597753975
-1.0716047115400156
-4.3619995321348926
-4.970270374353741
3.808125515568195
-3.750695161360622
3.499881421392388
-5.926505922851813
-3.903923032615869
-0.9165014685765343
1.4497230110700576
1.1784804078894004
-0.971928424141244
-1.3349497100696222
-6.578976951750477
1.4811005862502116
-0.6868289746967344
1.1531628127528453
4.168758584480818
3.1367305096170472
-1.3938618448262063
0.0925567428330964
-0.9931206300304215
-2.9366716604159846
-1.3573434591398643
-0.1781239533054907
-4.294350003029876
-4.2196044583536505
2.867695477742762
7.7046584229913755
10.522831749613765
-0.5567752154891501
3.505044358966454
4.449290121189202
2.3268262060881275
2.269481513638616
2.0602679029627233
1.0227609358694112
-1.7660174770181736
3.95004739075791
2.048926643800937
4.055272181435585
-0.40921774829466684
-0.8297490231048261
2.152908867354062
-3.3927758459677726
-0.8285666030423217
5.641408591805103
-5.491063314100793
0.46188749940433
11.338242711614338
0.8925814378657504
-1.5400911924570186
4.2575322040963055
2.6340115069701766
8.799297172896852
