5.626986709367271
10.015515979855408
-5.556630870452504
-1.4558004558145332
1.4519989620011586
1.1295283114899797
-0.2986027141518054
3.7901420773213315
-1.8718743811054486
2.3214899996582012
9.727007169387303
0.12684349945833978
3.6150097961161283
3.6727739795476424
2.548895235573711
3.917111152176406
0.09940968565360445
2.2801745226385153
0.6691537431007349
-2.280155103465981
-0.24668346819547593
-1.8645215331727316
-0.5623059592677244
4.969661262427666
-0.7020980167285541
-1.0839587843227696
0.09287811770109321
-0.5237824282014942
9.070886135055646
0.11351549183723278
-1.1317767494306725
3.3856978481076556
-2.230127175533848
2.18150991895105
-3.52534660778461
-0.14133012797142352
0.4739915449987362
0.1164022482341874
2.2467115417092844
5.35066490119838
1.0364822623410237
4.596021045064915
-3.0503323017047697
-3.4886412543831486
4.885553381347304
2.120785057248789
1.2813884500442132
-2.1163852605191287
5.679347233962824
0.18675173993615285
0.6683488096904351
0.07301518422817477
1.7452058411393097
4.287735464054963
-6.29343925727614
-3.6524089617834234
0.6256741523844009
2.9382725857019194
-3.8949380052658498
-4.058072857975656
0.8437211678426628
1.8954969821223377
-9.418752102349789
3.650464393205926
4.521719417255261
-1.2609794815921642
0.5563211449567151
10.418283098322508
1.707140013227177
-2.89319824045197
3.7453801632269683
1.1966963063498177
1.416915012346173
3.028705195728107
-2.509743095348486
0.24526456897888338
-0.41593928037058947
3.6927667361928913
-2.186623907778726
-2.20883241484648
1.4688240905106502
-1.5142149534782452
-4.873449789350978
6.933735152234837
-1.9923644730221586
3.422876969499251
1.1721144586937613
2.712028051137552
0.3682568632210186
-2.381135201816432
2.335066376476963
10.231482774903213
-0.8835214233747757
-2.492499592109863
-0.4078327922144277
-1.3189286333950714
2.7403348141676496
1.9153434683951183
10.31012048806935
12.277107498930178
