2.7282756743351877
2.6753152262361883
-2.848461466888536
-6.199591456903172
-0.1526786047520554
5.81035289969692
2.68308707122579
2.8966870876811335
0.8521858408342267
-2.6524859934342087
-1.1970459214888804
7.34223440093592
1.7400868410721424
1.7892613354070757
-2.171375359454516
-4.515510462529446
-0.4701749515507744
-0.9243668382272112
1.214729568105696
2.672155087604634
3.0089991747259113
9.9425801574857
-5.152957737723253
8.703322902853985
-5.53066717421719
-0.5521555680705849
-3.8544166699376934
9.899358881971418
-1.3737434208913082
7.841777849317546
2.661721373550904
2.2153762722275907
0.25376852492782426
13.462141686846959
-1.811731069388373
12.77806267716468
-4.444731958072063
-2.27836468044322
7.2609649155211216
-2.6581272997019005
-0.24858972635317816
2.2809178909979435
0.11575954007019482
1.271156436097007
2.154111725066178
4.4399476193867
-3.354593170431998
-1.006123832763456
-1.7311121827023497
-0.25059042764116646
10.335608490259377
4.543881595568337
-2.848563378196629
-2.586255788814103
-4.058526833159492
0.3273074590896977
-2.1756962952466576
-2.413112399475769
5.065872670615477
2.405186572206619
-1.4150677348621037
-2.3249769218347427
1.1766436809758734
7.230069844703793
-0.24131214053973937
7.992202216453445
1.2709800259375335
0.22295411761748624
-3.5259778846732
4.1153865600816015
1.1017067150789037
3.4133209668094144
5.283332432074099
-0.4577862929769155
-1.9256009627483208
-0.27906367978777147
2.6784064703486097
-3.6482364160537326
2.2386896459462147
-1.704777816921608
2.268456257110652
-0.9681463679716618
-3.1187045052350313
-0.3785898306951179
1.0612536197641496
-3.6932413490332108
-3.5902737036273864
0.5996899037855972
12.41724981668894
1.7060338546772862
5.787424212191905
7.01199955266367
-1.5143752272496107
3.962018595793892
2.5822294669174597
-3.7657850635555494
-1.063848602791427
1.2821872857165122
0.6842878736625315
1.8380856955105376
