7.2085529542933955
0.7287810886176674
2.618521581733221
-6.1102053971561485
0.17426044155941334
-1.2894678947870029
11.270884749812891
5.995870573107947
5.511917823983358
7.174833595893873
3.83412367031622
0.7130040438948453
-0.22099695582340934
-0.13642447947056008
4.215677162885564
2.1560014580774167
1.257306643147812
0.6676014482974351
-4.411951207425275
7.861037221370971
3.2211958356857977
-3.69889797174691
1.2299893728162277
1.6022745909251919
1.551208545013155
6.689809479305417
1.0862393136833532
0.4048478303026085
3.174854450266512
1.6515799823950823
4.183416070609818
-0.6367315037119288
-4.560289116251749
5.3690039688116515
0.5430027787157733
-1.6611575974374393
0.561133905924231
-2.0974262353603246
0.880742106272107
2.544508142777672
-1.8638048223670223
-1.5128395088617594
0.026125001654803852
2.8551922017899494
-3.5384093248424096
5.996021274455687
2.2983727640644265
11.663680202482785
-0.9613158586186107
-1.1204939375603844
2.588808935510178
1.3784315966388543
3.921770354850743
1.3390524631460767
0.4132747141286955
-0.2883140416979841
-2.7311317669157047
-5.260253232720676
-2.7410735652319915
-2.7907468972588685
10.358945259350653
1.6048669396389572
-0.6916326111564861
3.1248122344694353
1.7211760309564743
5.3459044653327235
1.146095142665251
10.12912740052861
3.5568365889126676
2.40491866381285
-3.307949745364773
1.1581943203106617
0.33559231906269227
0.9163074978750545
1.9762369905881956
-1.247962128082509
-1.30997064106699
0.3155976069517084
0.6377431664977691
3.371485242251832
10.473776674184585
6.500176120978551
-3.8344134430847574
2.8283794509385496
-1.7889853160897191
-4.900641134200756
9.110992474264028
-5.392404241667766
3.419126814780105
-5.088536574889662
4.991751519133167
3.1586352159569175
-4.184364892932708
5.44747885503018
-4.188987120054416
3.9696338484149427
7.338910756841469
0.924124619866081
0.7393628893066442
4.441051861123156
