-0.42784994738465687
4.951538724547893
1.5621646081300264
-0.7235273811903574
0.9475757959071742
0.465239137645914
0.08621159008179585
10.501669397377
-1.5717680900342264
-1.0596657885839889
-1.884196817908324
-3.0172815782601097
0.16078749729675734
-2.5155237165504074
-3.003237962308543
-1.8497815282012784
-0.45670459310090816
-6.088178929928775
-0.9515234593487634
2.4013771090556446
10.89992499175354
3.889442477827789
2.8554487022922745
-2.0790198551679593
-1.2208518490062215
0.6920753524664354
1.6880036001970407
-0.019139789061618326
6.089852978737941
-3.0138377847339055
-0.965804420469591
-0.17538130605857055
-0.9024475423296819
2.1318833372537114
1.4290078089462024
4.516123269830238
1.1561476547788128
0.5851653929188776
2.2102303813326696
0.005170870125365007
-0.963363419763793
-1.5309236807317608
-3.791880226618069
9.233117463491995
2.9685076550213365
0.580202635408591
-0.5391937052644369
-2.542509360753539
4.101500331553821
-1.0068139416084159
-0.35897265489468205
0.822551160932222
3.51619478924204
0.375857664002944
0.7188748241680291
5.835868022714445
-5.271324407975852
5.373887632148802
2.528329790460415
4.992138186407
2.2301747186969214
1.0378573839844034
2.0589576991768004
4.003945650237048
-0.08982664380578231
-0.5881768264635513
-0.3910428975488278
0.7776691973331205
-4.956057307221711
0.8848952690394021
4.049593774657479
-3.057604085724444
4.678986056890795
0.3475786212047955
9.466811546397647
10.717275227133289
-3.899915436736534
-1.1904337782409502
3.6643778699570513
-0.8156678118062572
-0.07234612148423195
-5.008956534992923
5.9204211907116955
-4.268326203167829
-1.931592957887805
-0.7989281426315871
1.387445619301984
1.6435351739245372
9.106484421672784
6.543830089655847
0.29042832512278
-2.7829175914299213
9.780192077649806
2.1204603748456137
-0.5473684226446336
-1.0964642984881072
-4.525136274314075
-0.36292984700131004
0.2483226094133717
3.898214958753556
