-4.416606514913459
9.266383532793903
3.8160919187318187
-2.446078896933686
1.8888194186627478
-0.9496288502246523
-1.5005105452166663
5.8859682274591485
9.045183360810796
-1.6125638814342433
-0.08586056008864598
0.4424762716025228
-0.9135339037362191
11.787566557965075
-8.009724365776606
-1.7700314583255021
-0.4784352009267345
2.914573050215323
4.559312896911891
15.311056688911831
9.576300205020486
0.1073877053598051
-1.675847091294563
2.115273662782725
2.572748001669865
3.534582017156474
-5.984461843844651
-3.152125729992931
5.975204044865476
-1.4506009396129245
-6.62254009341132
1.0161192756636173
-0.282442313632053
-0.36399041693521367
-3.5599475773149414
-0.36550229015512
-0.6003001411203259
1.0008070666278277
-0.6240320617912528
4.037536346289005
3.6508775718522846
-5.637080104603774
0.9870254142006256
3.339332522396961
1.422084108978357
1.065347530410104
3.534907682808764
0.6379657243031331
0.7750019161109356
6.887040789582819
-1.9119319108032824
2.742913214374199
-3.7853334940974497
0.5876457778468371
8.564350502341936
1.7860459624451672
6.897789905944202
1.488888718554601
-0.5435272229729113
-3.601403345498244
2.089156388393267
-1.3768519387011346
2.7916050621583626
1.880707642163547
3.4887977406287907
-3.5404384757805367
11.085895448768802
3.2585725884914583
0.24102781210218727
-0.22800090924458874
1.5413999007190302
-3.3996347859667067
-5.528547559780015
-0.8702662585625256
-3.897099084533875
-1.338798047603738
4.022867912470421
3.5864772249603414
4.80554080365443
3.495707908480807
-0.9710797389456765
-0.709795010386739
2.282414619587679
2.758324638502127
-5.976634952989556
-2.5108043546980263
5.387834915156227
13.412861703255713
6.360145686590309
8.314016552992925
6.498756153363958
1.0915678999438965
8.497883925337334
-0.8516442105056539
-1.7014079173536585
5.826996973547773
2.8794513241331305
2.551456227968409
-1.7833111821915415
-6.587699258420991
