2.873834663051932
-0.21837049396102248
-3.23175184965823
-1.3685806991614915
-0.09215646941936428
-0.013605652742099981
-1.6581037875223545
-2.976091065132637
7.925588909534611
0.40059522819476207
8.679770350346761
3.7546955575921395
3.0098924845382724
5.544745523008526
-2.048560506185216
0.8203293055742452
-5.818529813165895
2.4460196850867684
3.089893335040542
5.96674523640418
8.516133574845293
3.2497521115375663
-1.874561707341659
-0.35091159858867116
2.1249171789588335
-0.33086051660447324
0.9491741040398382
0.6388193793485466
-0.14954283263222395
-2.9970861073686055
2.160891397714129
-2.7811398244438474
-2.9626258272858923
-2.2330175631777918
-0.9573688246197201
-0.17807060796494192
-1.2021327368452526
6.985367482694708
-2.726807414528925
1.1995282318484715
2.618408052575454
2.3961977759585174
2.77686619086041
-0.34568491471954066
-2.388744224527831
9.23236387022737
1.5118522910698722
0.06676249259910258
-2.921290973073641
-2.9774039869870195
-1.347314572166133
2.3899734054921464
4.463647179617929
-0.6556806601620307
6.758628229355584
-0.27100021854367823
0.3043488969238316
3.187692836999322
11.6913963928623
1.9538118934736932
-0.44449637950079274
3.7080137000045554
1.2394697129666254
-0.29629919686832806
3.2415925280486886
3.4429928804531933
3.32467855616358
-3.612748909796136
-0.5794858288006732
-0.6388372199566668
-0.034470569854744205
3.7575365376484666
2.0490960386414487
-1.6028403858410947
8.529723395996168
-2.7698349194463727
7.933368187975537
-6.6007323891021485
-4.187753549104192
-2.444007863421822
0.8359754009947508
-2.625373262427762
-0.17049796871504486
-5.946584570322729
-1.8930560620418908
1.4437863599461611
0.7210269564753915
1.4044039442743963
1.7917475029122902
-5.784363638136984
1.4821466282120597
8.184322336695038
-6.073300635523303
-0.05836122845453887
-2.721372339639483
3.2618123347586847
9.911412953436596
-3.772735860426729
1.5058362003977535
1.5385872226906314
