-2.138256890042644
0.4329229031588293
-2.0357443655384073
4.975243869010114
4.632839178891213
4.950736816521354
-2.293982312530012
5.545879928668754
-1.7798090005949991
8.34534710957595
-3.1961032235442044
-3.8333462062278354
-0.8582567349572425
7.467369897437225
-2.2010694045900765
-2.9995383598248724
7.541174485928462
10.21733827132321
-2.770406169408585
-5.113491420491902
-3.7509535285984263
3.2805352349192836
2.38489832913548
2.683762387533935
0.49114184832844376
2.074335139636439
0.7525283071133664
-5.987887327845458
-3.0443392939428846
6.9989254869454305
-0.050877690564644626
-1.6716972492413604
-1.6700093895515034
3.6149928277119128
3.927144442833988
1.5500350261808116
0.658959009844682
11.914577917437212
1.9038763761464228
-4.131648050684829
2.503279501723851
3.541193777098999
5.0659400620809585
4.951947721195363
7.044022818201749
-4.201913623197635
1.8373911451083984
0.421659112249118
-3.3250713424628726
5.401513664824739
-9.035569308080952
-0.855755794874766
1.4215117000214006
-1.0164184178956432
6.888898676367751
-2.6992500074827657
2.0357203070022036
1.261272741633169
-2.715907905516182
-2.1537061819237353
2.1098960882480724
-7.021729324080438
0.25100961466911276
3.3232827423862688
1.4360845993740754
12.453508811532249
2.676185862633773
-4.660440200437819
3.0776905587114847
3.4513122588473255
-1.3959898449868375
-3.3078845677979762
2.7718300286877313
-1.0763504148339231
-1.1875756139173865
-6.533377992467778
2.4111958882552336
-4.077273027306536
-1.1341759109130862
0.2538242519935396
6.06235806962205
-2.172626003016559
-1.7593640652023588
1.9046371336908843
5.4623168554019985
-4.484052055841091
0.5935048194149215
-0.9751467246210159
-2.941242642737191
-2.680165563624447
0.9957773136685852
4.59205236350142
1.4567246461774455
-0.6058855280362191
2.48227546924611
-6.464225876108718
9.295063920642374
0.6533891742486994
0.47043007996445424
4.186564137857925
