3.711098250110718
2.3793521762687524
5.535306739638279
0.9957344229623426
-2.4945715277976523
-0.2988151478350668
-4.917325364714256
4.307707788162083
3.739931637270671
2.1914539659087113
0.7326915613462412
5.4444614376261935
2.4084571210308408
6.175801508395452
-0.3699164663404478
4.4932226982955195
5.002410863407199
-1.4449507735944744
3.1769864285466847
2.064452417458624
3.433805764491253
-2.043446701745549
8.065764687490063
1.2438226716514604
-3.3541117962346694
-2.660223457425117
0.7665090530665486
1.4552144048535627
0.30491755099267537
11.581337198268722
6.153029207039334
2.1994125290966133
4.2941910151841025
0.5441469986955406
-3.5754502217266317
12.765523480401813
-0.1250586686153877
1.7442506815161796
10.128766767261926
3.006529850761453
1.4764289277350948
-2.7535575448320526
-3.0826140319609068
-3.229699800727847
-2.550603152001279
12.69003333413343
6.221846861992338
2.7278866124844257
1.1729172604223201
0.7443551852296724
4.912707512754332
2.5450970985122616
7.891446804441534
2.586616884711767
5.05782927312076
-1.5667017969841748
-0.7716521743254886
2.308938434677397
2.1740973659502565
-0.27863828830239873
0.24343023203435182
-1.8558724391928294
0.40964343642355816
1.5490910955921562
3.090640821990787
1.8691459232894934
-3.0363365734430046
10.813826058219613
-1.7635963483383321
0.19755160544039396
3.919225920535141
-5.254255049506595
6.546480455136498
-3.492838327038691
-1.2177505295809457
-2.4424977466691975
3.1020675884609075
0.9999404252767048
1.7570206152676264
3.0075306933391825
3.1605138814636646
-0.15767592092405722
1.6349040994690087
2.460973951747928
-0.5028267870230823
2.4273417528865533
-0.38751932837677705
4.887443141303467
-1.7641021175428322
3.096346930597588
-2.3455166667100613
-0.9122188919650094
-6.832418032023005
-0.22064148557998053
2.0754301948699387
-5.422803493907839
-0.27139793422916725
5.5360050939593775
-2.7057412074751523
10.77996039831159
