-0.6207760293876093
8.162256797243323
-1.5443909796233748
-7.178499550920845
5.042114136055632
8.966461413341042
4.80566397543422
-1.072898005556374
-1.7449886807836656
3.7386297430086173
-0.24158387609667564
4.008193757468003
-3.0984346480754583
-0.6862096988501791
1.7974888144675103
2.5406354052164595
0.5918313279852603
5.656756757951273
-4.024297677018329
-3.0652822011637473
2.8532128635968292
-1.200484985954539
6.915062937049609
-4.466327411642729
-0.1745294092203637
7.149253300970068
-3.907615583486235
-2.9240343928137222
5.874545964031918
-4.314522048552796
4.5637297506133345
-4.22842993325157
-3.2358768306642354
0.4816975277984906
-3.1576207779691403
0.516414199082994
0.16953617690604295
-0.3683818845814532
-3.8872802543009057
6.27221004229825
2.6795758041824254
2.0981770489035774
-6.986600805678361
4.8116892282436075
-0.4644796100252596
4.01795143972984
5.738686367628671
-1.669494443896446
-1.7492863556910487
6.54133361988164
-3.695279129902544
0.10783190152098932
-5.663744756159248
-2.9536680485276485
7.6075378307175985
-1.2913646644926768
-1.9577606064840545
-4.691743161985245
0.8907511876183851
2.6265575756392354
-0.7083274083106761
2.049099891618135
3.8148758242255063
-1.1903614830530291
2.0232908885744356
4.37549380701266
-0.10037677557221772
9.627430412910162
-2.235987675879189
-2.789391638133136
7.766197974293985
5.082737945928784
3.2540777510477374
2.109021547251923
-3.220795422579541
-1.5374832849857858
2.5048961349857537
-1.0088481057201555
6.315833809458131
0.9246893848467059
-1.1697921427413158
-4.175598335867786
0.39590149725859397
-4.433047738072516
1.1513950578471985
0.7200536453762927
-1.472299511253969
1.309555612295951
0.8111540044699215
-0.8852445469052447
0.6836125238643556
3.5079632785460957
-2.134571128249754
-0.4169542419662884
0.9198475934899168
3.342846535447711
2.84934954081444
12.874133092822419
4.835758363696319
-0.187896719335978
