-0.027347158884708983
-2.3541697480327075
10.454130208377615
4.179044721811831
-1.9677580458195196
0.419467783893207
2.6973824932850308
5.7685811874985795
2.6829937139726567
-1.2038687998534499
3.584400389890873
1.0484562539071993
2.823043145129126
0.9270440840764314
-4.794635182028509
2.454388355793053
-6.1851010020381505
-1.553211355783631
0.6520707658059577
-1.015489808755329
9.84874910176092
1.7333338755086753
2.389744092642828
2.3082591133558403
0.10422894291691961
9.874079454013058
3.0985032418240643
2.932911057830039
-2.195347722127447
1.5150800046234374
0.2576298383267246
2.680210822066707
-1.9439103301936087
-0.3976906326640959
-4.48440745545764
5.741739987273665
3.176406192709703
0.00697741804511816
-1.6765297026485246
-0.470705725568766
1.1903694396172382
-5.5970242782096085
2.476589800338517
0.34062775728637507
-1.84570051668651
-3.454668964329885
-3.215179317834572
2.0768780805439766
5.004878881973443
-1.8864266573865096
-1.1889816960941169
-3.3559787158856524
-1.280895829154201
-2.375235266834009
-0.9704187611668889
3.959498396242565
1.3067961347376467
0.26382751264970705
10.113542001701212
-4.578822460426455
3.329136820138777
-0.6388800672529986
-0.21719140817305482
3.678145048814282
6.227840849956016
-1.4836524609793762
0.2685680597318548
5.270132499326067
-0.582836546234176
-3.3683601184272165
-4.451722830261676
4.217969573898687
-2.0168796357161827
-0.2115074871104284
-4.089710668007009
-1.0302094395720152
3.4324101857284304
1.4943276072920575
4.912619803020014
8.481513110347564
-2.1462933236211263
-3.8394907411546564
-0.8197425095386118
-1.9349276378258526
1.2894419410938305
-2.049988133849088
9.640855139413066
4.398148279290622
-3.3471421861293535
2.739711430171347
3.3782060516422465
-0.9369784909283358
6.975753341224138
-1.2170475668095377
1.008508970695721
3.2358915198896394
0.3822643018669092
-2.2494039889919826
-1.310773954187992
-4.634209338501995
