1.5531499392094976
8.202027433111247
-1.7478788718415526
-0.15270827797028672
-2.681088493686014
-5.068733572369723
-0.8418335011810855
3.5922757905019784
3.162909851734125
1.4010944427169523
3.3234236043663654
-0.626894151868349
-3.4015173931653555
8.137940186393983
-3.0376319767409603
4.350232394702794
-2.1128816907446066
-1.6596261148077633
-0.38637209309100207
-3.2343627004966615
1.0664304212563165
-0.4193045389905351
-2.1040469098083086
2.7050165630145138
4.587540243265492
4.164922195770128
-3.5443043691913148
2.014540500285068
-5.9520630088935516
4.666259011187969
3.6483926407709864
-0.25992024729126884
-0.7320037877100365
3.8180493936372493
3.3771448153526573
5.294896645974345
7.04898036461913
7.565062562856545
1.357700213827565
7.89469766373187
-6.425890733525845
-1.1361107617790935
15.21816117864867
2.4210931701042577
-4.170764946139986
5.999711317432407
5.69818872890259
-3.704280450547895
-2.311288520425811
9.212580756446505
2.527355102523661
-2.83517692533731
-2.8228126402461013
5.84702245542567
-2.4716325687272285
1.297001460477174
0.3769064791457739
3.360098226368801
8.44731219117947
-0.2429153706795198
2.1832713029890165
-0.8284491644849475
2.2152290346849117
-2.9054551786427965
-2.5714277149733213
4.6996736354840625
11.064840028378914
-2.067351845966493
2.7970864282818977
-4.125486982008084
-2.491487796468756
-3.5709737223707796
8.597017001564112
0.48652150983446246
-3.279608730756718
14.408822776565474
5.658197358620232
0.4032355337757376
-0.888477239904522
-0.3645579068809001
-2.9219244290081026
0.8123116244848805
4.510806686066187
3.419834454663686
-1.0770323942308422
7.910132052147496
3.5261767849666397
-0.6012097649666037
1.8717287821147317
2.05261827074463
0.2880812932302804
0.6652425290614371
0.10077901936674119
3.0470188375901386
-0.6326166054370352
9.56705527166456
-0.8884430055632115
0.3623609255794983
3.5651822526931545
0.3993052332944532
