0.46403310384788526
-2.3796487706371234
-0.8579660416451664
-3.7480603880647037
-0.36969934149275596
10.658404662365795
7.335384049772443
12.025693792250241
5.630979690261105
-2.228139280761334
9.139577901258328
-4.618184287321506
0.5719399903749159
-1.5224206729603331
0.7630559856900438
-1.3518993316678367
-0.4942499274142932
5.189392993191975
4.05002880223358
0.8015652390572574
-3.7914719122281864
0.34324743288923476
0.7093584080059124
-0.16366847685318647
1.939723249949909
-0.22532423984316846
-0.2617777089661275
1.7843356681758602
11.34727417007026
5.338429161731126
2.8393777847380446
-4.060883625390911
-1.8841680748311656
-0.43766633965148277
2.97355520854174
0.9178306280431868
-0.8411711507310672
1.6166518124996299
10.47604326141288
8.62973232516689
-6.319617072521027
2.887032673377214
5.582282924481939
0.6945414172225935
-6.457333116910799
0.4495867039604913
-1.4571948588945072
2.775382785633165
-0.33196778358375373
0.5613794197433841
-0.6322777690572919
3.20673849397929
3.8565355107447212
1.2170582924310396
-2.908149429006318
1.583184115587225
2.937842724594522
3.395013656621883
-1.985955358858606
-1.6404670977461007
-0.4424490143905101
-2.891616623673725
-1.702129529848833
-0.8926987047407142
0.01694624877175637
1.401284181529598
-0.31767836138758004
-1.6049302925704705
1.658339587332868
0.08257791792293152
-0.5377685683171564
-0.5997268616007301
-1.0947306604380287
0.7412455038461669
5.705736242589561
-6.923565876445319
4.74747309002197
7.467268318268932
3.6538189005560935
8.556410713962487
-3.180393813610273
1.8993397359745376
-0.32572268438400354
2.007802195057123
-2.5437693157575456
-1.1444117698658458
4.78491196422831
3.178893136910883
3.759977715983375
0.08369615105464252
0.227270894728949
-1.154491966556803
3.2312032527245695
5.799841146703001
-1.6142955788934878
-1.5333457122765004
-1.3555251094770133
13.900936267603852
-0.7437492857353383
3.0130250115992117
