5.00744521094727
1.912008514369971
-4.848913585441034
2.5441029177840315
-1.7732712228201577
4.876121529233641
-0.6279704836507622
0.5965320178576679
0.559252579937253
-1.3494495624406129
1.9727828033907109
4.4073684819480805
-3.361879886444429
-0.558166156874336
4.520327118731452
5.735571541942081
4.724911156023688
5.462431480699179
-0.20489942991145094
-4.557838540268847
8.07222421930679
4.671408765635278
-3.9505967154532264
3.595451683386694
0.877838433388682
1.648041111779934
0.25435364572600516
5.778103151256697
-1.2892791126419678
3.337683607346955
1.8461800368325663
-0.44394136992865285
-1.0444792215496004
-1.766843956574104
2.6921406083666843
8.875659924414126
-7.403866246398534
-0.29829783461341014
-2.556895515867375
-6.769576395268543
-5.555470351683342
-1.8055939948231194
0.40533285512254574
3.319608244010497
11.190003895870817
-0.3258512821380005
0.6888925057573472
4.443969919596525
-0.3144094870128254
1.5920203580592838
-3.486468838772931
-0.508444464716009
-3.652886712492417
-0.8680339968110578
1.836659756215767
-2.3965171843446424
3.7623851097551624
2.8606432725509325
2.4029670873610813
-4.101970457531934
-2.6356682510387768
2.0147342647153383
3.516428404859921
-3.1342695943231638
0.8291299169257147
4.722169083366543
0.7281459059856851
-3.5836711364968767
-9.616551594483607
4.647035554199137
-5.815936768957501
-1.7037783960973383
5.6156031631752565
-0.870389198416516
-4.344227670419946
1.7728628206161754
-0.8227159489661955
4.251629265641787
6.710835508811695
4.955210343673941
-4.429454802604058
-0.9202002382664008
-1.6386775056095626
-0.10699359170760725
-4.8104466995848805
-1.395720953689937
-4.004913317165686
-0.9386041076785469
-1.8361912399340903
1.6963940348310949
2.1514188439313475
2.8564699932734974
-3.7997596172196317
2.5430956522034136
-4.6168713615784975
1.0009017483926692
5.286582877302626
2.2121455577418794
3.187679957785863
-1.7834305506379156
