-7.598895112618136
-0.40046179491653267
8.659417703798555
-0.20390213007447625
6.478348767402949
11.641540638676805
8.114635126001716
-5.803912233582019
1.7053245644391137
-0.41349200032780475
9.441643206316343
-0.9873994894253023
3.522178135409834
-3.197583537667573
-2.474124751204804
11.209032594196303
3.5823261604572156
-1.5514147797719668
7.388136595989719
-3.2127112344570605
-1.4607119285021208
-0.9450129445035993
2.2249901982756337
-4.683847648064612
2.2027420772397788
11.72702969708476
-1.3282120925574277
-3.327859124807241
-2.23754592673898
2.2985873034251743
-0.9602020957577384
2.937468780772481
2.8972758936488985
5.613324800364801
6.132675507694196
0.7901621305437577
3.3176509468915247
6.268439258525362
7.8577425525701505
2.365212182713166
-1.3907170033988239
11.34852741273002
-3.9252043293945817
5.899031581015958
-0.5899432517146326
4.163184585691718
2.711216963749137
-1.0686909297623528
-3.719514928154272
4.566224701837491
5.19447835933656
1.6418518302037766
-2.437435410062236
9.759785841241769
2.9276084715749358
-0.5118050538937376
-4.205785445685615
7.366400134257049
-1.4602968890094772
3.1960517879325696
0.09367612844122875
2.24457098070857
-1.195555330181767
-0.2391214608129152
-6.1782594228752306
4.639955659964743
-0.5496673400072857
5.987751616909424
0.0610745401046328
5.515222712806033
1.5168860395947634
-2.3399303132250537
-3.6411852830326668
0.4078424964443501
1.6354959603460135
-3.460604810041192
-1.9121776517414837
-5.036747205415759
-0.43427297512181406
0.9598055832048824
0.9953876957129606
-2.874299206772079
-0.5265357410503925
2.372864576222277
-0.37705651821769054
5.38024913513209
-2.8126653989748895
-1.745666254000642
1.4106690249265528
3.2934500789200643
1.5600824435756921
2.7791555133265957
0.7094731082275818
0.0002783664829415635
1.1998406614528747
-1.1525577476519944
8.62341745370725
2.4859993589258713
8.239077912805401
-0.2884121427886833
