-0.33788447213058825
9.936890478636327
1.4497438654140002
-3.3125713286144434
6.707681196006483
-1.8389908495772715
-3.7117247131255864
1.0007174082273176
7.475573818765263
-1.8903549164343278
4.753783364253909
-3.0013863593494214
0.29286230518849415
0.3420231546658196
6.392765325194019
0.571922374142416
-3.4898055921554763
4.683351068932676
2.7235386135885418
-0.7427454467652722
-2.973704921020884
1.296333432941892
2.24366163972559
0.07267328281884333
5.863772844177124
-1.7255886308234663
-2.351210673629364
2.905722162646112
-0.2247627220312268
7.031914079295929
4.405070478766507
0.9702638510480952
0.19180841313618846
0.7895011995892479
-3.314510814419365
2.172917831629945
5.935240896249306
-4.041462461850789
-4.124028816762578
0.4196123730888531
-4.979169962998364
4.798648134671644
-1.5189613808645426
0.1937353174939118
-2.4128890604672084
-0.2552545539933694
0.65498003829636
3.430647011978283
0.23449808861699512
9.103019298928595
3.477242500876409
9.164589544325187
-1.8709201652834806
4.742936881552533
1.9565980837320711
-1.6688142073146555
2.621025507248753
0.9434458194346962
1.8480200842145242
-3.462660051029461
-3.6521661844991367
-1.3937305215965445
0.0975077512310816
7.408061751276696
3.2178018435541302
4.77327773487402
-0.5690068221167578
1.3480960950447347
-0.35502651824997344
1.7595319091691204
-1.4556136788485465
-1.8322245091975167
-2.1495451469532068
7.60031267318208
-1.8873084690615785
3.814093463282353
1.909563724535615
-0.5563766514311645
0.9498936085724035
0.5799363086650635
0.17249816133082663
-2.86327017675374
8.824362882879191
-1.4134563820239983
-1.4160055240573406
-1.7225101741446633
-4.491678301503848
1.0271037564011785
-3.7231884314986203
4.483969856552664
3.4577563704052086
8.933829806922752
4.19775697714352
3.5175500197979668
1.6146911517718947
-5.145867805889754
-3.9089914918443043
-0.023429699770851485
1.0965864794835078
3.974604458895131
