0.03440294823120932
5.522521638680032
3.7865746162939127
4.00204973639698
0.36894593647427
4.116413919882853
0.9563072230830609
3.37639789699046
2.7443842325052605
3.6894211831815733
2.348448937690602
-3.789892368556485
2.197064899250585
-1.8043856895156791
6.022344809681718
6.8158127378763815
0.3791897823570407
1.9639042196476497
4.777975090985693
-0.3233644250883638
-3.115676655009675
-7.5016955244128845
7.592323809997366
5.408108202307694
0.5679416623155781
-6.072641314592154
1.765914593284494
-0.9088689995375137
4.707471094057078
2.493307205182035
4.782043097901218
3.4969557165846537
-2.503836701297668
-7.137034504789462
11.703828541950116
3.5293256078326944
-0.717065461981077
-2.944958009989356
3.53822215957535
-0.7097133083814489
-3.778097294285062
8.22151097179885
8.854279591860383
-2.2848083590552113
-2.1771726380184706
-3.714769875704774
2.156504914655231
5.4130264523106995
2.0539582850507045
-0.8377336419839359
-2.986145367538641
-2.7875727814178406
5.090436893146994
5.457849928571997
6.0818641527779675
7.078647512663171
-2.4316101480396446
4.254271197426936
-0.1841799689382844
1.3605940441678157
-2.5398207277056244
9.37247273449302
3.633011694292446
0.8523804141619271
0.9612635741720884
-2.839286629822521
-2.5721663236423677
-3.643266025178919
0.6838872111503496
5.434986946430922
6.056180127949474
0.37941635612196833
1.800564330107488
-3.1367713901773557
3.514704634500687
-1.1669702301193223
3.7015988391799786
-2.6250608796992223
-0.134804308843111
1.5957330562142034
6.114810965528484
-4.017474341521191
-2.4530739376017743
5.4719148177629044
1.15914760893301
1.6015842911101386
3.174920337554508
13.064827262083648
0.9415769257136796
2.9441386874965696
0.4034400826410893
9.580065422588387
6.863175383455483
6.991490850719282
0.10850320132798236
8.32817997523447
-4.533377132374065
-0.6825515724320285
2.0609339310970864
9.029332560354666
