-0.6968612963938254
-2.022593934197661
-4.000792927356409
-5.114975633025438
2.8578734238151116
5.0848932433890965
-1.4362046558329733
3.789934600578891
-0.6626898351686118
-0.8871076764044593
4.627628448986215
1.4989260624854868
-1.2905819409063481
2.83464380186413
3.38137930630373
8.505927084131091
-0.40769377937238893
2.5248754699203992
1.6262405445344972
-0.14951356724444587
-6.401227129861892
-0.6740837848018922
-6.477660274443749
3.3788338991176943
-0.7320304680392812
0.5846507528765694
-0.08336509467747823
2.3159252624438853
2.179464926667716
-5.407054180022679
0.1891453069322338
-0.3918918109156626
-5.2471094268798915
5.340153798960789
-0.36299806395561096
6.805281245347176
0.35409581494356934
-0.18154712994734737
0.015325602512129447
7.818241936876511
-0.04999485687477114
4.068958443839327
0.5590477043346683
8.25046868095681
4.593870832776801
3.5298068518317347
-0.4930051693528872
-0.9808839508413235
-0.9190669279804308
1.4039073477084252
-2.0969062160395526
-2.375809095664904
-5.600574478440566
0.40929654254888204
0.9942321143851078
-3.827954632462272
0.9441419704529252
0.09974285003328752
-0.11919197848937516
-1.4501407838836848
-0.1197677921090833
-0.2729662011122944
3.581608281741976
-3.7819505099041715
2.3152790763248605
0.6900608350885502
-7.3899546708499635
10.209393555468097
4.007352740662297
8.648794346225074
-0.29902971796985384
4.948300411109871
1.1210700975593095
-3.5632661124993508
1.274938313853154
-1.232443529750566
2.1865611833252094
4.668707008986099
-2.0754864546276095
-4.232911276373162
-0.5376892863694727
2.2583506819601236
3.906976309325656
10.495157126381113
6.826679157912247
1.1019058008279363
5.187409050084306
4.202793230070212
3.0819495682759355
5.160586157438779
4.2073709249484414
4.90231085339966
0.4786486488370945
-4.272228053750112
1.8434117352926325
4.756320389883522
-5.06625563479856
0.704420108303712
0.980226551532804
3.8999513919067064
