-2.617795135284604
-3.895617933522824
6.925134070790395
0.33689926640551704
1.4353952599773065
5.12203501883046
2.2095260848961726
1.9307687522895822
-4.626166205755035
3.375778983380988
1.4649984960863534
2.4212898747501654
3.6611261418646928
-1.5295780878582095
0.7469165286478328
-2.180662645472589
-2.2706823741497146
5.55470089470849
11.51349390683389
-1.7197223778342747
-4.771170743286464
9.282564983018794
-0.2531492359456062
-0.07367128798261299
-3.3194406274056334
-0.8014677019400587
5.505880714244452
-2.414013687632475
-0.5366259252973242
3.4999081793079365
-0.8765868788880922
-4.810177258790201
2.432636339145981
4.863513286030204
-3.2149070191148343
1.084505748723032
1.2304997265504616
4.104456909029901
4.342908593444246
5.055986703533274
1.576108739511763
-6.188462250184061
-3.2018089927335014
5.67888993454782
-5.177775691195518
3.971575910030234
2.9687686842428334
2.3710745211568613
-6.557258373937355
2.1370196292745196
-0.9763232832465536
4.966948646019613
0.5710178733521816
7.133305223183568
-5.439601845877517
2.753775983406932
0.14513455273524295
3.7436064501209003
1.978149419872588
2.30268289176486
-6.010586637028251
6.868488710976073
-1.3208447403752839
2.421851817426412
-2.377609008532256
10.32804534999039
1.6858971908202374
-3.9063472980592993
0.08664133726157369
-3.1748143090898178
2.5608165362105373
-2.2264549392510586
0.5371710305675864
4.041823321890495
-0.7953946487329393
-0.10696708463395296
-2.021411222083535
-2.649581169481073
0.8027118547438037
8.281730848347838
-6.493226056744781
8.995236943831653
0.9040674981217516
-1.564407170808213
-1.4129908514224845
-1.5155773283569913
-0.23664902777174296
-0.699897124922249
8.022831255005244
-0.4596418648106112
-0.427910755619767
-3.054786214415696
-2.04254709575337
-9.019352931731195
0.4076832871825238
-2.3027489778635646
4.254415688973577
10.066926806724336
2.608813962939898
-4.877551074670449
