-2.453209836853194
1.6384968628595469
3.733299197900417
-3.702404195332197
-0.9181696081614753
2.1822205435320092
-3.169804020036201
1.0446899570248818
-0.4396670661236042
-5.874650752010158
4.022971274371246
1.0869341007806237
4.555217234498288
3.9299748615593098
7.975919247590793
0.029108487223181483
-0.794787411644782
0.27704830103937883
0.4002102715243243
1.6322069906510073
3.853027446581917
0.024063777683426386
5.382569224986486
-1.4708733014797386
-2.894340277733871
0.45701965668946526
4.850715789154344
-1.1165488721547672
-2.7815005745396704
7.5039470636936265
5.367840524224424
2.2128819105925692
2.2932009421903303
1.857414038220594
0.25026700807372476
7.52338275420819
4.446748422058876
3.786445308447112
-3.75713364397159
-2.41183472611913
1.5335656874211947
3.6230897149298578
-1.0885601140826031
-1.3957114617106803
-3.1043203099609205
0.6630847437881261
1.6863149193794111
-0.1611045890390763
2.5550940765790973
-2.6917962343898565
0.4940054402886999
4.701793118465094
-4.153966732222134
2.4510477448717234
3.731932667237201
-8.265415114987732
-5.3844874770180535
2.133031716087672
6.078631730113697
2.353788811414791
-2.3588842812388378
8.08887491319779
6.304998236697177
2.14507907788625
-4.325074218255092
2.470528625427311
7.289657301761126
5.927099306262043
-3.740283956901684
0.6604084195054509
0.2782263454559166
0.47037168537486274
-0.0024902172502445567
3.849066920348228
6.787060850623534
0.6451630741671521
4.78622429457336
4.229867472601497
2.7194719031031456
4.072812469468186
-1.3508590231644741
-2.962107719839642
2.413664092358891
-3.51241506078004
1.8055601920912188
-0.4034431644612946
1.7850957494526032
-0.4304526948261149
-4.856056355007052
2.4017628562927005
-2.347822483751231
0.7155650954827424
0.7042851261011078
-3.583244630105982
-3.7005069519770366
-6.279196358136793
-1.5137973348487344
1.2723832429020323
-4.051354201641191
1.1642500193948653
