-3.2468536215637567
0.7045369982295082
4.97695768386342
2.481874076341646
2.5671176614423605
-2.3448541394792155
2.2156119947769093
-5.176277744921079
2.3617086480311533
3.569192721563306
0.4238298930568187
0.5580835336927161
-8.144081096850691
-0.44644444583771126
-0.11377224351161258
3.6019248553884786
0.07115509328036083
0.7448395327047489
-1.1248962879506061
4.065788976361271
0.7618163686161775
2.33692742200519
-1.2802060759733558
2.8977850047680684
8.56015399327924
-4.282071898555703
3.875684273491374
-3.9712903596310136
12.3171504362941
2.6378359086686562
4.9930646039256565
-2.910897890067004
3.236587990112601
-3.8926001492249656
-2.357754493866315
0.3539409783765464
2.5579464561147187
-3.2355951986608273
4.052198890446581
8.864530966668925
4.592458176227049
2.5739172836487216
-1.1096455629446476
-5.979568633909983
5.209126632222322
-3.8867600882385918
10.068772373175483
-5.56454269540237
-2.259983602899914
-5.36265891005399
2.961067774818173
1.6930519898346552
1.4186301082117188
-2.401535895823312
-0.5987801654996747
-3.210491853884184
-0.41330557234454945
1.9128611460796154
8.187906309611307
0.9322125689163989
0.08008616205978779
-4.3678290503878054
6.110279224691691
-0.5584144053449956
1.482763564467815
-3.106673654428085
6.781451489037501
-0.17965094496937617
7.785146406359627
2.0450949609996707
-4.123888966163406
8.108014441149738
-5.268757187251611
-4.321276336804856
4.209844731519939
2.9588909291576457
-4.30730270158725
-0.1895028442763258
2.158786683685361
-2.010686629252387
-5.329776760896243
0.8075260853398282
2.7241549611823968
-3.92869233868672
-11.645135482045887
3.6426399595803445
1.128198598220325
-2.0779903644226043
-2.586198167693095
-2.7941820161107116
-2.0369987057788075
4.193502069616074
2.578220229118901
-0.07163606453809912
5.777078354903182
-1.9168521515961139
-2.257834258421857
2.869415040330539
2.7977242376256317
-5.768123208382914
