1.893806767351374
0.14720067188394256
-5.487533769754099
2.4821777066576933
0.4781648515892447
2.7082935792774947
10.952248884108258
10.759626904721136
-1.1499963038245704
0.7170340310670149
0.5717024219676758
-0.16820044217790706
2.040668615686904
-2.1222517147367888
4.637151079383412
3.373234145196757
4.257582517280919
-3.9368781631347787
2.096920409890624
0.8811662345948545
-1.9814374737988962
1.6446581606921287
2.134006463882762
3.1161458433966347
5.234228133488532
-4.687502441069034
12.78785233902041
1.7533339871362057
2.0568875459523075
-1.6408415607635938
-0.7062921868871278
-1.0114042854582228
-0.500687629889569
1.4052538122782543
6.230283159457616
4.628384665387681
2.120604258584775
3.91897995751404
2.796366229076044
3.2424690328913606
-1.161895755603194
-2.9244744742168045
-2.3389857549013957
1.8470244547495052
4.3714199754595935
-0.31423050783621015
0.990794015849642
-2.824401441156077
0.67099744058542
3.972213554072392
-0.9636444917081213
-1.282745186037356
3.1274541086949372
8.031473924944951
-1.056136162019089
6.7653088983411855
3.5895534430630573
3.0879176938856725
4.935711348822254
-6.936755360892976
-0.6804492218761162
8.47458303194874
4.492140916056535
0.0002575069259534182
2.357853469721707
-1.113269479681227
-1.276689866441394
1.1781718091255156
-0.4415562815113675
-1.8887649390315318
0.1205635905007726
0.22618660989611145
-2.44510488393345
-1.4880324675765917
1.013167208463752
5.001189793563235
-0.6277721207697432
16.47487084965881
1.7371834293135322
8.356060127380983
-2.927102978684207
-0.35977590732063036
-0.5048269642089562
1.8145380953831571
0.5857061316119867
3.0996172291392083
-2.1858863817300964
1.2140709611048246
-7.782194361524468
-2.5444847197540046
-5.295972508990288
9.905957397626578
-2.6963874368261225
0.7880091172350558
3.09305816374271
4.891383732317155
2.01834265003583
-2.438517036690504
13.391339038681712
2.392450567985818
