5.965233871953933
-2.8982613827057246
-2.596445375031934
-0.6923976172869957
-0.4815623139344818
4.1090361036975205
-0.6571679699035469
3.4811283029588873
4.441446079029269
1.1419353860137176
-1.0608236555826394
-0.0884332490742111
0.7519379917861645
-3.632583003837607
2.4571837436356665
-3.807990008959716
-0.08281621552653501
0.9017229615666287
0.4758279241623963
0.7021751445244528
0.4264920060974714
7.633322767732423
3.841672020318976
0.4102383966984633
-1.858862476849531
4.353565899400298
1.033432371385094
3.9771357205125017
-2.041146164646366
0.3490191122586571
-1.7857327371804068
3.388626175194238
4.638779356713198
-0.9163185844894162
-0.29953335130740216
-1.9021020291639679
2.9941610513838586
4.191648404642535
6.271252905942287
6.544354684926574
3.2359648886342516
-1.7258547829387012
-0.45259478275877396
0.13438307936527144
-1.2938194452149174
1.3337971384402056
-1.3384994261295775
-1.5338364350216316
-0.6515995764048023
-2.315136205963695
4.281396619961632
-4.919844315402956
4.644808564062104
-0.7917982778343648
-1.8498283083240272
-3.6665553728595306
7.567512957480995
-1.6806348347985374
4.09730512474904
2.158711581825415
4.510880413134357
-2.4389526063144604
-4.023418471992764
0.9620573147513246
2.367007530788714
2.0702165603664526
-8.606405313511793
-4.447712160227017
-1.991774375061983
8.012385988236314
-2.3258756003609995
6.236202259352202
9.5583617064472
-5.395951980945075
1.3811261727913862
7.5962724224167975
4.552312797441385
0.10714869832339065
-3.0947345615070425
-1.7987099072533224
2.4739758310991222
16.20241431769761
-1.225293399177687
-1.8116943892939017
2.6225721416873062
0.33801865507732337
-1.644499300242668
-1.8457153391050904
1.2182934838099588
2.752546080445872
-1.3130666933292696
-0.24905019602852718
8.515623686158142
3.6439758593497076
3.2633004482048165
2.8895156163915545
2.3414492644037885
0.7258649783625903
5.468808613432799
0.8791096459401846
