-0.9925683498671038
8.27134504820693
4.76206804096625
4.703265126654493
-2.931364766257004
1.6565798851921874
1.0424516123148075
-2.3339386199795085
3.3218457702991264
2.0372575502619696
-3.9991567042241183
1.1401055030641547
-2.3342895135815382
-1.9176809771263255
10.660340475268661
-3.498680133228202
0.2863286126416838
0.5259380209848881
-0.6731720605718653
1.8990426388478545
0.6739841882224757
1.8188257192352313
0.4459885141521918
-0.7768648674151692
-0.34608097021439804
3.2018045937529
-0.5784064234824873
0.6494732268798807
-1.3179842754008115
1.9143141783449922
-1.9347761300462185
-1.1514055647499573
-0.11040133261469712
7.333794123234196
1.3028564279433246
-1.9737054740154019
2.55585915840059
6.911774059633565
1.6511850682790137
-3.6320415110911766
-3.8571143354386956
3.3235394256734194
-2.0564849261747558
0.3045572024416459
-1.553207576900749
-2.0539596604046366
-1.8448390515517237
-2.5758754409886704
11.604272117133586
-4.182377099132489
-1.2439879848162958
2.290162149156494
4.236516381205056
5.406161841481083
-1.1022724558613457
0.911818966489103
-2.2905228632924803
-3.7071778815676284
-5.29779180164679
4.539255895417873
3.23416926863567
-3.6158594920176856
2.4517814191175606
2.044113313322097
3.6701701043817554
3.2937062135765203
-0.645061979851707
-3.004976641173762
-3.663974461108981
-0.967372933739969
7.780393748257491
3.3606871557293205
1.6540904310954399
10.356961886851526
-1.7305373141553788
-3.8104742809623042
3.0937434254864624
2.3039321150666847
0.15017540256571799
3.033723503618348
-5.333216061062519
-2.124945312468397
1.0028808948419645
3.2279012683558026
-2.8009813925434828
0.4934110690948328
1.5431925034646063
2.688930956539949
10.099710170181396
-0.056100936992241675
-1.6599081442246142
1.447722181145695
-7.455848562867722
-2.7818855329169296
-0.7660246194395163
2.57251183345206
3.924719147526423
1.4152065056991714
4.591662086726011
2.4921691935480315
