0.7478603268206481
-2.9250294720763512
-0.38304697908330876
-4.283822402411099
10.42018918455884
-0.6620273794956377
0.39877901364597695
-0.5816177147274093
3.6170505729183757
5.185953927887071
2.25011428593407
0.14877160813945123
6.688315995845918
0.4784491850661957
-0.10338877963454443
-1.3846789548116043
2.475754861348708
3.5724807036611246
3.887393284181691
2.9059315228152425
-1.560895545898643
-0.14987212893229312
2.006329941827069
-1.3908011344865796
-0.21884125019557954
-4.30582442443481
-2.5899393642600312
-4.351871778475423
0.8959243537990347
-5.416232201435097
2.3688101278505096
0.13178220693979864
7.57485623629457
1.3689439337039553
9.924575476143133
1.6700055247359251
5.88894466664353
3.913473677510762
-1.2216149655545547
-1.3205671712245992
9.11411153961194
0.16745831435904465
-1.2843709284063818
4.856613623035612
6.685958842001888
-3.564315488831946
9.764723401463742
2.7951345919429524
2.3907606536650663
-3.3449450330021566
5.177836610055948
-5.108086345489827
1.584538732536764
4.614259020781325
-0.15791491904604943
1.228006751108325
-3.5762320129752236
-3.155625432394414
-4.828360582568784
0.527574101230289
-2.4614423575302142
1.2617871155493754
1.0690465421859865
12.696576053538944
-1.2263993931076596
4.866032101357597
3.1128476335133795
1.642366536662137
0.625018785102568
3.708336484467767
8.234998509261242
-3.2901369702083874
4.132323577190175
0.839306393373192
1.0169447135689653
3.449732710888747
10.732837992535288
1.1360045084336654
2.7189217221213178
11.103189211872817
8.400163973613642
-4.014378862608689
-0.06214680822259262
1.8654366881203153
-1.001852917061147
-4.003860621277506
-2.3484831675753313
2.4210400988090495
-0.2973385622676975
2.1749696309464652
0.5685801090374533
0.16609522162921017
2.5785516221038294
-1.368110939457714
-6.5307908481815655
-1.3762965523721622
5.388065963717216
-1.293595036663616
-5.148508045185454
3.65565785775238
