-4.233961965377185
-2.3997529965143656
0.4449155517197465
-0.4621341437772182
-0.645212830051957
-1.1246460095916742
0.7549649551274338
5.43906486899407
2.605911921730089
7.248254962760945
0.22381384157701456
0.5152092445552829
-4.173877464785836
6.077790498501176
-0.7029848024810497
3.2351250141763437
-4.700007915108256
-2.936890310985693
6.732954355132258
-5.406514153579448
5.1391054463620485
-4.250814913834965
0.023466733350231903
4.805028441475286
2.071544847377327
-0.17854279729626987
2.821345626784807
0.7382551126623147
-1.83746939009417
3.9219945657224464
0.1752126243246078
-2.0486555669422546
3.147267015614322
0.9599278511595658
-2.0412475528080565
4.831496358192122
-4.38451119521954
1.6077792101964299
-2.1751272989377783
0.4785190398771717
-2.3872851802560096
4.820987699551212
3.1492680522111236
5.060996020179963
0.08498332037806773
2.373518608847859
8.116338607904899
7.440812480930223
1.0148548239088058
1.984166578699277
-1.1505652939316364
-0.26579594159724046
-1.4119976294195422
2.8691219573032174
-2.3611889897536953
2.1629657003154272
6.837184851620637
-3.971653849624852
4.243163212275179
2.6593600452385573
2.039208182625733
2.2341830931356563
6.31475163457597
-1.5412170127920346
-3.3796370416376553
-1.3992643635499094
-5.284158685046986
4.278933300252754
-1.73458400501086
1.5730005722756717
7.639959113383458
11.219649075538602
7.646356213830613
1.141888067933309
-1.2850177930797817
5.105185077601641
1.2067818995294513
2.717834873290866
1.3053167659235296
0.5178046461772843
0.6843725207770581
-0.5615089367163703
0.29268102641164073
4.982192683096695
-2.434273962378786
0.09124417238916228
-7.133853776365791
1.9327093515093585
9.38880155463885
-1.5079231223861278
-0.36948237473000534
0.017204277914861142
2.5257145103168774
0.33252082298503116
-4.289208213258705
-0.05516396303827403
1.0657226746352253
3.563225237263432
5.780633552660274
11.09802934282953
