1.6718418379956703
1.5931378996557841
-1.165293200582551
-2.1207887575652244
4.069800440872669
-6.904734612382107
-0.6010627538488462
-0.004547391890499998
-4.874945111636192
-4.426876064611923
5.118839676351446
3.7853725369881746
0.9590735264662864
-0.32248980531294247
-2.105568564363793
-1.2203272060580428
2.264700327105603
-0.9006818274122956
11.139131675791974
0.7375184342255929
5.334085106303636
1.7012060331707364
1.180303993315766
2.3118670333480313
2.983853533252453
0.9053849700491621
-5.627745261338024
-2.765494709909997
5.308124176596228
0.43614427296102376
-0.15175134265288825
7.323684909735716
3.838584405071469
2.652564073430746
-2.0056924926751933
-1.3262865281159755
-3.067447352673585
-1.842439992942766
-1.2804421538029853
5.904778633828167
-0.8004127233901495
5.1126207555580745
-4.135693252569157
-2.9007340554039653
-0.5764466374522641
0.5513665990664808
-2.0004021186038883
-3.3769238296244053
-0.8976118422946082
-1.0763786689843158
0.8705539842302261
0.22261589782164393
-1.1237672884016585
-3.0921650485697745
7.10703506020989
-3.884814897756974
-0.7731120602384777
14.897835571506292
0.9713511893669085
2.1792053426697477
-4.215036818451392
1.3581474174000019
-2.27389216061966
9.925149037479626
4.057244150099475
0.01044482908621023
1.1292615920841884
0.18679022551696178
-1.592787055347325
-1.8184861086547532
0.44179688992350097
2.0075566180101543
-3.6163311883935734
2.25783174682444
9.341512720548069
-2.678572899733294
0.22379418397140605
-1.4089222531839667
0.4047330048264196
-0.9641620863508419
-1.8083229919561745
-1.214385284488623
3.9510152349260093
3.910506405021151
-5.7638547374658735
0.030872778473529205
0.6936290966616978
0.08470458400505082
9.602373758290051
4.4703512571152535
-0.5939586968423054
5.60891964578964
4.167692792186797
2.8115387083303816
-3.1481641530926154
-0.9541606035813615
1.9871597576223647
5.2265319340917324
0.6866602048933086
-3.385571984345064
