9.655975803874131
0.5097330325788083
0.16507342908379896
2.4150529381098638
1.6663919622515495
6.976436055300867
-1.7524030987184946
3.4000825087317397
1.541359885311309
2.459875903335168
1.506190039026297
3.6748135239464976
0.5559957343970502
-1.0322833111004168
0.25793791567198393
6.758474611099457
-0.3102572809454005
-4.442015765382189
-0.22493566553978006
-2.093389128783248
5.720056092967148
0.16248722143400626
-1.9598759480152028
10.034441680944557
7.758027540106544
-2.8339479162040417
-3.157422396508612
-3.3059109938472684
1.053800934457193
-0.5526428442219987
-0.6788133056737982
0.8481271282436122
-1.2692180898137755
4.65648755367668
2.0078861034990902
0.35069977364535115
-2.557491346736877
1.9228067204802584
3.873397979547251
-1.990754971972454
5.6954028277575635
6.176128755644177
1.899040162794035
-2.2063101508753102
-0.26300499463266874
4.567757997592681
-2.9768549972996503
-7.105438444151899
-0.4157085029557861
-1.1681638807160948
-3.972374797852424
5.741570075723355
-2.5961629989444974
4.79903556662773
5.502878836750946
-2.17216792221241
-6.99602915330434
7.43492108186326
9.677382853130856
15.612308384604251
-4.264389602153065
-0.02870935259940926
7.3065439345507475
-0.10972584373897801
3.446173806726134
-3.4050819446982303
5.1251470130021115
0.8509484497482173
5.415316953950664
-1.754291919887241
5.329150085121604
3.8242506657918254
12.908768461072432
5.291808836422868
5.6196094857410115
0.5344336246542737
1.762315437807004
2.3138054840984164
4.033319637561234
-2.886394510634842
0.335440342156434
-4.281294737302825
-3.890018188186903
2.161758023010667
2.0568078056789236
-0.12747564750677626
-1.5657592092376242
-1.552232076576669
1.380420261313857
0.5929221152589909
1.3532385886471503
-2.437082222338114
1.7318010122967018
6.190288608418278
4.4789571715178
1.2213960577305714
-3.577752812397714
-2.4186145764937743
10.087092645986525
-0.8716697149802896
