-1.354312361599773
7.128193437907235
-0.9994299141799137
10.08461376350487
-0.738887003442643
0.40132194196738724
-4.161395508312636
4.338631862088892
5.984033135814272
1.5150766680325565
-0.26373040997742575
-1.0744356593833375
3.3475619038570534
6.659161114100208
0.3732499126306792
-1.9209627621226173
7.132474979150406
-1.2628582886681345
-0.7906137546090548
2.372032700453425
6.304152857002485
10.999773533252029
2.4478965127160364
-1.2661792071185847
-1.781380931598222
1.285377189505069
-6.9944554055339605
-1.1081648658370793
-0.8451893907161424
-1.968591717142428
-0.1934178940520213
-0.6485344060589516
0.03151349170954354
11.101662369180417
0.06527065407259854
-1.7802283856409595
-3.3550772210993065
-0.9500493074872869
6.3664827194063065
1.681708822968086
-1.7230447445563053
-3.8508884597722175
1.1109609639737135
0.7092035049630876
7.51454859517189
-8.183599615095828
9.161784731072027
-1.5721409637080723
4.133137092195337
-4.549833319278418
1.9227326440167274
5.682934024982213
-1.863364117781452
1.5961932568874397
1.7344894065677536
0.799720601759303
3.4389633788092704
1.7664745365050913
1.8301683906891935
-1.8455651350892088
1.3019060781716334
-0.9820721514919708
3.7396870450920834
11.266427204078555
-0.7507548443252149
-2.7903569099075334
2.747033381518886
-6.300018012710973
0.22242513349277165
2.8840059466217403
1.3399336501328358
4.705011954011777
-0.9873006301562077
-1.4557820572917333
2.6002432590440314
-1.3195272621159129
1.0901837967021515
4.122620968222293
2.3655903357713077
2.6656991860462265
-0.19863656235799143
-2.968168012674152
0.22460593067781634
3.413299585333567
-0.18913232119834095
3.187541893763936
3.970155570621938
8.71774862132995
4.097581054794391
-0.38745771599829143
2.3711943373501656
-0.8920876512137763
-1.4621890222003127
-1.503309537594241
-4.078188770695263
-4.7305598215180105
3.2425359291016482
3.980818362799818
-0.8079964909996057
-1.2499547514732323
