8.161429251045401
0.14530846873883976
0.7869195749152105
3.5520237042472074
2.549666805053522
7.1377856739496695
1.8895013055701892
-3.814931584235965
-0.9567701881232067
7.566483991518333
-1.5912119122009085
3.0840675149363506
6.341302785251486
-1.9076155659757807
-5.763366711490184
2.0890590678731393
6.122540517850142
-1.803359565380211
5.185905542625082
-5.474067043433056
4.8395606425189355
-1.049321981121052
-3.890771320749697
-1.7321795732138845
-0.7466399662877118
2.98325724596912
1.6200575946361417
-2.13562185418209
2.0518074034903213
-3.3950394452758395
2.874175857818705
-0.05639781846046682
-1.2894717458144858
-0.7822425238299999
-2.5016245613745047
9.352452260319087
-4.096405854656093
-2.0355448941470478
1.760843870823912
3.1762030664230907
-3.625278362244284
-1.0506763297101103
-2.9377384357238494
1.0681544554477695
0.9513551816644923
1.6071182265388932
0.27791281166168
3.886648835504179
-1.1758231843063864
0.7653618588357554
0.40613254659066494
2.442193756989643
4.835130955249367
1.306571404796807
-1.9900968039477138
-1.6440119344657762
2.4917693885834744
0.7266753281587017
2.4287515982646273
0.5502349575538622
5.21787203757409
1.8669700864798524
2.8099759564789726
7.49209957741934
-2.9295099449984514
-0.7684949503851182
2.583795156305087
1.3330987276724973
-2.1707005879214627
-0.7906296696781803
3.2618036293039303
1.1166775124720156
0.8270064285910936
-3.3441409757899967
0.13259981727876463
10.305153630777895
-0.5467380590223849
4.845796087461065
-2.7471644990990507
-4.776481336285253
8.948042165117002
4.439035539277484
0.6706641288849771
5.453090188800175
3.619783983368936
4.9925830356646035
0.3623709335968781
-1.574684177342002
2.189636373421202
14.810748652888263
6.579347748135509
3.600183941739491
-2.490251316402472
-2.573318924856371
2.771342050122327
2.6086659855946994
-6.191586546925137
1.968228316585635
5.737373254242223
4.378001463501332
