5.612284387659322
-0.38812750789396233
2.9911327751459895
17.015155018889207
-3.2060861681772868
-4.819472026329681
3.2215646922365595
1.6208287229267513
-1.576383910043135
0.49582277105110406
-5.602646327516542
3.144994400056377
-7.896417097108422
9.574365900516643
9.410142243172514
-4.324187997237299
-3.653206657014509
6.658913164966117
2.3509204830815964
1.8201825801291638
0.6993147258207159
-0.8068179838175605
4.03530103773573
-3.143628644883048
-0.2614921090781492
5.408547920125873
2.6536671465735027
-5.507034599850578
9.55764303081898
0.18041880872285274
-0.44096407048766784
1.3394093415538049
2.144112298676328
0.19710367726317934
7.541533459827569
10.754009758308657
-5.463838185255506
-4.143674887840706
-1.4654203762809983
-1.0981955868361846
0.08296512958765252
1.7008738987741652
-2.6329754570020953
0.7920400913460337
6.262704540319324
4.037971991675557
0.8914264880008861
-0.38094230701590703
-0.22854067484472995
0.17058953371984253
-0.8315460970441249
-2.918088414981309
9.726602765110904
-0.753980400292116
-1.187888660477927
6.1358838226447965
-0.6322819913498856
0.16784975085331658
-5.566621637481053
0.2969719975805333
-0.9231579397902154
-1.1542752459973757
0.5377830456717587
-1.1532577562722048
8.8164096735407
2.070824529209585
-7.855121756581335
12.410546222229517
2.1489309249299655
-1.6531312332350454
-6.184252079793447
-4.035346459132148
-4.087632491324536
-2.104707218880172
-0.8853750510548616
10.051220745817877
0.24005622213462466
10.89064453580154
-0.0546776549177061
2.2262792260248823
1.7243740311880549
1.4047044615096373
0.44143869706464245
2.0972649833511334
6.902484903917221
-0.5125948455874989
0.15704726638213143
6.620699588594696
10.194922988145647
0.22481155964773117
-3.41404217140555
1.3852524236937243
3.2966541996925924
1.924133501464345
1.77861748053866
-2.289091584562369
8.302589669168459
5.880573633629882
2.3806291922638536
1.0487579395305182
