2.6342753155616347
0.8011860602091192
8.703828963670826
2.6444030924552613
-4.038669831947401
5.196999295926287
0.39509012510581554
6.0600328647866455
-0.47876760498065174
9.366829830419118
-0.2911523898603966
-1.2879460055185454
-4.1907580512954805
11.15643497512211
-1.625409241718201
0.24499412718876912
2.0437806065329784
-1.946402615765396
0.4399063499589041
-0.4209941720022218
2.3774333870472892
-4.0403526812103125
6.033608378688994
-2.2475226889545397
4.031648241934776
-1.2010047698843365
-4.248774168092325
8.935473984382957
1.4625704764312992
-4.211319011126521
-2.6503368892627046
3.853841962605429
1.906695638994842
1.8862462871069643
-2.536054809024516
2.3283545413073297
4.811757999803472
-1.389521618510975
0.5809820987565961
1.2859203566444015
-4.63536665566212
-0.3694919082898121
2.8581517925122073
1.9570147414822396
-4.557706631359029
1.5984955965728622
1.1742934836525887
10.82942036944774
14.055294537247896
-2.0622880026739803
0.05587122421898094
0.45188035340154253
-2.6485362203631286
1.487968059794119
2.107393869864999
3.307976926990765
-1.9602050576858217
4.926515244512131
10.196281080375766
5.683516480205844
-1.3928258666048063
-1.4538156407957672
-3.479597899278786
1.2098854519649538
-4.074353893612398
-3.925993011327741
1.3645067592409257
0.5151861444918983
11.365556849535011
-5.878650591858888
1.2265453757363687
0.3356585736724306
2.6953224524857538
0.2349573121591477
2.494205154089454
2.625386917855587
4.62633016249078
7.785395730778012
-1.974230656846176
-1.0127136190692698
-3.1240616586375998
5.602851551269756
0.4600748013261732
3.626959011055689
1.7924003831026099
-1.711761943935647
1.3132491311150165
5.3128851568602276
3.931205939741765
4.576043858886337
3.064871818424768
-4.044554661453741
0.8646182307491467
2.3945156508572327
-4.743055581554978
3.1693186962460373
3.9097062451801268
3.027418516237892
2.396959084158801
3.110325128539912
