3.2641171145638084
10.259056831911666
-2.279654872861986
-2.1109452712870507
3.0182553021635745
5.7114535258644965
0.47101780932351683
-1.2622972243819437
-7.536391143883263
4.459764629342806
5.729690289994311
-0.5573880385818636
2.6984227543259016
-0.7618815426366101
-5.4693180176822445
-1.2340064697810487
1.624858470612514
2.926532222851904
4.485787867393363
-1.5768586479812985
-4.69073977587175
1.5775423610236619
-0.5370904763385704
2.0726438700850753
-4.00946943757243
5.090453701357366
-2.7664772533120674
1.1350643682102268
1.6722842723246454
-0.4474411473923169
3.4572011741211126
1.4023291936796776
-3.0841104256200027
-6.378954772758105
2.304633166766775
1.7376993187544056
7.009278473779945
11.535460658055658
1.1557440632163125
-1.799563920894176
5.0237653099959365
5.395880391524772
2.3555817360070184
0.7199014700228868
3.037490726928038
4.897135525291109
-5.174930286344117
-1.1937935619039592
4.313576954174647
-3.626917380369769
-1.9366434556602594
-1.1835834152224907
-0.7911129104639802
8.17384469485794
-3.238101765403887
1.994331271302843
3.544678252840169
1.1340406165325456
-2.267329700388453
6.575288556351145
-0.7657509526645385
4.560927874407212
0.3728894726184714
3.1359546217909413
-3.144061477113689
2.383319458781024
-5.802825625406471
3.2853986771971284
-4.012958091614862
-0.8366504698713495
1.9827316997647952
-0.4101806399394226
-0.5918865203841822
5.543136149921172
0.6200737551054991
-5.0675905476053
2.2013966177590887
-6.78932926140999
-0.45713698801287717
5.781594578830636
-2.7927046874367454
13.979133875385124
2.056169973721264
0.28106539742288283
-1.6864152190008557
-1.8649723542982073
0.5675471473830285
-3.496382263500379
0.460334689824373
-2.8582170674782237
4.211476091065137
-1.6237547737955884
-4.118559371850713
2.203834400022875
9.087008258040452
1.8215937618549618
-0.9994491295148942
-1.2144837242372999
2.2531995848041837
1.5074917451134242
