-3.4494013005531174
3.727507252461007
9.760914358820665
0.6674651969547009
-0.2533964800246203
2.555785756702054
-0.5424397763584236
0.20471224443963482
2.3259041765265467
-2.2750548583115577
-5.350384088997848
2.031689053676672
1.651454807699953
0.6590917941368302
1.7102311325390342
0.21905109066847656
9.089002782943247
2.611337597968042
-4.524960981018802
-3.124732795088269
-0.8215356438924182
-2.9909875659742284
-5.5296610888478055
1.3397033459929673
-1.3791639620151412
0.862419451342268
0.8610526629876502
-1.8609221243767469
7.173312305287541
8.407033943893403
-2.610419512102016
-2.929596406019711
-0.011421554362986292
2.1140613310080263
-3.7599082129245156
0.912609691945462
-0.7360236325268917
4.179153054045844
5.6416667121516335
8.424777786770473
-1.6210945477512815
6.3319690766475
10.492258377291115
8.437735289516825
0.13913119328179924
-3.7621122835511427
1.3162374792564133
-4.758851412012308
-1.5719161887127144
0.5049138031774929
1.2571029566087308
4.22353108074449
-0.045269663738211216
-2.1478230421650166
1.8857146003981013
3.0106004789711096
0.5449213865388269
3.270672482355108
-2.8809005398905256
8.136567397086859
-0.48145136212532036
-0.4094397484353232
-1.3168095056376703
0.2485132757705062
0.5405820286619042
5.3625961948534515
9.61718143770652
1.3549007033522626
-2.3505770798613224
2.7866149336763812
1.415314096825835
2.1132135527862768
1.3222528617269615
-1.0199751088825848
2.8621385010585154
-2.1950165584260963
0.9817841766792723
-5.456712442679625
3.245210525657539
4.955960674364858
-1.3348107678311485
0.43293712424597486
0.14834842512764276
2.331263898905165
8.108867168749779
1.6214059721459648
1.7288153692004278
-4.082625733941402
-1.010951898424523
-7.605005170799184
-1.774655176395072
-1.1558910710110244
-1.2204482322975285
-0.1384452593930978
-3.3021033693619977
1.8337894646790387
9.729291350550676
-2.5331975211737574
-3.5814826717654356
1.560052178178104
