4.369006993677985
-0.4732909764193698
6.990855680779043
4.702672733867883
-0.1454881682399795
7.052626853629328
2.859393772433983
3.1292075998072972
3.753707504959233
0.03662151738187365
9.282672476661336
0.8933951898844998
-0.014550541131021583
-0.6003857541953064
2.7686620679901948
0.2667634982699295
-1.8358141492489362
6.603466623445073
4.964793987737828
-2.016222407711987
1.0788226493165445
0.340566419442734
3.1403248161177864
3.617463252267486
-0.7109181782502083
3.036885968380556
1.557719263872177
-0.9541407720378171
-3.225834405060109
0.8964853789401346
-2.9864583742810256
3.448207554546758
1.3555188614793972
-2.967524785892328
0.5694192359938415
-2.566209007506427
-3.021721708490317
-3.277784094042606
-2.2776366412814584
3.278886222150795
4.999236252113665
3.7934733473387006
5.254825156885492
0.2606462450520839
1.2753975916954974
0.04157291746054646
0.33442710215107796
-2.0898508510554348
-2.3455204894342874
-2.1129740696586565
5.281927426319065
-5.656763247638125
0.06276680314519902
3.261892645482
9.760749641666157
-0.7463333343400747
0.7299029691508605
2.5042470090108164
4.498411925951027
0.8087498344660073
-1.4194424154274583
-2.986325559707393
6.028772904610067
-3.6165036203102203
1.0975780262484585
-0.4220508836652976
8.05262788879216
1.9628424200025072
4.028070118900371
0.6984804053659939
5.48158444980276
-2.6282434517991273
1.2078857926984805
-0.40946662278926593
-2.2536305684620723
2.5556311514872725
3.062740731525116
5.3412327906705475
2.666628612804506
-2.1673525362782504
7.387792406079005
4.3419990435754245
-3.3601178506965024
8.504355976548068
-2.701835627148453
0.10830519461559529
-0.09146923734918766
-3.274724797878256
1.4207095974273194
-0.805219485537956
-0.1638121536957055
-2.5654263759303375
7.479674219896483
7.0308341465290916
-0.7743142529448639
2.827484757930422
3.6628508992050888
3.1085897545450436
-2.094407989835767
0.08705753803153485
