0.2561481236134016
-5.237842234709734
7.902257973571795
10.473295629678143
-0.5497547901021393
2.601292756449709
-3.01296444110323
-1.9917173732147404
3.0609012239800646
4.199468399547338
-2.8120173942761637
2.5524965497773966
-2.243152832415414
1.1599607626070536
0.7862703791667134
9.498046823290526
-0.15670928330163028
-4.414302368139584
-3.5030913230847083
1.9799951519495482
5.410451756569696
0.4130183295560844
5.006049338285978
9.914647997371985
0.2922179465226956
-1.3512437008357976
3.1849320353437567
-1.936999527571555
-2.9373748488101246
5.110625343702273
-2.44334152212711
9.670232600499522
3.3913252022706244
10.587984477899811
2.7400232434871494
-0.5229395783330711
3.1040532598017974
-1.2112628878562397
-5.613060321089881
2.8008138066999484
2.047593386383292
-0.2692384055887344
6.997164098455336
0.4025051979390666
-3.6686547450327
0.6708262586659801
-4.609108072261813
4.757337924777622
1.1730579677596187
5.338467959600365
-3.7645675846444577
-3.4357776514864637
-2.9647096686302294
0.19016471599136486
4.6299859585408765
0.3977607905073643
9.377299604243483
-8.929324123128588
0.12732742193076677
5.6249438599907045
1.3931978720337888
-1.2913691559647942
-3.660940338365995
8.615455932258993
3.4963943503323236
0.97378908058026
1.6910555322623029
-2.1814340475910883
3.970736261575833
3.6036537581770607
1.1553012015572068
0.3381783692436464
-1.6791760716002506
3.038921004535454
-0.5240455244359694
4.112837427067099
0.339272033352705
2.3401683688827672
2.2938175962434237
-6.341641737086679
2.8634277925613074
-0.8218181335032447
-0.5538581293678038
1.0103861253173485
1.4838166226090799
1.0647718289112245
0.7315368390874082
8.276386817944495
11.481910037008143
-0.2728657732654675
-2.6612762836329407
-1.1657063996581805
7.320404270738679
-0.676015152672806
1.0774981999626505
1.2434446578703544
-0.19260031163383323
2.5404513960424877
-1.7049246261559228
1.8006677501761108
