0.9526598615306104
0.1015117490638694
4.178931435702053
11.51630787605048
0.13089713948863324
2.3029369502435966
-1.4412567588535055
0.5676012089944472
-4.202986009243092
-0.8064778599238684
4.92762038472725
-0.5821827494190132
-0.6886250118319143
10.311713475508668
-1.46410740289916
6.411617192879633
3.286198193835153
-4.286605438090056
4.194400669150921
-2.2739972710942413
-3.6843287817383765
1.8904812455103075
10.645275080623444
3.5930491680232226
-1.1202395197938917
2.4391209951615593
9.81916591468999
-3.3447490020929433
8.158340725534346
9.035393738550985
2.143629049284815
-3.9593040149593417
-3.0856120094306263
-2.098890615833206
2.2585275466523536
1.1703410404108974
-2.899617999864675
-3.672905666608071
-1.2683256012667856
-1.373524947054351
-5.704758441133913
2.399649467100308
5.3426236364359205
7.530647087868849
5.965094764417833
2.2337869889512616
2.7293775478695372
-1.2475684262179478
0.6541475563988957
0.2709915442047735
3.034841251200645
6.025507469305701
4.007936916962581
0.7171251222278097
-1.5341141759215502
-0.8984095680696859
3.3788587319320182
-2.0648168920480336
0.055029041533947665
-0.8168258467709308
3.219713607655412
3.5026905250742524
-0.4228405225818103
-5.240282503050583
2.49133567162498
1.6745184129148682
1.9783187960789952
1.8256370195285085
2.3570734376839653
3.3366689935182405
-1.701295538830002
-0.8817873209597396
-0.2811805549387867
0.8727215395767389
8.172769283645804
5.563070601809442
0.752154139287013
4.447041422893113
7.816619615151281
-1.4750935722121548
-1.083707954415606
4.218626368961525
5.746762895197407
8.326549533947619
-0.4750404855435451
-1.2965791968215334
-1.7437675510588637
-1.6178047004871714
2.569431012856326
-9.759035564511356
5.9014619863897675
0.028079337462742413
5.8322500289272865
-3.1756456018905643
1.1866188562305517
2.3114931204200815
0.3498015322839071
-2.8676975540958347
3.092260333291998
0.928514041752177
