3.42887596178662
8.478097017929258
-3.964796626116983
5.467993802545765
-3.994662558332858
-0.9200423427689728
-0.29183027635037256
0.8428211523150937
-3.4844979212893756
-3.3349580907951126
3.3259113681261834
0.746032993215048
-2.3309211394508287
7.611817285615977
1.4050250774273214
-3.6306750350564707
-3.1455166307890385
-5.487233695886616
-3.081932326367336
1.7045900010540125
1.2257517719156126
0.19107670413349326
1.5047970937713124
0.20585789269443888
-0.44794727168313375
1.8951914951055524
2.8633653507847585
2.454219913924561
-2.3244424977442066
2.9138312774102006
7.534459412218305
5.5180860447254805
1.823397518995687
-0.7609935247254132
-0.8154571174782249
2.183726764698343
2.8277636780008675
0.9664305827403674
-1.2522454739615712
-2.8429640553657345
3.726311008433619
4.358473885692697
12.19312421364445
3.9035974263085143
1.4344441035146012
0.8008765607496187
2.0788305611110593
-0.41990335441878013
2.2732874540406307
-5.759620641807099
-2.652393334663646
-2.8979538963746476
1.635058630401328
-0.9450700208745454
3.4678193060050093
0.3657852706672638
3.61121658409159
4.886743335390975
4.804691814469297
-3.3179553685882506
3.9336928416732633
1.2808071199198192
4.039472371001306
-1.9958720480377965
0.09812345289073111
-3.2338816839912625
-4.481716638029161
-1.1907558844817765
0.21613289760621968
2.964503371261639
5.168584774412093
2.910642450308859
0.6613684506139169
6.740664438700258
2.938522076814982
0.1768009669154191
-1.306360857473909
1.748302101882967
-3.515544773873161
-4.595362638175101
3.8501066215460984
2.950028480789852
-3.9216993672399534
-0.3219243770529642
-2.1333904512695137
3.4033736712397538
7.623664378451002
3.9088202483773564
14.167581168214541
0.9778670171027841
-2.138462943295466
0.06698199778196912
2.425868651723652
-3.5546370954760644
1.062175093340436
4.443417627621907
1.7043157895535668
-3.0706546881135024
1.5050961367387738
1.2392751102719561
