-1.8188460454068114
3.7745718165173905
-0.9735957645101729
-0.27208748627188206
4.290930311935533
-0.0047789922481946655
2.087930309561902
1.5764988157608264
4.070975226297737
-5.539729884644084
-2.2470277225748028
-0.04668267113247689
0.8031649063294695
0.6999810300848569
-1.3309028096505373
-3.4397263971194434
-1.0800801243454252
6.7284135155899065
8.156191358847964
1.0495404953954577
2.5641687568947686
8.645171321592438
0.6426759398300387
-3.261214405522831
3.4239766129474623
0.1656755737135282
-1.0095730631995141
-3.235662640812536
2.174184032009036
1.9771802252034516
11.401791409227899
5.607535565731171
3.9153893054889743
-0.30632953027751403
2.2752874170211106
8.701482286805222
-0.32277231049790345
2.690777454448363
0.7319544891097015
8.745819000051744
3.7786191005341765
-0.4480681675424539
-3.2292023832823875
3.8399656697092635
7.352256237291209
0.4865659343405322
0.7294766097092534
-2.9771797237739346
-3.155659299301189
1.2615510032806945
-2.4777352035624265
8.715355987038635
-1.3782542019092119
-0.6334974802389728
-1.4084800801030226
1.0628968893869144
3.9517111002653027
2.1931338680642267
-3.583859724217552
11.026664522813292
0.1667142291176578
1.0737780518617928
0.8161593240334868
0.43469259956591605
-2.3979325496578396
-2.7420793834653514
-2.192644736161025
1.9294654517467005
-0.8787073395507683
-3.0728194346977746
-0.2713641080064776
7.223545447174387
0.13422791183029872
4.874020025006042
4.004698048967944
2.4825590864372256
2.62899769360899
7.73391207807862
2.0968939855405537
6.09192388201383
7.154230411840695
-8.58464705309969
6.084194250833507
-4.589683098259572
-0.2553174993632988
4.551521980094183
-2.3724284659477632
-6.108881077270878
0.09730002103406044
-3.813911595256222
-0.30503501250220527
-0.7441091157775404
-2.612606535114322
3.560687427256152
3.066414439149911
1.699489969922487
1.2561833775143538
-3.8637121907747707
3.0295368157948896
2.337916939135097
