-7.195418657046178
5.940710204082525
-0.8351038173641705
3.997075877439473
1.6661736705358572
-5.210151094894192
1.484934928784754
5.490098130509875
7.874164109759093
4.569620642047473
-5.596461537490416
0.3666470250336329
-0.6146453287455111
-3.614830611561228
2.515181286007111
-2.940267979407774
-5.051789050751179
-0.053361931724944606
4.295584816114114
-2.3159050995431967
1.274446068360437
3.8409933733094146
4.8055827802174
1.8493220346545585
-1.9933684296634373
0.535241544080215
-5.453563838134917
4.026258630348959
0.8817742942630324
0.013146898889355298
-1.6934226188972388
0.7092089723375024
6.788117809231748
-0.15037440984820918
-0.4274634217936526
0.49985190924606526
-3.0829112973600994
-0.6224230800228301
5.7395525738008555
0.8023971906851828
-7.857770214321753
8.986647991268594
3.102096494297533
0.36910385296175985
0.7098536263169165
3.038983001856658
-1.3772400531661588
0.7387498428592463
-2.089868669412934
0.3350158889281757
-0.5810776746064427
2.010992232071595
4.559367767551697
-0.6297335220251115
-2.51244111063178
3.8238698484143647
2.8654879312367783
-0.31965500950372777
2.135995119057264
-0.722394237331726
0.980052865096313
0.011455153756160463
1.9537591237945862
-1.6391568159457255
-4.927119573868949
8.255517959349927
-0.831337253142278
0.6904464643586509
1.3706155969455924
-3.220566115021776
2.0337760940106175
2.1758725800328915
2.010294189875654
4.051652025569459
0.30149894823459544
2.3827140552108808
2.077211313163436
6.4729411197650855
-0.061995214672259866
-1.3172882812242421
3.248372165902182
5.072982771037066
-3.2713067856986644
-3.475927097633496
9.577557284909703
0.9904622554823457
-1.383564838878022
-0.4485116708336838
-0.17622799109269852
1.5428128039273594
0.277716466878912
3.872680119047961
1.0001370192381798
-0.4003532949408827
0.2633459163720855
4.728150212488
1.9562062242639642
1.245984872641857
-2.796859803261066
-1.0010309579607293
