-0.8895644110487116
-1.1265840529766364
-0.9968507265396624
2.3631945639130123
0.410767644872926
9.265958531950997
-0.7019171228231005
0.8346378559493376
-5.1292828244175475
0.29288923084552665
3.9477585165187437
13.81274336072099
-0.7811266340782177
1.0612529084180877
0.9244798465534881
-1.69243923109679
-6.006052912856315
1.3913466927055218
-2.4439917522026047
-1.9056334245840072
-2.1544092691390153
0.5188342687266011
2.0049295778250498
3.3312352397697405
-4.030812948519027
-1.7842687705564586
1.014470067662313
-4.490036676537133
6.677722179070777
-7.5850218881935945
-1.0572969785257968
-3.9662365568062823
0.2050385040390995
2.773771185843545
-0.4722523297087393
2.6437938946322053
4.304323859631166
-4.210902641265489
-3.6312065410365397
1.8269401825996197
5.9347824211342335
6.237914127887203
-3.908335208713211
0.10477120217112473
-1.397929005178725
4.268868627469036
-0.5992819500638549
2.991754906486099
-0.9792711536841734
4.924102536650873
-2.2869639869591882
-2.8260005043802527
-0.09948030201436475
-1.1022464302078032
-0.6779786037896646
9.283200672380705
-1.81531641820916
0.13441492649459724
4.6656920449149695
0.9028873805249973
2.0249562068916553
1.6221711121009932
-1.3421364111288572
3.271088071300386
-3.046213734648709
1.6224881063789225
-1.4585412661519779
-2.422420690868995
-3.251889096566221
-0.6701278138298603
1.8874446150906796
0.45764382672191484
3.8958019958436556
0.3243907412906941
0.6581735635254797
-1.0723956536170522
-0.20431299622494536
-3.3865776320166603
16.292577140312346
-2.056051573921762
-0.44598226717371764
3.9363668884612375
-0.04318323979567132
-0.059271936272003355
0.11219755261310183
-2.477637555184139
7.665629431458702
2.6281719304278193
0.2536182811238898
-3.376669707150903
-2.030307014848119
2.3378060169350348
-4.118824751353818
1.8077950165155636
5.978145552973315
-0.23775516236598673
6.281159387391415
8.248402676715617
-0.7006082996762087
8.614303786587008
