2.0947126332827857
0.10094016304995888
2.4539423986146773
9.268392957967965
-0.7638270868062025
-2.4065685551444513
-5.338114983728147
5.417900065220001
3.565755373000951
6.181827338827799
-2.8946130231513143
-2.933179075375514
2.4874430058411083
-4.52007925508132
-2.7446288370898158
-0.7273539345633164
-0.38705289247710517
-0.8971909870978112
0.673752818253695
-2.300672701228746
0.5425888217551821
-0.8081738336044824
7.119883972337576
4.929904048326495
3.9432470915959335
2.8201246336930565
-0.6157775596929889
5.526294772263492
6.192670126809779
6.986537759299713
-0.30152899015141077
-0.6476409620920088
0.03882662142684401
-4.964359410851088
-0.3919721832793611
3.7224519635051454
-1.8316007024425796
3.062465590498584
-1.7409055498172565
-0.09157852015235529
0.6416735106560275
2.0522563384459627
-4.271623335342211
2.519408107274705
7.96348142633185
-1.225620057196213
-0.788180213656996
-0.18298132718098342
-0.4871910097465424
-0.4564359952916356
-0.5959650007981215
5.839707731791586
-3.7197593191201106
9.626375958733735
5.568392181150274
3.3265913592493863
-0.9593714368531692
3.8108836123800387
3.229328029918224
5.754612621759192
2.4825457486236018
1.6005799017662548
-3.749910226667012
6.030476635179475
8.38969587181404
-3.3493721833759733
-3.7700338309353807
5.4423838196868255
-1.2472387797660351
-1.8160284650759477
-2.282864485434997
1.0562591547564906
1.0866668660232137
-2.2133532762612904
1.4539241375547631
5.990442047071044
1.9503148365287561
-3.6371738270914937
-2.180998643168005
13.73051184233854
5.183027429551546
1.7205373370776718
-0.8705289648592143
0.5836924880226283
-2.370734880102484
1.2711580808946743
-3.006319912790718
3.7316525274049113
7.461864547459141
3.300034895882879
1.5564670180565296
0.9970356782805477
2.3001348989950174
-1.7285006931457203
4.671510334699814
1.7516800513587425
-0.2172640257618701
7.180221304387351
-0.18420066805993443
0.4455523692164165
