-1.2575446867246072
3.5943352412249006
-2.1297101807622183
2.6739727484259497
10.222042402479769
8.751150610476582
0.8354622199966555
-1.4296272081485764
4.324936856356604
1.0423182035954053
3.1606378429436335
2.3686273484767817
-1.390564093464965
-0.9607243620844556
-2.0139391094595718
6.0667188284369855
2.741119569269639
-1.1806550488304564
-1.24038470189495
-1.279647280049209
3.0353777324629414
0.367250419342737
-0.22022343544074807
-1.404739030379759
-1.1250832089621545
7.943793418832134
1.2754030555020612
-2.4642849576649493
-2.152833911336093
2.3563415024147494
-1.6873244626640111
4.686540478904885
1.8293991530770082
5.101185002911137
6.383646059805743
4.466606958644683
-3.5426129741769756
-0.5352028565421655
-2.7968221777604327
1.7066691327223218
1.9751178421332625
6.275551087739767
-4.14890682860556
-4.837158971582653
2.9638717170748703
-3.5846287395925325
1.1352322526983003
-2.2149909822031857
-0.8835222068281232
-0.3599280728152714
-0.26513463555382666
4.450121958929816
-2.9097770955869233
-4.596210122922207
0.655813795532459
4.201062614435381
1.4591619266864
-0.5008024712000101
4.407359202294327
-1.9613217439974506
-2.4167797245426215
-0.48220947048087204
6.782467890431736
1.5205704337161796
-1.2097814083951572
-6.730821792748869
5.450143833847816
-4.835364628990725
5.704935586072528
-2.6600049009000752
3.792201584230254
-0.427208629263252
-0.5515993458795827
-2.4346407020432883
0.804234800136564
4.801918208638102
-1.5937961406977532
1.7648963218234983
1.4529751825754875
10.066532212306798
3.6037036176321324
-6.615529087547479
2.0434936937017283
-3.654241476613712
2.6729769144332574
4.518087126581832
0.18135662937252467
7.095530894386625
-0.5939539105374322
2.9012215077400545
4.585604230292543
1.3501863263013711
3.4748064752828585
1.6136587281392814
13.398899435572023
0.11952576017076671
-2.1746384270140777
6.299560245529588
3.3684539875958186
-1.5170493053983325
