3.0577712140119644
-1.8034855932302705
-0.0847202327045003
4.692738547487833
2.533340501155849
-1.7632790793065114
5.288459666469297
-2.5436433885722782
-2.790129827295639
5.569635695153865
1.8041423497104034
1.3028420009976118
-0.31174488930224786
4.1989752006620025
-3.7140162045040586
-0.9731049406065762
-5.219282656244712
-2.0527899413909023
-1.8568398083261637
-1.241720689091007
4.35100222265521
3.031861085011051
0.9268205089897905
3.6041830800726795
-3.0067906554658306
-0.6480771498446178
-6.498359614299925
-0.37358096768588556
-0.8830847827972956
2.6652099348348273
10.300650468254947
8.51442977543787
1.185102582632968
-1.9929500033688377
-3.066909317717694
0.6430056367095993
7.2571525288307015
7.234815948411198
-1.2775631783234762
1.5811051400053033
-1.2617219912858095
2.863267536063841
7.966672290099484
-0.7306576318145815
-6.2794044445905355
-1.2542301622692849
1.9315706049503567
0.10167623560623112
0.5069449314718412
0.09397953663618991
0.8689246225631768
4.570534127683056
6.941132531400109
-3.2834652865816376
2.3147714537509003
-4.405107086185017
6.985426850937387
-0.5053929576940244
2.1575172634232773
1.8254618153291688
-2.5396439964133433
4.978004468407436
0.11268631904029669
-3.1802850107887486
2.8120273901520494
-1.7175876092590499
1.6454327557338986
0.88373637667437
-0.5631131718751536
-0.02091693868500252
-1.2930119554009971
14.402346019115171
-2.181714761995406
-6.907027180331413
-5.458632320779783
2.7937602359170026
2.879015093790482
0.8511340218967143
-0.9226082181250452
-2.288244858499701
5.2476114915511305
-1.194248161902938
-2.3632655762593346
5.87100939788156
3.766929488058569
-2.998952185199333
2.872219580128786
-0.6250753553171453
-1.3984852277175515
2.104887065286202
8.787844179111051
0.8262480255402016
-1.143001184365899
9.14994208985756
1.184662824906102
0.09523221903692797
0.4576818120709456
-4.6519539286316105
6.791718158070728
6.1176213619794435
