2.853116936925281
-0.8903795091014317
-3.514697714352566
-4.031433231361627
4.832380552358946
-2.73513594736958
-2.7935068547691864
-1.2532155516331653
5.970921010227112
-1.711657249786513
3.3568651187908145
-4.993517907058437
1.3908590737472777
0.9650873563462726
1.899534431113096
7.7545699851390975
5.714969636101993
7.210725308102858
-0.8287035988059942
3.3710568449578413
6.754883575569497
3.5909564495561717
4.978065736670118
1.4498663480400207
-0.8226763170398608
3.491865002437902
0.9650026993977323
0.8357011310996715
0.8967204569341625
5.840688227779514
12.279173705856358
5.150140337200584
3.1245137003689543
2.570090727768039
-3.744412051016435
-4.742030441933136
2.4737336938190215
-4.126989326358169
3.072692275791373
-0.6399331279611992
1.5468505175305345
-3.3233446883605797
2.099952207772123
-0.8547301160438892
-6.210271041826794
2.527629658335849
-1.7803683035747762
2.773154256679009
-1.7391679360137204
0.5370194101039779
4.009947233736758
-0.6622560028766946
0.26015113023179737
-3.6895735709333026
1.6475782516160815
1.928962029549238
0.4754106136181866
0.15073203622844195
-2.0026100421628357
0.8112958575178975
-2.268048865312268
5.004126960794402
-0.36906561380364616
2.0306214504107496
5.0136373566712695
-3.445152069966205
16.50998532575949
-3.364000253028313
0.4348268149206145
-1.7118147981651837
-0.5028542869393411
0.0917717604021786
1.9889724681821226
1.1464511077731396
-2.9719376393667027
-1.406312443970672
-0.9585056646491311
-2.7514310878310946
8.14723002331375
-4.98871036084059
0.7984621198167023
7.154364398274342
-1.3349744490988082
0.9050586656020498
0.039437462879021376
2.2538430203031155
3.199509138063097
-6.171411356533612
-4.90131861589623
3.066398914939233
-5.219092253960934
4.812726602152791
2.0317498669063534
4.9851270553026525
4.448996695486493
-4.625931824759956
3.5919533820740464
10.603028514873726
-1.1224730558719596
3.806081122052058
