-0.7141073751946615
-2.7405500851505704
2.8567017856616967
3.58870169701604
0.8774590616642023
1.4410093549363734
-1.4936265749465192
-3.5322893930701342
9.043165487109368
-2.841177112707608
3.8593086040272517
-2.296950006750586
1.2580737427724125
1.9958421825242938
-0.43232239912072534
1.88586011265435
4.605164090705803
4.112148823250548
1.375910134164856
-2.940660400738798
1.9495095991829094
-0.8331237342980342
0.4081892085685406
-3.2634469523072394
10.168575934901703
-0.9834197833047696
0.7701301607850113
2.3206163539713884
7.600231019334089
8.819701787119135
-3.1940577207884617
-2.263621664359319
3.6463684848561684
4.491687114853476
0.23122993746900466
-0.27910123935332387
-3.317704923596861
0.8621519507137223
-4.1551028295871095
0.26694324601847574
2.3136716009470617
3.7973739486608458
-5.443632287030032
-4.135340256025433
-5.47333476312855
-2.6061303397507896
0.6680645224144043
0.6743468567878134
-2.0970348002479686
18.437509930500344
6.783989085566533
0.3399043638306538
3.9214307235463575
-0.2199980444871342
1.9700097773696066
2.6831336316857053
1.593218972241798
-1.3224748010249048
6.0903775418125115
4.744986314587701
-0.14949524293029104
-4.645288715580414
-0.05273929514996056
1.2217044939606736
-0.2552602812744875
-2.0816442546092606
1.5532658225178397
-4.298505010544769
-0.3381938989870785
11.213139877758248
-4.16470450780446
9.484294890643413
-0.5001116204258949
1.2801626082262993
-1.5069622820511623
-1.3235702261006648
3.1331005814420383
11.553186810345679
-0.24676089634465798
1.9529318027243054
0.1554959899673416
4.457371535390413
-3.4325788660226992
1.5805321223399196
2.0768790967028723
-0.6648508162783395
2.0986362410765658
-2.6129988135368327
1.808136791267314
-1.196439623053606
-1.3380051313594805
1.1195303574553135
2.0744038650538776
3.5249431081551403
-1.9794334158784241
1.8019782552623913
1.9968406614569796
-1.8857229989145408
-0.6382848966542668
-1.0382127123094502
