-5.1748132495461165
-0.014298922250544879
-0.9708532322508696
4.30966692586885
0.7051049883642088
-3.1726744949678123
-0.562930536847009
-0.5288154366660875
-5.361305321948927
-1.2851241070939434
-3.0905871894720507
1.171468420904494
-5.870447805486853
-0.2317378314920121
-3.5644142986547784
10.638104366175055
8.718400233947541
4.854288346202404
3.5678371345101936
-2.361012640644299
1.5361659828645706
1.010561336515263
-0.37648373753396214
-1.2933692425016996
0.6627293574873399
3.8487701856099656
0.5328565859695921
-1.452609017104033
0.39976536749699276
-1.3408198141898244
-0.41632084188975327
5.454668051026699
-3.369908983612555
7.367569828193789
-4.961606132243256
-1.8289295544567363
-3.6849829809922627
9.692361236880398
0.7717051572237525
0.008492143861528667
4.3797456102972285
-2.2261254034815785
2.162842018932723
-1.6956640939864127
6.109338211435908
-0.015419546105774895
-0.2505603196974474
0.4296325740440301
-3.614856596028142
-1.2591869419303436
-3.356698301087183
5.482179471775348
-2.374474098495705
2.675475398244153
1.7587653112282318
-0.7497153302125483
-4.060349738984803
-3.0254328915195376
-5.837692771893875
2.496979918246256
7.905785684133287
-0.6065859995647735
-4.602052849162252
-1.0191924586501775
2.4263424097636475
-0.16268888939964285
-1.1059422045907836
-2.625517507219441
-4.522882855017495
-1.4364696797400693
5.647977927490719
-6.078403248948523
-2.8333054761778733
1.1954976068573506
-3.28640732134767
0.2758859319375657
-1.3983741359526278
-2.6612115564335257
6.642242960595303
-2.1682798957445835
-0.6622522625132037
-5.084834555313859
0.327985696752053
2.053296732959383
1.0388596212921994
2.584485900908521
-2.8340788180459997
0.5128567029620005
-0.4735344110668166
0.09202928365668189
2.0124129657032572
0.6488953056001694
-2.610881573590071
1.5806732094437317
1.6956184586286729
-2.5743832876715733
4.322778662153195
1.173328535290109
7.9030314013292084
2.6230126364527653
