1.9108029941540547
-0.6333825490453799
4.862351856498309
1.7943842976194966
-2.4608589779420607
2.590505770612338
6.619055941310936
-4.340611205228655
4.540566186776311
-1.1524416323320428
0.7153947164896082
-1.3102604172112935
16.07998413425
2.8103880156604566
4.660458340020185
-3.597611652543085
7.402901896266832
-2.4415823822826335
6.285656561091125
3.7421737285228978
-2.0679722037962787
-0.2480653172381371
0.21672544231833785
-2.90725782219614
1.1764726095100515
1.5184480687664672
3.091363758897135
-3.036432535915398
0.9917110475176085
1.8601864631546579
0.17503352890847865
1.83278152416502
-1.8279245157014357
-0.03959454255354619
5.45628596570384
-3.0026372251470366
4.015552304325789
-1.6676574392354317
2.6924660230417254
1.7934615056627874
-0.8822755231435607
4.967838335644086
1.052692908942054
-4.387306720898983
-3.656092572014728
0.8458379297630428
-2.528133877992922
8.13447745045859
-5.031534646863463
9.749228356913816
-1.7765868851037265
11.891039754748855
2.7155185654979066
0.7193107052915204
0.813237384553485
-1.7966053411923828
-1.091304014289359
5.8368296184114214
-4.553839268010417
1.719958533168275
-4.0051436024107465
1.0077444543902427
3.9415514890770216
1.0927438507324825
-1.9007792825300913
4.364762582557135
2.713706113206314
-1.9694600817316927
8.52261135777552
2.2019864965318825
5.849780801524589
-6.455384337087136
-1.6041423273661413
0.5516249312990318
-0.41620243277197166
-0.24309256390990042
1.3491103562738842
0.6962641244657373
-2.71382401364351
6.08969656896822
-5.549008499117107
-3.37371567714181
-3.0150693925642598
4.193579615990395
-0.009147250974811404
0.8484721991041217
-2.8273185764841955
3.9607383855134746
-1.4236848193245915
1.7148485784024536
-1.2187547262221585
4.188396973081237
-0.2418236728529024
5.444969219212405
-6.1674783095144905
1.5284856520264343
-1.46100726395588
0.054833173760737194
11.888998010171143
10.189940472451894
