0.1686503896005027
-0.8439716698520178
2.2040124242522485
-0.7639971289778233
0.16495472481338025
5.5493200636267925
1.1860162628632485
2.3006138075009184
-6.675531191310945
-0.3975832903214561
-3.744943841507009
-7.261569766070296
-2.841752003444991
-0.5494315423028571
-0.8908523164455335
3.595757849370547
-0.7195339082939791
1.2302518543047938
0.550097887754067
-0.6453492768201308
-4.065844674478276
-1.173854170032697
2.910404956761176
0.730238270722098
0.6000965755302732
-0.7484677967806131
8.466290242277099
-2.0797965847548534
-0.35039240766658497
2.12407269510137
-9.170126777403937
-2.6096271212245914
2.9748231144798836
0.5414670150853058
1.8351163945079612
11.910712481684566
2.3243175334185393
-2.176423133808399
-5.052909807037816
0.5732454410030356
9.507567687202378
-2.0534492275938234
3.3692668458485855
0.21723238572456727
2.575354746676319
-1.6950978331419493
-2.383544522193494
-2.0933034653358917
-2.8560710682903396
0.18054931897742474
-1.1821380384532927
-2.2336780433802286
-2.0332633722376783
-2.2929856941650675
5.177535401437856
-0.1078569855640277
1.205614385300978
1.8965758631608782
2.7133223013488523
3.028389240145927
-1.693147037016829
-2.9644095851450407
4.998548509494947
-3.4702734412414205
0.7198735503590932
-5.796762049655842
-1.146873272736778
8.17504946056549
12.347592000785971
3.8279559579166658
2.4030021580341634
4.451458025280275
0.06929076190594702
5.334061723481049
4.70262699909673
-2.1720761273700804
4.747769197852393
4.5051394321968035
-5.057198577658607
1.1467556882281222
-0.6876755656453053
4.9172319575157335
2.7558920268901503
1.5549471568284279
0.6376020673104325
-1.0714615167398724
0.17965399920571223
5.583686791211032
0.3625546873467209
-1.4412287026972446
-2.263280171139018
1.769481630017061
-3.698052495027257
0.49092006125675236
2.7929890337013035
-4.273630867281389
0.6735462360949813
3.7868533420941324
-1.9640670238506708
1.1158608194082584
