-3.931044196415935
3.997906543305282
-0.3753579547344692
1.4866723276771414
5.939061986537898
2.5298399532709026
3.630986535038449
-1.9948855036225535
-2.1603932849300866
2.7588363389705046
7.573217452925435
11.417438727261132
12.474426133927972
-2.86160282721976
3.460228310387935
-0.43771567230257835
2.859414043226317
0.15476863550519154
5.53505193184745
-3.6657197940451103
-3.7400149249071557
-2.0219956373867354
-1.8726792442109006
5.70102279989076
8.315573631555292
1.5156560210316905
0.009212798307794454
-5.703526074618221
2.206979185463148
6.8044358161769445
1.7659357598630527
-1.5512908201689724
-0.5495170143142201
-0.3596463734910993
-0.2922486774720239
-3.546296373724874
2.618235686951165
-1.8201873031566593
6.233800411060107
-3.8688090446893106
-0.16185801154413298
-0.13717570154953268
10.320122117147374
4.783615604879545
4.432639599787196
-4.316158001918816
2.6112900500604317
-4.857081671391362
-1.6956954147419652
-2.5120660497062643
2.216049509707747
-0.3620132518208047
-0.3283586261728419
9.7286552753604
1.3998442688632
2.0364584448555885
3.86850281468732
-5.039625130676951
2.0849095840906586
0.7476144600825683
-0.5043296221095921
2.2276421087691585
2.274299402720726
-5.608219453903821
0.652302279041131
0.5844266098012038
0.46825998831210514
7.422152195716615
3.7622338128841504
0.6774632478832903
2.635152410477157
-2.4770296502646127
2.7764604756229243
-2.371596349077552
2.0422692351196456
0.8641956262239734
0.56717848407422
-0.5209916660475926
10.771861875673665
-7.691704678859815
0.8776899932171265
1.191760938002243
-0.9780037368510844
-0.6049238456596286
1.5808581660213026
-6.073577110340845
3.7771345151995632
-2.847759822754001
0.6429543888394749
0.7218910726099309
2.813464056561313
2.400578832537529
1.3994774824822551
0.025939488460030014
-3.1463139207725783
-0.27045644684010894
1.652343688145272
2.8504731373678482
-0.2789730715065577
1.2066071360974715
