1.087967408654276
2.8831704190638217
0.9357812844794033
0.3802713484073459
-3.7420961839795455
-1.3714481078547236
10.53409132684889
-1.8396959397939345
-2.6450650675262906
2.400062970813996
4.0267319480313875
0.7897148374982152
5.868683391533855
-0.974317473919042
-0.14783360613200972
2.3832492659919375
3.114307201279825
4.9141673092158475
6.190912864393784
0.36072497601826786
0.7173688504520893
-1.2108536649304078
-1.1057559017393934
0.5404635559169096
3.254974528445964
0.6323018858818844
-2.3994436683568505
3.8008974993433586
1.2528748054127208
0.056622378871970885
3.9714666636494265
-1.0279503499588474
-2.2476037020301156
-0.5164391823652072
-3.0960534635546915
0.0641526458182204
2.1583844305213344
4.482123181604128
7.012140623042296
2.8276192545889214
1.9504348009894588
-1.2308797442521502
1.3552568150450275
-0.012582342905314074
-3.73223409126107
4.593197720939523
-3.4799228551619086
-3.5463992554940287
0.8741088628177144
-0.33906198452253644
3.112050995826272
-1.939646017262676
-3.2955493592847214
-2.9713102822708426
-2.051425467157195
-0.6692735972241206
-1.706880168775419
-2.322603990201709
-5.746180175391852
3.5739085243192354
-4.182975644832638
6.355956108099644
4.963444702858642
0.6470260234615766
-0.23503862430307482
12.949278912950831
-1.6308971766228695
7.318124157453574
5.946735592101307
6.238618674009874
-0.7899524032303916
5.480111067786309
-1.529006426700697
10.560914215694645
2.3356153814267926
4.439222690978958
2.3061693908169363
8.33619766095617
1.648662484334123
4.628704326698486
9.769496465937577
-0.036806253127042
9.234901294644438
-2.0259639973392005
1.8714093241691914
-1.7234251789011292
1.918384164992815
4.195790936393269
-0.6171523699655794
5.82565173898006
4.0472662305654366
-5.649034258862486
-0.8163202455476084
2.8228443822928844
-0.6149638538498756
2.015677980734589
3.5885788157282734
6.949939283098683
-0.9261020375859665
2.298277265783853
