1.7571726011862405
1.591723357384302
-1.0053642845834134
1.5047435037297925
1.7731380109056838
-1.848477369071793
3.914696060684288
1.0547735028412584
-0.512408356722463
4.9862870943912885
-0.9942386783116628
-0.34447744712854966
-3.1686573314652717
-4.749066752810353
-0.20451184961633903
3.441067931285305
1.752132336567797
2.443599627383464
5.506349885122626
-3.4052297714738984
2.7850944233909374
-0.05312342949912682
2.2510942234979767
2.720884694847893
6.089644842677484
3.3239111904684266
-0.6376440449271954
-2.151628143090783
0.13836035752899384
0.693374095740935
-1.755434840684364
2.321431639036193
-0.06593307730962086
-2.2954761203126557
-0.8425099154811524
-1.876419635852009
1.6773008805209608
9.770658069910725
3.587378473728897
0.5855083222951462
9.031320574503358
2.315888972055552
-1.3507352569412698
6.3308464344370545
-3.544554606547452
3.777013676495872
-0.385014834240519
4.051258447508971
-1.0653916299638948
-2.1598872220119083
2.28920822438761
-4.290712248503729
3.805914298963538
-5.558050238413581
-0.23592221219625165
1.1101805775681952
-0.8992513863730119
-1.7289169836359843
-3.188235439996458
14.338821470379873
3.2538757854808384
0.9179739427112599
-3.400976735382005
-2.5645767844485263
5.504164518222387
-2.2162211312480116
-1.7472573383728869
-6.080138287180176
0.28197679145362287
-1.359450262146423
-4.47618481941082
1.8979185285222107
2.753686811585019
-0.32580807366448855
2.458341172356746
-2.6492843064578544
5.835981127185649
0.8269440067866651
7.163511293589686
10.302738833815528
3.6559740013012467
5.368487211667718
4.052438504730747
-0.9080965261549966
2.018823132118247
2.313766162433855
2.565192491760264
-4.2729489617754375
-1.969880335503544
1.1935330942882667
2.4918284036306524
4.723807042274762
6.259904888206726
2.670200883977239
3.3818737597263286
-3.8993757594458414
11.704560286698792
7.873967849367039
-2.7305914667371316
-2.0280953745823664
