2.403746636316742
-0.49009484437751694
6.59433937000228
1.4368085030619595
-3.526787447205032
6.5663614604745035
2.1618146675029566
-4.954645119608866
6.112153831931906
-0.7838799089868353
1.803302721924222
-3.2362891956868385
-0.012662728008402523
0.9188089526684509
-1.8803815196622868
6.082663835671028
3.266688394549427
2.0219410204044284
-4.648452982645219
-0.8541733764092214
-2.342147218257664
-1.2875789239150035
4.30022204826968
-0.43125030681728455
-6.045330851095095
-1.3714078214073133
-1.2119196483590047
8.364331731589736
-0.6336216017431471
2.3842132876275235
3.863909930330816
2.1298651653917764
0.3703496635443771
-5.504266836231202
-0.41494508920344675
4.16616466401973
-6.729856158023718
0.40258795498736144
-2.4942593688028545
5.307535162433914
2.9044723224074387
4.241088429151577
13.020122408865573
6.438435603789209
-0.10099530838367315
4.27424866858183
-1.7492232741735991
0.32172804121236875
-2.9624057631779452
-1.594269965739599
1.7373963872409943
0.7129154734892067
1.4789744895666912
2.1916754429391934
3.1995976455699737
-2.219028707382714
4.538983735809566
0.8740833728568282
6.806047187187861
1.7388174017020201
-2.4346099394476397
-0.6475625079623342
1.1853117318852786
-2.699047996814948
3.1668450297783144
5.183981139146001
4.7932655196294505
-3.488652107293337
0.07484061223467064
-2.5827696586390845
6.07339194445378
6.408257436548861
0.260633780482753
-0.3618146101567588
8.182091179759697
-1.4281106462884126
2.348334676709115
-0.7300798387437752
-4.183813389140969
-3.724745038124047
-3.8114766008705967
0.319644651869717
0.41878208133577477
1.579215129043815
0.42949227807640433
0.40462286569438716
-2.6184205833812597
-6.028203640035871
1.0685951748307836
5.141474176613685
-1.5661882218370935
1.974003481672135
3.445818510430721
-2.379446366128695
-1.1447281400475058
2.156913783827929
-3.3549583958115994
3.712162304446757
-0.9857924749333932
3.4493571210579166
