0.29406707195141857
-4.882619646059771
3.0226114015122763
-2.218950084704518
4.114630315003503
2.4323447704279544
-5.371488680372818
2.7362610306593007
-0.7820228669364915
-2.045976396091949
-7.377128981771444
3.0677237034509455
0.4151373920172772
-0.3865823527890635
7.199339001385224
-1.9744513960025212
0.10702290175425919
-1.3101075970441232
1.6851088656244846
0.30064917974303235
0.021765577220105577
0.35005630194590626
-3.595136805053939
1.194998850576718
-2.287694117828288
1.7020573288008687
4.976874318093736
8.885285839754966
14.912506965283292
5.2308074901223005
-0.28842806929876036
1.8010841019062922
1.8034271199012077
0.2470311568381428
4.074901054636097
-1.4588414445478786
0.8299449331049843
-5.306599019434488
0.6659872462362082
4.755755668097234
-2.3921995715302797
0.30970590028339195
0.16738216072306542
3.2155003666683575
-4.471439298228843
2.8198571994557766
0.7114289141374079
3.5927887749582883
3.6169328177970113
0.9496623898014063
2.4948371601383066
-4.757150254252842
5.30801552000772
7.233757750539683
2.788519745188056
-2.2588771894390134
-0.08248576528508664
2.739574319765542
-2.095380680460476
-1.732753600434067
3.8577580942814986
-6.3639308856362025
-1.4710354480689845
-1.2239654851569393
-4.616530737711953
4.878586447258062
1.3975064804420856
-2.5913475598845253
1.0749851799225287
3.4683178490544955
1.6704329554696364
-0.16366392806046012
-3.485835466182337
2.5358756620840657
2.9217588040591567
-7.468387850465654
3.0904289798590425
11.74324302479068
1.0957620230202438
-0.34785932943068887
-0.801745805136445
-4.739781957807086
1.4307042110887904
11.713864663993807
-0.2163585226016698
-2.359884477844564
0.9351745874692872
1.3068933691224014
-1.4790113956228979
3.688361334870731
0.48471431124478037
-1.040121710104628
0.8973248158508098
1.2817633532891786
-4.9279178900503195
7.5826208803970205
-3.321294539672964
-10.846695558706536
4.5962243601845465
-0.8467252737322999
