-4.035146357748358
-0.5847941086355952
-1.8131641720060545
4.506393498470817
-3.658638911673912
-2.5928196859606865
-0.6313248454272657
-2.0306537941512977
11.050264691423747
-1.8507675991835661
-5.663285107188127
1.091362453121938
-3.878419471013077
-2.1277967613491766
11.550367825696432
5.869530727038863
7.22772748983031
1.4318343012760626
0.5184186909741288
-0.2759449277868713
1.614385589542302
-3.420144527952217
5.05065624064492
4.01070459023926
3.3212815193512624
0.23853559834796423
5.949313134199048
0.8968454041401017
4.652149489150775
1.6037292250948527
3.079527184104273
0.03692125743449457
-1.2396381557306555
1.8080230945707292
-1.0012764696091456
7.444585670091881
-0.4372879549205493
-1.1350713424916528
1.4429609851269958
0.5002957822165162
1.6261930866494776
-1.6562814834901034
7.680224703459343
2.0356203632420047
-3.637278545375951
10.737226394643404
-4.6531548564908425
3.2024808062264416
0.057805823266580444
-0.35687176648740226
-1.0873303351345047
-0.5595954064992507
8.892919579386987
-0.4905518015857496
2.7422811647107475
2.1961568242886016
1.9482237153584756
-0.22322902381333698
-2.713075896410121
-2.206129540378562
-1.2910637635416142
0.5679668626696168
0.15382323359441652
9.740060648858766
-0.4581862259393461
-3.31280114159713
-1.3731362070826643
2.127664893762026
-2.8180652008032157
-2.7907460901751513
-1.575784155873873
4.6027728619631025
0.39370617675349917
-3.021523816735825
-2.2625855093935354
-4.087961171631751
-1.938040407707431
-3.4117338971055378
-3.5812246449535925
-0.11721278756967869
-3.34069430733088
-4.224931544101089
-0.13150387083066348
-5.186867527600294
2.3862079971281487
-0.4310486561357849
-1.3893087517293559
3.928675062122564
9.061465119176312
-5.266176383729997
2.228975206218238
0.5141309076107005
2.156548722619917
1.1849507926296314
-3.8404219121423004
-1.0846847197658676
12.334582188312975
0.002337299757223189
0.3599189123225339
2.3680458268571254
