-2.4714669121210386
1.736332131927583
-4.985616129153947
-1.2308917348971795
9.797020020282499
1.1777601762709877
7.504177074228445
3.5286806121116823
6.538503594051953
2.044715509185381
-2.206147509044083
0.09414228192907181
-2.5914873451709193
1.1088181395151546
-0.034998319986952554
2.493826702592329
1.8589185274974995
6.476332571396402
2.185769068618316
0.07017495644614223
1.6602409604588866
-3.9979634854777153
-7.0498970274321415
2.8214231736436033
7.506931277523091
5.017472062203877
1.4676372334244188
0.3807809169174604
2.284382542880529
1.8228557741484714
0.6517578022674938
12.88084871716336
14.506196240935072
-1.746220225136876
1.3490911326235817
-1.4315814824360593
-0.13005378766589962
0.7447057841133661
0.25660429214907804
0.1487245115588929
-2.9900742391744606
2.3802440028727085
-6.482916419492356
-2.6818222824788913
3.6345530692537453
0.954024773324445
-3.181530537723255
-4.163699628529699
7.551242846453599
3.6529714950947723
-0.07981261340375069
10.089499116692961
-4.884424408722047
-2.323304297732683
-0.44259197659248384
-0.5024840624346836
0.3668389924186297
-4.423572754241272
1.7130685258982274
-3.619306986384378
-0.18472356735804718
-0.07288469179581405
2.191890025428963
-0.488569552738247
3.0425381672701604
-2.0053208552043493
-0.6931090149314709
3.6027956351066397
2.1031468375113627
-1.979264331053658
4.358706016004964
8.274289659075203
5.264263700788272
-2.5193310173979238
6.225658927064129
4.3415061035199525
4.488006829498529
1.0711098997995347
-0.8863493435585803
8.024222432921206
-3.7695690194187907
5.652551652565111
2.2319815532142218
-0.8228489231749658
1.032646394526258
6.944013028677817
1.2517754481899135
8.471535185673138
-3.6548261454949103
15.174232897647213
-3.2294014975992407
-3.068541330431354
2.1495002704389785
-0.43538130789038476
-2.2748533200445253
1.6727789492009326
3.268935242329959
0.6556275206532568
4.100449516411062
7.655257100817582
