-2.7820917231344446
-2.2413397558999577
1.3431867015712418
7.6908185177504835
-2.3645732487285525
3.610643477308446
3.0890080573328174
0.5672395258260972
1.9143941292853874
0.6717200314181725
-3.962383303357571
2.212659261338083
7.67457594787813
-0.05255815892782793
-0.3327387690293383
4.943786436327331
4.243490571362491
-6.574382283873097
2.2861464001431715
0.3412062289788896
0.32172667648366904
-2.83567607506089
-1.4478666963921871
-4.637148145139584
-0.8931844561135533
-1.9130023245514547
-2.619986605475632
1.649724635529917
0.8429914527507197
-3.604832664541151
-0.9769771144639736
-1.703822532171234
6.914994429125846
-4.693784368009956
6.173921670241365
6.8700909837001625
3.1384413054686346
-1.6908094819416437
3.373740443267488
-4.337525154403991
2.8768057836037
0.6675346730310382
5.960424475104491
4.465273737408498
12.384444582093252
-3.574919370839585
3.1864403584386816
0.8369031997347269
9.072829195251556
7.23107405751337
-3.0971851531619157
4.74145804539308
1.7137359558164373
1.4261840607528828
-1.1533548489820624
2.4376461297832837
-1.7240156096119137
5.133386092846382
-0.29384817875638997
6.147402633869787
-0.9046992318649267
3.627539577267835
3.513189130724087
1.5828159837943767
-3.578872724205835
0.3483853693328513
0.330312116467056
-2.4972852455447145
-2.2528503013724492
-0.23179120999450592
4.31996044147433
-0.1498768515274275
1.9386256210483679
0.08300156407772008
0.35397637849424957
2.829379709675816
-0.20852831803522925
2.6080158918070158
4.912708098098006
0.5283350898017847
2.738300195397467
0.581344994870193
4.501516560664226
0.947440873396725
-0.33360440792907164
7.803292502449569
10.107233477589254
0.7562977752809006
10.08677133899086
-4.812343583770236
-2.647494327720511
-3.0566978174186046
-0.8705720671784233
1.20181449331838
-5.3730639350549
-5.484620377462507
12.47887360067362
-3.6027299011937997
-1.1987033206328968
-2.99758521355969
