-2.946859639733393
6.394838883992144
-2.2405473003409555
1.7937074720903499
4.401651464212893
-0.3882196340125007
8.250699790664678
-5.9223121349991725
2.8722001263882313
3.145450125441224
-0.6460191873968354
-1.3267633715068317
-2.2944466926963516
1.3084094154662556
-0.7923870360274723
-3.4096912569173625
8.994930456214966
8.613696291986852
5.15937164019867
3.3252775303574076
-0.7622133530365993
-5.094548979929494
-0.579048006842506
-1.428358969419176
2.041273797924706
-3.0590714062734516
-2.3406943894949443
1.5254666521656692
-0.8529463100719517
-0.37988108775608165
0.811176150606967
-0.8489524612707098
10.137499353086795
-2.6068220053046134
1.203665680203709
-6.852922180975917
-1.8340432578011465
-0.9146719794865605
-2.029190374532209
-0.3891545247269567
-6.812281676625913
-3.5042576102585854
9.22069970435733
-3.3058978586496885
2.7591339670932307
3.5471566734870903
6.08413327573048
-2.1750406145283843
-0.8365613282349446
0.5511198087125777
-1.6018250292324068
-3.3905388167201225
-3.290915426819944
-0.0002172342487103407
-1.8251656948079642
6.038666229539676
2.1172539045260104
8.449719174009452
8.207709658338791
-5.240947534006598
10.088088882163701
5.323818717875794
0.10655757649078246
-0.07148959710572142
1.0511950846897187
-1.0496624265681198
-4.69575361011475
-0.7088036531040469
1.5648921438092669
2.981950617279482
6.061960862860837
11.204510987774068
1.3744748665906452
0.7683332542956854
3.113184470899677
1.9778025099780372
2.7214802765597876
-0.6610948921622148
2.1745387000814644
0.7328577369861016
-3.0368684574325187
-2.699340423705155
1.189982374782245
4.672306946413075
-2.4011287196586135
-0.9983916001003252
-4.415594783300338
2.798596134167835
-0.7850101656023203
1.7643475386576175
5.277736826679018
0.1709419224495482
3.1673387618843334
4.057867723411278
3.52110925900353
-1.8197919464002617
-1.4618569342377148
2.1085333681713245
1.923352041713937
0.5909935637226905
