4.271004640185991
0.3109474439977441
0.545475592124476
-2.9501839845082056
1.0760062027702646
-3.785515874808615
-2.179830408836213
6.741779409785376
2.160130524052775
0.6875418036771728
-0.3328790836071776
1.4045669862729815
-6.402861194498257
11.863853842718443
0.557228590986949
2.447667985404169
0.965546770809359
3.783276083870895
0.35240871163237586
-1.1221475571250916
4.721254140635158
1.2123825649302882
-3.990012513836512
-4.84158271647625
11.086530973367978
-1.2243412913059388
1.0879809360548145
0.08970446945818189
-2.494494961545569
-1.1586235246869103
0.9088920959083291
-3.2076018942912783
7.543533049670672
0.20411343928609124
6.275033351527436
7.687939554543783
-1.587969857476585
-1.0508129615002058
-4.0859727700604695
0.26947497340698284
1.5820514619774797
-3.2701803321985534
10.790790286660807
0.7235752574483059
-4.6529835185116015
5.546654591672612
-2.0107994079160054
-5.91627090744029
10.294281524696741
-2.8474430065524237
2.273408006336007
5.2414497582736725
2.4856294941498147
-2.7969154576751416
0.5958654229495555
13.372298280056263
-0.2335814890358933
3.121588591463888
1.023930459765257
-1.95608965364958
-2.063861523841018
0.04945896396827589
-1.768889768050043
2.0622655550935964
5.85346394099443
4.066839685313536
4.668985197515214
2.8509726017120345
-0.16780585013496924
-0.6939500560021418
-0.3663689513788687
-2.95852897479452
-1.8684515075312844
0.764272094822953
-2.7678049487242156
1.2920975271348878
1.539012953067275
-3.185576675391655
1.1433657681423437
7.9584820946203205
0.14471766484901954
-0.1986658970986485
-1.5459336663594696
-4.896187232871789
0.8155987766543622
4.553216070500641
-0.11511328391719369
-3.9284838811679212
-1.3705015596883003
1.0346531158644856
-5.270946675766643
3.847767275955989
7.0711930434646595
0.51440327109625
-2.0291090348736667
3.9399741858273623
2.139196106931031
-2.4208663158672614
2.1783445521030664
0.5601218231262408
