1.5926496041735874
-2.7230845679888933
1.816882300872292
-4.285859294450412
-3.7882893005292635
2.8236272567427685
-1.7489365987087715
3.25815205406158
0.5340043174341558
4.109515887755375
3.6256660498143765
-0.6012864462995621
0.5745570542772289
-0.5528702137045265
5.563919431471638
2.197202697491503
2.1214417676150994
8.743078941868365
10.168952969452233
-0.29349936474238286
-0.8396835334247318
-4.362705236357528
0.08287954451372696
5.9450475554272275
8.972344667268155
2.022194992574657
-5.985637072061215
0.7405485993420384
14.37134086656161
-2.951494754524704
-0.28958514393422113
11.022797286598829
0.02762246201968397
3.219835377955377
-5.502979945009612
0.8668868163656959
-3.5761838441032694
-0.502508938769187
13.833407993891711
-2.5423897518017786
-1.7317242437069464
-2.183843751945391
-3.3373341336793843
2.6872878653992265
0.06614863271188542
10.586564682682978
-0.9623505646470374
2.0725943947840566
5.720204323147689
3.1293015636680606
-3.324252986791607
-5.045282172557547
6.777417182633265
6.775723164146131
1.8751437502091712
8.791389123437845
0.11201718262469636
1.6246520679695768
11.654355540980461
2.1766603728348697
-4.065309394094845
2.769222926478189
-2.9420352535909466
-1.7918818118246955
-4.91790984009244
-0.5738531649300671
-0.21878468812288976
4.016354235930735
3.0918246027183134
0.3521120015378884
4.040973507464841
0.5476737777419787
-2.3097786000463474
0.3236272695489152
1.5926616970492016
2.9584549592013336
1.747587738694051
-1.747719098155994
1.6984569710631585
-1.006314119799283
-0.5470801388919864
-4.632739041012968
-4.0763789619373725
13.640198718050247
2.8488004709083805
3.595731551282643
4.323939605991416
-1.5866330362776648
2.2876686377974216
0.19757095718601025
-5.449592338056357
0.5016238998892157
1.7795551184374778
0.0745684555370919
8.095166943628662
0.7937601032352106
-3.9473566777516034
0.4957295139224769
-3.9644066361608914
7.668118960394999
