-3.0376050348823265
-1.251955255802838
2.169173509214343
7.018688457897155
-0.9895163951672585
-1.7926851043068277
2.320734731236291
-0.2333498330276007
1.7856489509909244
-1.9691400896951206
2.6994759046354053
-1.4550114180358307
-0.8522343360017677
-0.11676060077013746
1.3662996399491758
0.0018024338361274273
1.0532533625029954
-3.2964889693987343
2.9049187608356086
-3.845432560105464
7.336683868489416
2.861456965951108
-0.8066039510177023
10.032215347123609
5.392773572883043
-1.5206097930866824
6.193347718844546
1.81729680448609
-0.8039127129057315
1.3412790905745373
-4.326819516454913
-4.289997822169687
2.058187190964269
-0.09777204723157966
-3.513903250725806
-1.3298505066141182
-0.7547234349808396
-1.8381418760835642
-4.4301826886711515
1.1989975820244991
-0.5852807079691483
5.297917676755459
0.6583043799784607
-0.14858483517186993
3.1139303424395637
-2.3895822379698197
8.237107172924583
-1.4894836420283841
-2.5025177333598645
3.0626261189882484
1.6775852570099912
4.32423443750532
12.789421425451515
-1.0886145447466142
-4.844075502016829
2.5305750634092474
-3.6657310024759946
-2.667489081660279
2.242701573264219
-2.4910171381293758
0.8274963396594252
4.686456385739241
1.9753806226036295
1.129198815049096
-5.942218910505084
-1.0448072793385166
4.099725164659552
1.0781625150513865
1.9987300751791628
2.48114236600869
0.8158908215677592
1.7802699404545343
1.6763114151103369
-2.6626196332263747
6.336731778020151
-1.8213456774194885
-0.5518659072964938
-1.6963449128509538
0.9175420298905451
-2.6727948350153246
3.6688581699319016
2.3529081589162386
-1.234449330368692
2.1106799810661308
3.573509437296254
1.7420938024686878
-1.8151885299930042
5.504600594616278
1.9377673078058928
2.5528429485816777
0.6556280932028425
3.7287760920627564
9.201327827484917
12.046244898298621
0.337039007526438
4.741952135031342
1.6748286966060535
-1.7393376562227414
0.8304669475765605
2.7652423498458067
