-2.272999712596698
-5.153820188454031
13.82671768417646
2.5232210951735707
3.1008413777416144
0.465275885990345
1.6105623091756218
5.323307485723674
2.7700309598371655
-4.151092204698314
2.091976498717565
0.634720491506931
-4.5923286570658135
3.5588067376002757
14.433802169592234
6.001434433536101
-1.6010180864594488
10.413931227448597
-0.8394261204496749
5.77808500946195
1.8946866437003176
-3.22190021297558
0.5780444197198505
6.8873840964567465
-10.195085034749313
-0.39045865475106556
1.0838422234739384
-2.4053577930411505
3.7427686177102784
4.681063539294476
-0.6149827351725509
0.021852576767172536
-1.8522479291842817
6.179847475546204
2.1841811153790203
2.119228178445719
2.549227638393206
2.2278076281533443
4.613093588297058
-0.2647727310994828
-0.7305752988967338
9.839266019196826
-0.20783196958716077
-1.5298139613246393
2.064001899968606
-5.544544715751908
7.191903483597846
-1.5184683799529732
1.8322237129635275
-1.6990487374276593
2.584428862815589
-0.7702935224927039
-1.4772476267163803
1.532821566018372
-1.2564742266847346
-3.0154563011008335
1.3942790148827036
1.8752275492980517
3.310327706257819
0.1317085229039503
2.9757142017265537
3.2178787867090692
-2.763666588964575
-3.6255664602882156
0.3094752932100856
4.239171486687273
-1.910567427978758
4.4923309923507615
-1.452628269021554
-4.057731722882325
8.573105268505232
-1.2670563162522743
0.10200431698205904
4.441690557332736
-0.11570014743773346
-1.2241011278480498
-3.6777491827802344
0.8874023034609738
3.0304422950104906
1.8645463816551455
8.384342208838284
-1.3838206283919086
-3.641352986965355
0.4108331437985213
-2.6654069969692618
1.1517392648295117
2.215093967479098
5.3418715452203145
0.7824132024630059
3.3764665362215345
5.907308436636978
8.707364090256444
4.161695766624861
-4.335813364763245
-2.4764066085162275
-7.485847285621684
1.7482826110873295
3.1421683569783
3.8395672939812524
0.9252375489736244
