0.6961595302852501
1.6589683790957301
1.8075528708925188
1.5267557200850297
-2.228325805725496
-1.8761655643351622
-2.5119706831219313
4.2584684518911065
3.0848216332204688
1.773361714495608
-1.9035214838242918
-1.3647777098223357
0.6095204629217658
0.3341419337905908
5.448712912104431
4.941127064804435
-0.5267406591426997
3.132268205363202
4.356950225340745
2.2399638835339877
-1.6130893408976132
0.8813613876883009
2.1742311839611377
-2.6296720662014943
0.174622628912378
0.2888368061964727
0.5462387789895945
-3.301688595653731
2.400433052637311
1.0008289340569618
-3.7005350016175864
-1.911168355718388
-1.2803355235708649
4.817796340776241
-1.833193923767614
8.567196724632485
2.8645886897293367
4.905273259077067
0.2164337564783449
-3.525280420353677
-3.102768272702919
10.569993680321868
4.987198626111206
-0.007015934308768099
-2.2927548134351996
3.4166495093004827
4.55214755990902
-4.784696967825114
8.218160324308364
-1.2352544110115737
3.8894696829034427
-4.27587221230967
-5.347655979986118
3.7590558650364256
-3.2111103405889594
5.841479622934488
2.473014901756654
-5.118027117016117
5.643476937169089
-5.369053621619501
1.8228519747619765
1.890237861716828
-1.7303450799238411
4.267150888646281
10.098718626944327
-0.0030109728885614083
2.3565515048673014
1.7338217059759995
3.5136964580323413
7.279820654804748
-2.7693848005083392
-1.5511238804830962
-0.42167471991492134
-4.0914950329985915
-2.7035580897213327
5.0164321295858665
2.115830259898959
1.249552095169247
-0.2560893857619253
-0.3396884903489976
9.74123949166509
-2.3000303282618546
-4.991485027468284
-0.9738091484440734
-2.0934211114598997
-1.497536979759717
1.6066288230972248
9.747096213155494
-1.2602277520873295
4.639881139343315
6.535083219252842
-1.178915844398056
-0.1118406306774628
-3.49263868576893
-0.5095610305128068
-4.827188782099732
-2.848479786676638
0.23593542090248815
-0.8802861672444253
-0.8402208187823671
