-0.8373794212625659
3.614076594416537
-0.2884377020579352
-2.7411104835764917
-0.09587140403801442
8.55833138766057
1.1113464834959537
2.699337192846164
4.165577479182412
1.0569175730198086
2.9162198048700922
8.67235553704035
-1.5972942637165835
2.4862972639151026
-1.467178799900136
-0.4849819530456315
3.578743243683692
-0.9374117042347804
-1.0129184351809992
-1.530897063442201
9.781367983489467
2.8109201963526105
1.776340371800858
-5.224553116504046
3.424113179418344
2.249857924222235
0.1963914899159693
-2.346634870498404
6.364619485887638
3.8135670007732245
2.3049816540111654
2.1302202848521956
3.9725375072439686
5.04468363339905
-4.142852670118666
0.5509169796641383
1.0086804287527282
0.41329647334931546
9.194385761650956
-3.472743580727677
-3.3276060867134154
-0.7002233049823463
1.1428273310761108
3.1821211563415623
1.9362083954379368
0.4648453120897893
-0.7350079959998936
3.0127929902837005
-4.538359662292878
-1.245769070167663
-1.5360149051213512
-1.1510767703315232
4.30692289822206
4.696763480148193
1.5704413105164052
9.203705783458071
1.1267788525623939
0.3417283975452493
-3.062630598129794
-5.2138015922779894
3.758257982611626
0.43849872922342703
4.866974754135597
2.849179142335009
1.8880219797750444
0.05875063555424198
11.34727484385825
1.4977357583799098
-3.9579352903420686
3.6416087510723125
-1.5394765965093575
1.4396409681866058
0.38906206496752893
-1.878562287470615
-3.4722979474676325
-1.2180919982974912
-3.445802783034468
-2.4377235731666858
-5.160284087079297
2.0092813233632496
-3.1234534447295195
-3.6635754508705487
0.6978327366098867
2.182648065545532
-3.2379851279147305
14.691356812666314
-2.8738246425059293
6.463952998579868
1.189443658693123
3.0057944992628283
0.7817366798622967
1.9136392098566153
9.967299817448339
0.9231830614615988
-3.8433684427759744
0.5438624288035072
3.510220616499939
-4.759713945129332
0.8127706625172841
2.969271697660785
