-1.5415005322540694
9.366573649649773
2.3586936091614423
-1.265656324073463
5.8999256258472705
-0.19859567196337127
-5.782090625885932
-0.23069728013506063
11.289216339296114
5.183679052299405
12.051904888052562
-6.096660144201066
3.7851800032188248
-1.4094392670994549
-3.169167528434561
10.84495012003203
1.908580907191572
2.33642279101821
0.6303691785558921
1.5151759498980066
-3.04687344503553
1.6024462883532729
7.784485297478511
0.35937916579536977
-3.4986523437883763
5.123041153582315
-1.309043606216699
11.842730292400507
5.846463932169524
-5.599796117720259
2.354461754885068
6.520934338302608
-0.36422159505016327
2.0271512385193886
-3.1550865926551626
5.198201006744716
-3.0928786269291972
3.445260974772173
-0.9335129051147801
-4.597391954446152
0.7094650608488822
-4.658662175826761
-2.8749039366382374
-9.705523171494585
7.352751015513073
0.2702543631682464
3.195742130096376
0.3863537647645211
-6.584720460189643
3.4844158666481433
-2.9949461018933023
2.276911972722024
1.5028297162813997
-3.956631272292322
-0.5272126042944936
3.299311267529601
1.2560771871721845
-5.362448208037175
0.14687881485144727
-0.3397779370334597
6.917489172490846
3.8633310393461793
0.9258061237492939
-2.4324460199226015
4.029095934153094
0.9519244924754845
-0.7256898039381673
2.1114911555201004
-1.7454240300216486
-0.4638300187504568
4.748206590819471
2.133630568819822
0.66512408642842
1.6633194337987027
2.774982370106752
-3.3659302666473048
-3.6147197256926535
5.1497567454131685
-1.0779207254384904
0.10759693361978107
5.4384078890330505
1.3210195011714876
-3.5898005285136025
3.1142626892349003
9.90798748267524
-0.4194018220308069
-6.16429246333854
-1.4396949550275224
-5.741218458815556
3.6273189447669103
-2.5165471491921605
1.543759082945949
-4.208064482843326
-3.2861648331871605
0.19923738418041304
6.1070518759531245
-1.5226466820447837
-2.5414334681761663
-1.5863399167411283
-2.3573590358453163
