5.102249950901283
0.41618243299785895
0.7915598619559039
5.611140322180399
2.328305825397641
7.5812712563723075
0.5788239443223695
0.6861856351325886
0.34985782643934427
1.6403647662921033
3.6983867702472866
-0.23686618219501582
0.6159765428804299
-0.5801662042193854
6.403455860750449
-0.35401078599637387
5.130271626002436
9.138152660138985
-0.5755192707349571
-4.367138346723224
-1.5559353367028161
1.7308972556710067
2.1352485469541387
3.0781743405360897
-7.428278300633338
-0.35687962616553226
1.2726631667861859
0.2903715238843611
-2.956242396085095
-5.588574490946772
4.873385068691951
0.3249841141553452
-4.7931869706392884
5.59892889624188
-2.526630075682756
5.952201325039182
4.714501053438129
-3.0051778905395476
-0.3339796183824258
7.406917268493859
3.014988167589254
4.233484150741367
-0.5783440512401763
-0.9767844035731774
5.155672533071364
-3.1917050605822435
7.8975382304414445
0.4938971816917427
4.5989039645318055
8.58422602218406
-0.3316899287928623
-1.7020701279891952
0.0676684466834287
5.518286890335029
-3.409294744134334
5.304415472315225
4.862436556829674
7.9861666245073195
-1.5071046263244243
1.0839872061848908
-0.15821608039816099
-0.33913852586083654
-1.781187974139249
7.032400678971313
3.5452063096608923
-0.15786503454828837
-0.5395095178917485
-3.3429937577540327
-3.3901478240145506
0.9242754181950685
-4.268929554218868
0.0635615100495093
1.2265653632911433
6.370042512402669
-1.817480158790929
-1.21958869272689
2.9596624535613327
0.668272152415397
-2.744365270154481
-4.251297478630678
0.16495669206704544
-2.007503829351913
-4.837922268931095
-0.2293347573136516
-2.4103452854512817
-2.494893159368766
11.580746792135429
-3.6610941048868435
3.530653289774479
-5.169107816735804
2.7225821576555456
0.6063785839206094
-1.4243045407234645
1.0644466250267617
2.132932819464901
-1.2820415177615845
-5.494219633276591
-3.2671409199954513
0.2344637115657503
-0.2631622816188751
