6.677875416015888
-2.309836473599649
1.0098931193637894
0.08493449367273603
3.0826779895138197
-3.7959660221400826
-4.467630469630455
-6.825803358272699
4.666279472652958
4.735238475281256
3.1837248813723233
-2.3480481534604767
-7.146472624737209
1.2421635869194185
-1.7710116923086283
0.38031122932101835
-1.730147666394899
-2.0288692330149627
0.1262937102904815
0.6607461078321512
3.6013886719525834
-3.6448362454874914
0.3282996503750391
11.16512708665916
-3.3541260407353786
-2.1314359105756844
-1.2136596856947313
0.5502786217693658
3.308356056483836
-0.4770309780181201
-1.793711119846907
-0.4977488761671306
-1.306615008285313
3.6490392655136645
-2.81047649939389
1.649187319955749
8.48583512535144
-1.1259927905950364
0.4925912329018061
3.966773038729677
4.095204747130707
2.44429538222249
3.4509998088112197
-1.6128570436916738
15.068506937630652
-3.769647871452017
10.706497894359075
10.279031041598607
0.9721420779037518
3.1464209034007187
-5.819447177522874
-2.5379224108118477
2.000874620243799
0.988898045763855
0.9035210437764821
0.5114212548231097
-0.3294576612854926
-0.3410218402796796
1.2546208527618365
-2.502858197760883
-5.173895647361981
-0.022215719383339334
0.5454116518988731
-1.001582107336152
1.6782718919961652
0.7076402615352162
3.353593192457214
3.790437013546284
3.4572139160234894
1.7903826853498601
-1.2695022616715939
1.3223269384972227
-4.864903304180367
0.5071650878485845
3.561372376651548
-1.6427053986823221
-3.38150030560295
-3.5180480540065346
4.078616532519423
8.278047101634442
-3.4849741456052814
-6.201416562220316
4.5338492514926
0.7953226418215544
-1.6696030241294655
-4.680360442344838
-5.423833448540094
1.9455144981131194
0.7329764166126236
-3.0976859537489863
-0.9483600317441494
-1.1420377025221349
-2.174405539484885
0.8029356079780672
4.1836493657990825
0.27988969108477074
5.438031287038658
2.5638632161291954
-2.142852269694098
1.7082329069067546
