4.870717405940026
-3.725269053367642
-1.0460033979224725
-0.63243951948457
0.6646668080207434
1.2772000193233362
-0.4166357395278485
-1.5178503529453966
-2.4737527494611786
8.148901858072655
-0.8772717704802022
-0.9527933229850167
3.98785673207138
8.280544792439612
-1.3779509474420224
-1.938721423705041
-1.4895621477657999
6.814663327363849
-2.59114763651033
0.36899935618076457
-1.91398540519591
3.4738907349516435
9.195305151367997
2.031155115987931
1.2066318772537459
-8.50284690996111
-2.002721512903542
-3.2968981773354065
8.72992843980494
-4.987960837370048
4.405021343527953
-2.673582520043656
-1.5193223222784116
3.555761884442247
-0.6659866181942355
-5.469298730879363
-0.5649738840733278
3.362798466822754
-2.2206041500282185
-3.9789500847007098
-2.823634484733285
2.479626579617986
1.0461115750513308
-4.471345897151
2.358226829747438
2.7519919165362428
-7.753116449400496
-0.24987913653116514
6.844013320813748
-1.594274603870764
1.3612852138064655
-2.159236735377478
7.788535233344705
5.607043989952727
1.8522023624622856
3.665681750203949
-0.6988346773369226
-2.725323254786929
0.4097492215098524
-4.67198798697968
8.21694149547201
-2.5940698044279005
2.5147609424402306
-2.109405643243365
2.410581632694869
3.36333038580747
14.288946057516226
2.104658016635479
6.347215575627066
3.801907470768419
3.6022278612308503
0.6795311767599053
-1.8699186018351197
2.608849682675123
4.378338533291805
3.997259842922321
1.1958839946530135
2.9271068957297217
1.3835522854514397
3.4727516791530495
-1.153585473668348
-2.2761737077868816
2.4052689663465303
2.885034596707866
2.1062895839953315
-2.819179133078366
-0.9835104479689273
6.0939160481055605
-2.8985506816994158
-5.073561543958375
6.149798839722283
3.0664310888686224
2.8094845156812553
2.180773858234829
0.23289647368589703
-0.8642312801198269
-1.893275965376363
-5.2784590651558965
3.584230676280806
2.4525140173603934
