2.6569426114035473
-3.190255885944844
4.586299169618169
-1.243383275353676
-0.31133869374808665
0.23265803699845722
-4.79911900500203
-7.026954525939627
-1.6193988677880662
0.2455749118211911
12.763121089864931
-4.771999899323976
-2.8138322514299112
4.27705829759773
-0.08947165440371219
6.0438014306997045
1.8763287190874833
0.8665058916765234
-7.3782576347164435
-0.5966584046087524
-5.668638364013617
3.496744611000196
-3.124670961846577
0.7536417211168918
3.624298829661386
-1.0157956561537311
-2.6027023359157906
0.18791516241210804
-1.6908412571494458
0.15491266890892727
7.993757543067844
-6.2202421916420425
0.7680367428000372
0.38889361532585776
7.6615828269273045
3.106130550374785
3.798732201210825
2.966428072053641
-5.502808908678284
-2.3564648963966675
-5.73512153418109
0.3743142738383627
2.723886520475167
1.6058258936859116
10.396394694910324
5.661904202297626
0.8064499694061946
3.6029439832035433
0.7383654556198455
9.938105913402993
-2.4133939479570916
3.799798031030378
-0.35809708439862004
-3.835209275957536
-2.5941820417294705
-0.5746152311691234
-1.2376509143696808
5.532145320366939
-1.4180359841744206
-0.1783220015267791
-0.5596429196726012
-3.0316219620031797
-6.185965431237159
1.8607937037360025
4.132426981013843
-2.5432653675787367
-5.796723316277401
0.869802088598482
-0.8996061160175799
3.846972552332679
3.09769347683089
-3.7468802831761328
-3.49367301634913
-0.6002840444611075
11.849308797615528
-0.5661600014309044
1.7999389327117958
-2.450729441568215
3.9361326769686964
5.3359020817677205
1.2481871406253031
-1.7438381094030744
-1.5482328072408196
1.846655695103212
1.6181945459090874
-1.4108334027888783
1.1814888151191634
5.22682869402545
-1.399114835497759
-0.6177471386941563
-2.8841613692787096
2.8268703672340356
-2.4537095967763323
0.8236086625260913
-4.4202509415935065
-2.99270915866898
-2.383300130865208
-4.302709963826182
1.3594969833036734
-0.11489480168460275
