-2.294634412039717
-2.2952873422126188
12.229920863871811
0.4844454813662626
-1.7879235940609606
7.685177728039107
-4.952898316267621
-4.15616645691861
6.300100297788577
3.60523453933593
-3.512665381893477
1.236452574667023
0.44021050994981314
0.8706574235565175
1.8112141196616873
-1.4279936843094456
2.520172859014231
1.8611871397227047
1.808853870228468
-3.387134514557193
-3.623551780182269
1.4839332855127008
-4.527434161327066
-2.706964900235593
1.4164905400093497
4.964600248093079
14.540337688256871
1.8981445260729544
-0.5957558773803412
-3.2653822310018423
4.149152765877556
-1.7428199722437139
-0.3856819782206796
2.278793298578992
1.2361417266700092
-0.5822513853282145
4.01733117067295
0.07235418783010361
-0.4540087562752255
-3.5610262425481234
-2.013754120091746
10.909979901203016
-0.6129771721505353
-2.5221242402770265
2.0396708518124744
5.279516514122098
-0.3717051202326276
0.054185849237965274
0.18888887425592182
6.334538595712294
3.277079803696796
7.263307600453424
13.383003264544488
9.854894509647256
9.425825363658095
5.693696496015486
-3.093308955140852
1.5542346513291032
1.6094275131241838
0.9465870496725286
-2.406842118682045
2.2539072405120972
2.233597532620194
6.677567559338429
2.0451406372965337
3.6728781766086804
0.5695548653311144
4.278333031064509
7.394821390958428
0.4317203300840152
-0.39731660333218577
-1.3985595723155373
2.11097245884353
2.048917897085377
1.1467885534365265
-2.6778472470464987
-2.391033066381271
-1.8836642787819988
1.8249366767484378
-4.648933022491117
1.1983397970412526
1.266891547536511
0.5516933861815468
3.2345359120295125
-2.2360011410766822
3.2854817718203515
-4.720161069122117
-1.13770791381766
8.785097652227776
-6.376072408309941
-1.7952538042708586
0.7728476237481695
0.7783272054869705
-1.4446005761090874
-3.2965675924387465
7.7384270600633815
-3.8120687129659174
-0.09037394909096134
1.3205279726807237
16.108118346317536
