1.6382802248834958
-2.0506914734646946
-4.84868472398895
1.4349387759748438
-1.9650408857589836
6.789372270722269
4.725859587906092
8.693894758969925
0.008910127069264353
9.976226529416632
2.7455666457611603
-3.648223893370126
-1.057497908056877
-4.226679965733331
1.0202375785314586
-3.59905141978831
3.710029093666164
-3.0349718024253103
-5.77815952973014
-0.3035461245619544
0.3923055190033201
-1.3876356258586457
5.825517976456289
3.6440206095991625
-5.116976462295223
-0.3779831680907536
1.6759086731460338
7.79287135918108
-4.025681885581545
-0.8441058244247319
5.8115109216593765
10.290178509608243
1.3391257359084499
2.3903163665452944
-1.2034022671219793
-4.9448154853103174
0.8390179459426297
-1.5919127725990179
8.21717497164332
3.1333961644611414
3.8600505178558606
2.1876962876203283
-2.1696487405713727
0.4914883446482762
5.993634824346989
-2.943754164683024
3.88825567224227
7.401318798172717
0.05408068420532071
-2.2973053416327156
2.389114685605327
0.5616941877486584
0.6592510821343334
-2.3315525874100986
-0.07153878175029518
-3.0927161266338374
2.7013835178216477
-3.718403403742583
-0.43977245327384085
-3.305330431013193
-0.4478856108627284
-2.1075956036555192
-1.5473569259596949
0.8314780808011487
5.7113698905310475
-0.7571138391121908
2.110628548298514
1.1981449773184651
-6.800971524742105
1.6627698654499534
7.746641766691285
-1.5875525465711275
-5.469254658037355
2.466560290139585
2.5695773379619085
2.8544873691111725
2.5631301381260148
0.5724081811002979
-0.3502037329003894
-0.6683379847914607
0.03701335549658502
0.6959841071971438
-3.7015123776957157
-1.144113800868828
-0.8492425610575769
-2.582067224399864
0.997587073919926
0.9968961490975429
11.380474868762569
3.164883744639088
1.8435927780433863
-0.2385180034225387
0.2741969767707333
2.767032292460791
7.854612178408769
1.9430388605366524
-1.0628488714034492
1.466940834780974
-0.9530361457415109
5.256531998114232
