6.997663311717308
9.714360770386307
1.6993833837138248
0.8929758310208329
-4.357568164094687
-7.187364289394697
-3.468215707491689
1.9024680419089441
1.2854303225388028
5.704581458183909
5.373560551055563
3.0361224475219455
0.6863437037744997
2.6058674437435103
5.105219145317556
0.29241473804659857
-4.161602992617583
-4.40507152596232
-3.001155658396277
0.8056737679068405
3.183502398651471
-5.514159007463933
5.293392855843364
3.6691352792658862
1.5613509739803955
0.08787543987323279
11.155868377350785
-3.2214313522180165
-2.3620428625486243
1.3374400902190946
-0.21208996790690549
1.943118317519086
2.1745690085032736
2.081676258503592
0.04421316264997703
2.344733240741316
-0.40457834569866524
-3.700711525482874
2.1823495092289
6.401978700205922
1.0759160422508653
-1.8238400874294918
3.7891904734147808
1.0756015209703547
3.612872386206443
7.778895567106395
8.615636442162597
-6.572043152445812
0.4954875282899778
-2.648634558802328
-2.8838855801455177
-0.8964261931892141
1.205416749640956
2.819590722869894
-2.2217019125021853
-2.4412013308242284
2.708406140827991
-3.473887437684081
0.006641233040442196
-5.0533108650797525
-2.1503707373947005
-0.048174386126290644
-0.6638097295580706
-4.756459411382687
3.066134414671005
6.307686594464882
-0.8630145810764507
-0.37099434404955456
3.9952503856855874
0.6740647111809646
2.9374550458911823
1.046222360821049
-0.17373064974083835
4.611413062868326
-2.2589528550675366
1.9038105258292468
0.9916740402597163
-6.742717548748402
1.634563756093122
-0.971933156756303
2.877992478852486
1.5078504492679934
0.655483542759691
-2.5553572531270157
-2.570007378856838
-0.5713176551629562
4.421814678071791
-2.2766383433790107
-7.206386786858706
6.259265526900103
5.079018455715252
-2.0566743396208995
1.0988033318542756
0.8651015133022025
8.746497492545398
12.999508168016334
4.139780768107398
2.983897242700623
-5.0948324027597955
-0.8532295777702827
