2.039246834281994
-0.48254132418850576
-3.1739845570419902
-2.1867128980818107
-3.5135570154726095
-0.07052695007343227
7.1353600592112905
8.096241019965602
0.6064675592818605
3.380497824873063
-3.1266844173884616
4.169453026731707
6.520251688856951
-0.011859060320656199
-1.6769106388687773
11.346289323899935
2.3558071148607715
4.0748279446550315
2.678239069807573
4.9308507537634965
-3.5638307201452673
-0.5172299739380798
3.8151945206567244
1.3606447093260212
0.7396583378524304
3.370920822264604
-4.946703981162196
-4.295297134585542
6.141380851094725
0.23917698876608345
-4.1471057562933105
3.6261485160272597
3.3983456857113055
2.7482161111294596
1.0754250811588761
9.674239132149411
2.4340157963951965
-1.4253838662029283
0.49790654880947427
-5.530462618035906
0.263381639470175
-4.484641922090469
-0.21728386642257377
4.024356034336921
4.809347979373707
4.825803067224841
-3.845762403329795
0.047010297882433855
-4.432673071217231
7.1347113066198435
0.3497713203789796
0.5785491129416562
-3.1915220408920986
-6.206599314298488
-5.350602224989366
-2.9729660105390314
5.79252379429947
0.8468279118511887
-1.066612781084235
3.3307377655400625
-6.052013482009624
4.5478642831603135
-4.236227970800321
0.5872147640235148
-0.22851280278711106
-1.4160143901125586
-3.1000518133833994
-2.176604148667213
3.8579958452647922
6.444574213019138
4.840414854969449
11.058019618605314
-7.151450172851256
-3.6228268666301107
5.480439932462328
0.81010567726654
1.2689091820487524
1.113262486332601
-5.282714056988437
7.650028546305693
5.609273329979162
-1.7019098437898972
-2.126635576439548
-0.8124160853242853
1.4524544671610782
1.2741473363516804
7.372087006305541
-1.7929966246261135
-2.152550784786298
1.105989532524319
-3.4404221339026826
0.633815247069053
8.249837762394886
1.9955226191500794
2.551086153171555
1.5925007064036114
-0.22762693877313586
7.999537607187955
-3.528027774711041
6.171394620072144
