1.209709858674437
-1.9842170076336454
1.8342110602775996
0.9307285541820025
5.547649953920186
4.023635958885001
2.8238377709131903
5.029269836814271
1.2909276166661
2.771312664655482
-0.0415051823210697
-3.482289913166455
1.6342871061016133
3.7658552817371858
-0.0532431724389801
5.088744870357627
-5.461875712559013
6.25947999857452
-1.8597715926899725
-4.195923726433107
3.9872724028545914
-1.9474946828746416
-3.815187861628921
9.51536216823653
2.699597038262726
2.832651653149232
1.087371866828334
-1.4835274394363012
2.0137569579211303
0.7792594569574423
-1.105954158511659
2.230605436417726
-2.1909643042108264
-0.21059058044628226
-1.5435435840231393
-3.9939625824138654
-0.536735349769252
1.3208633573717603
6.002485749600332
1.1663321140409475
0.5165984823063364
2.0553812157118827
-1.9841744509910955
-0.21932605495898927
-0.47755551282816144
1.2845001024738907
3.5651154520030106
-1.091711318908932
1.1343481692331188
-2.2370340045598867
1.1537684190477853
0.7659633916748783
-6.208839094046677
-2.379763163982665
1.4230233608065388
2.700631158639773
-0.20462872914459865
1.8971273297535296
3.168577694455518
3.3056142949010674
4.764211001511298
9.101596767142302
1.4056778668447958
2.482304468037433
-4.241926080821926
7.409877495402247
-3.844754851856911
3.133487441543226
0.6926025015362529
1.5655297109839945
3.109661053841826
4.279732598008888
-0.05188366830274324
6.8403412992950905
0.42638200767613854
-1.2152693660182745
-0.5544787592315166
-1.459739254145892
4.170215214586436
-1.6741670505396842
5.479090870631185
-0.057725289492566556
-1.7372938547330743
1.2228987148152388
6.220111820825083
-1.568829654973093
0.8984485166388239
-0.75419492170546
-1.6147130375667142
-5.978396474553479
-4.362839830736879
2.893871507203294
-0.11166266943926835
5.337314476061107
1.7506949751685346
1.2581668309983183
-0.1722581218965848
4.803290683756382
1.6831439589138553
-2.521436560979133
