-0.2784559191167708
0.381016316780385
0.9582703572312444
-0.13426949574142763
1.8019897320777871
0.00789761754423032
-0.25958739386589974
2.811004780463923
-3.7815531615576496
-2.6323069588128973
2.978108081333887
-3.4546317678989835
0.19661279903924156
0.14727935014904506
1.162529183990543
5.360858753351666
-4.5510350312299215
6.63220262215899
0.6076002946452379
-1.9898259025205518
10.291356728744265
2.649981067867797
3.7399296498223378
-0.1538286371798056
1.6470156732348729
0.8227698423161871
4.510694998624039
2.025878169839005
0.2684280749882233
4.850221177166704
-0.28055306554872883
-2.108134331286352
-1.5308376242589001
1.224312325769946
-1.3908845012882651
-3.549483038153995
3.1011157870765036
0.011150349722146659
-4.586155227545287
-2.0554607869468917
-0.7987010521002134
-0.8804371614500319
-2.651156563215356
10.757680714691519
3.4110935748298066
9.527243799064376
-0.11918139013508894
1.5052933383188234
9.41289963073824
-4.051495085252332
2.54419280774775
1.1409883942289216
7.78355772567523
-0.6938852839958085
5.507584595056221
-0.058282322578324317
-4.874632930121477
-7.885808073797107
0.9065115431931472
-3.766001092108281
-3.4308711249359343
5.789924935541103
3.196491537769008
2.2716179400288086
2.4362688379345756
4.572935019856753
7.64998933669135
-6.328323720169271
1.6636529470619346
0.8077534001994109
-0.4144293824943843
0.4741415716377331
-3.340442104216232
1.1338910248362986
-1.1224624666189902
-1.6110575665374522
-4.425530445814045
-3.1561345238486105
11.22811902456409
-2.4527893254652784
2.0038076512722416
2.880754398536503
4.055111698713716
0.0009293137811154094
1.3577917002597462
3.8125361647083813
12.915563563313402
1.4402694665686724
1.3114592240303635
-5.250490839551849
0.19369125086354488
5.126013366214778
-2.187545379281433
13.069233881566142
-3.4776097261166568
-5.139562750333393
2.355760167315079
1.371774010330915
-1.6914986579845386
-0.04761266953127778
