-3.631357085126974
1.943793521651598
4.436376810169257
-1.1759692452413144
-1.608224585737462
2.7606316820856045
8.977212303897806
-5.852216672582458
4.193469159355178
-3.012020323424097
-4.795776831508736
0.11933777860539156
-2.2628102253214335
2.3869510630948074
-4.925098864664027
-9.45433059676276
5.724752607632197
-0.21852575928070594
-2.024006348395568
-1.6527571764994735
-5.581972716190702
9.980198782311538
1.3801391001743273
-4.332453813595792
-0.8333263421591641
3.1300604206088876
-0.3521846932282441
1.1455848339580474
2.759779386687047
-3.138850574520954
3.8673150057358963
0.8344337102473096
-2.8114471444890565
-2.4137311955704583
3.5670853661094792
7.444098136871354
-1.5767132397734622
-0.2950199309243136
8.314382867458775
-2.379131813151052
0.44916360985435566
0.9241253097590847
-2.1728699641162836
-3.5299435220363717
-2.6283232369075815
0.5580339631384476
4.0859582441194
-6.593931913864337
-2.445339877995215
-1.8995282222421435
16.963576646239826
1.289568890060798
1.0340626062258458
-4.222951091564385
-1.1979856104401572
-0.4903373774537648
-3.09668040564515
0.2416883928558413
0.8791665971963696
-1.3964594510979471
-3.9221850422790685
-1.7212796379601627
-3.2773250454472054
2.5395350943804926
1.6980585848116672
0.5856791197558884
-4.0768261039947165
0.5569693127141662
-4.3265005057858605
-1.2283573066908422
1.3501359161274253
11.886261881409718
0.532895628099803
11.863330077160194
7.92392869897252
4.542236183904779
-0.8687493730213826
-5.697695508181481
-2.722294818299475
-3.67782008376002
7.9724194209586745
0.3911723985186706
1.961759886566555
12.09412332570709
0.08770825986759702
0.07096041691880642
-1.4775523840712657
-1.2597727817066031
1.5744415120866888
3.8429861348259142
-2.052027287924681
-0.916960402280379
0.4862987326490527
7.771428701202254
3.1424382883920265
-4.390974973027936
2.517893229063736
-1.6310698704167232
8.928619948359858
-0.3194479852882852
