-0.5184215777317818
2.40230058947319
1.282642590822686
1.2875577605973447
1.363559334261674
8.941062004339843
-6.844841614155948
4.26106903780779
-3.1273530282927027
2.3619391227495643
11.674588594762776
5.097781387574486
2.774640099824823
-1.7195526980177367
3.713068384561626
3.626277744047777
-1.1813692216702552
-1.4319421462427084
-0.9440086426327154
7.745097489016577
1.7541788861792376
-3.484833184334721
6.264752815000966
1.49597724395098
-3.8337729870415824
3.511922878777257
-4.8940143029716605
0.061730158477752296
4.506012021618708
0.6488207818096572
-1.7800646978488288
-3.124856758052056
-3.812952635924174e-05
0.7895053160193419
2.2834119228557106
4.320781942542473
1.5576960199695673
0.9330868002713868
-0.5424177249560098
-1.2868394300278783
-8.308434755128475
1.173119764224685
1.8106179321700822
2.5080442306555892
3.564682811701767
-5.309393680406071
-0.509025785519052
1.1262713512445992
8.312336673833926
1.3789030448605344
1.4856914560813157
0.22195895467100082
2.856361164873167
0.3652695396926151
0.37782551708211887
6.329665304693458
-0.835602132257716
-1.589200085294084
2.462656636786898
5.750627146011196
1.4955098096083863
-4.9081152691616206
-6.573756451088082
2.6736286942802034
-3.0386768256996053
5.32698430036046
-0.6433640546098935
2.845965526643031
3.335658399556192
5.24906357305783
1.9594666587538443
-1.1447026514844802
1.1983677338618794
-0.531262416276932
6.073813330020949
-2.9107278410074064
-0.500282364248589
-0.009814179072821061
-1.998678860744258
5.354051506827777
3.8441009649837787
8.559378940062558
1.307228254425058
2.8797350727068745
-0.39487085106970354
1.5931782794916534
2.795995569013367
0.8513895133358094
7.208691414086248
-0.8693463534405936
-2.959462526241227
0.4139312709827815
3.360992110919896
-0.7640269144971192
7.188999112745245
-5.820701432336467
-0.9801926265121423
-3.0411566866653352
-2.222152191821847
1.3003995841948972
