2.7054830509939816
0.9015566665711883
-2.6962534189044196
4.8862949806723694
1.2917695654540848
2.3595485562422307
0.699747540906145
2.5158307462279055
-1.6346339566003907
-0.32111181403621414
0.38270441529755894
-1.3857145913221678
1.2574393259750183
-2.4248483245950254
0.448825518436635
2.8957730377662743
7.967531475440816
12.084240398210657
5.868159734784991
3.9628222021561754
-5.491106663536395
0.19602524444632624
6.750190903724549
-3.6807527918968264
6.790226209098979
-1.6544725354874945
10.43768377123856
2.3667795767468887
-1.3792569996596218
-2.1694522509058265
0.46801598074681305
2.7333260858808357
3.192738466464877
-0.28162562375005545
4.355065348868965
0.35231110211165373
1.6975534258677654
8.483202559050671
-1.918118365125716
-1.5451531841288975
5.787211082379606
4.252200110917471
7.1269510891535335
-0.11919874294890598
1.2157329821265743
-3.043159547355658
4.427183145054195
-6.73521269595032
6.311299455153968
-3.4304133913079955
-0.256014899674732
3.1556659841609322
2.711299427840416
-1.520717532699602
-4.629958565317345
-0.9084069411439785
0.4427696862054392
-2.711736311198439
3.7269361354095385
9.938472418585548
3.475740792246762
5.170353443462336
4.426330512257372
4.385143870471744
6.197293907728598
-1.2409842185004143
4.422916352993957
0.5839996678959474
4.2666354147482375
-2.407422098454859
3.4949384032196766
-1.69627674273758
-1.5665990882588683
-2.4615787655867734
6.263587299835061
10.557595376121554
6.920172189008141
-0.9579103198033829
1.8976622311229927
-2.6700278528640675
-2.5408839604715694
5.073012092299908
-4.813668351116339
2.3130184051271905
6.450690787290099
6.391651007710425
9.230829038326203
0.13873777890497865
3.332095593964338
4.032399611599859
-1.9531360337845263
-4.533683927858396
-1.9723432237047487
-1.4746024015663544
-0.6960457581417617
3.6737147366868985
1.202880506010509
-0.40014953123736985
3.2819685846325886
-4.819580541328766
