-0.01150390152803371
-3.946691724097839
0.6875688543022569
6.593446747180236
2.4554688298098366
-2.7882657653139518
-2.7187972461692995
8.290015288143728
-1.6326805517430487
0.6710729595856803
9.184369166163236
9.319981671161397
-0.8206946759897192
0.13069933886036317
6.2474611230433545
-0.15180560062428394
-0.15238039892088479
-1.0183588768400234
0.062252823959620535
-1.281525931724608
6.861550185467629
3.40726420860059
0.6466522261637532
3.0591348530180946
-1.2713312287289824
4.084040991720965
-1.6301825883523668
11.71910919299746
-3.352114545584298
4.404805970828374
3.3873738252819003
8.92538558771791
2.2099391091425478
9.093566344998795
10.916253477346597
-3.740551842559579
4.134953653912529
1.2710531650711179
-1.376625696943727
-0.9048672741609912
0.8235326133271015
-3.0090159453435206
-1.1938707017154446
4.625454896551201
3.749674695118207
1.1110358683294699
1.5482691981090149
-0.5890785448508886
-5.748249943693981
-1.2392463417933546
0.761650792643317
-0.030265261057010495
-0.07612900467222458
10.466222343093953
0.6847845895555693
1.9863493065004199
1.9177592094315992
-5.171407936526543
-1.6171312566305323
3.0069083302209214
-3.085828068253597
-4.150513498331765
-2.271320035780184
-1.3384102256161725
-0.1780405010042565
1.764586835978656
4.111585453769948
-5.34271579575974
-0.46977388177711926
4.330598078694895
-1.7731051411580947
-0.22259350485741103
4.107778254199057
1.0972318737036852
-2.169873000995828
-0.7301203140885675
-4.467544086470323
-1.115238455495968
-1.330631423971755
1.0017678659977876
-0.7920862744883584
4.86535567073602
7.950220309196354
-1.2004784660130148
3.294195020006635
1.699443770440544
-0.513153284867338
1.8550513096981591
-0.5054029301688534
3.6156457355960168
4.056607020680936
-2.049117045328149
4.586288643439377
-4.697905842507364
2.737633706588884
8.326033308404108
-1.7289385922615406
2.4344117450133114
-6.133773664678018
-0.5603679750541168
