-7.396489330754919
-1.8571242702339523
-0.26709363437155753
-3.7330410467428887
1.4182833156763357
1.4768361916862485
2.817314308672797
-3.81873829162869
-2.2721407948794448
-4.725054842701755
4.218174622055802
3.7515398752404474
6.024184009202388
1.0136061344568712
9.424139104786162
2.7213276676302725
-2.22639996177274
3.064300003358049
-0.03404402360884207
-4.041394732460859
-1.6389163718721407
8.011242024658422
-0.31312132593643427
0.9656147013925496
-0.37084666254723636
-3.1617438518158307
-2.1132098500596586
-6.1218668256883495
-4.320527140917509
-0.27985702691542447
12.775090088889595
7.853515476743055
0.07787578119848337
0.7231814974042046
3.3076175067300198
-1.031578608178298
-0.9695247524265249
-4.767153296753488
-3.596149212740208
-0.3598947074788832
2.3203809410889553
-0.7578999116006382
-0.5434724696043391
-0.7653077738837987
8.398586212785474
0.10283588456334197
-5.294767141176574
4.934923603869596
-0.8745830068299515
2.5051258516450696
-5.3886152692988105
5.359125870691031
-1.6299888431470366
-2.246046881658486
-1.086003769562394
8.37923791727102
-1.3187718027228106
-5.306921692537939
-0.9212196828610537
1.2400829194889453
3.154293402537771
0.047684550864081285
1.141461567837256
-1.7041546895757822
0.5555773207323945
2.633900037844324
-2.5480384454623137
1.1091472989378037
1.5305094073730012
2.33027911833826
1.397299281237431
3.1440740765804147
1.098521088093137
-1.599947584744129
1.587754034990584
4.21253415854358
10.816322783656126
-6.6245450803516235
0.30115740570550553
0.7467424887413094
-1.3036138903078407
-5.719040732153769
8.760287457083335
2.2061791835720834
1.1866837139045678
-1.8323180760478235
2.942714659917897
-1.334923297928201
4.35326893831663
3.4959360334857132
1.6542697775500403
-2.342077479875671
9.940237947436163
2.3613987172705224
8.10151418902468
1.4074880408317376
6.682460673408009
-0.8993572893652616
-1.414014341285033
7.023945560947631
