1.519060275597806
2.316379307571145
-0.673611848580159
-1.468770445702218
-0.869142892789202
1.0534255249389746
1.7029983950008747
1.4887726202097749
-1.9997169931347738
2.132304337753936
3.4394247967146123
0.3664373165371615
0.7030927994645094
1.299621523024026
-0.2448421247550636
-1.9942209177192485
-2.575515282296977
0.8072490399394113
-1.7727476872097272
4.692530780294448
-2.190566352115717
-3.401285727372514
1.6857013995505103
-3.9518038069791697
-2.559237621958398
0.49069767972936285
0.4547807534514332
-2.40459944871502
1.6319103318391983
5.65997296990441
8.905226235987861
-3.1106147557231134
5.670905940797626
-1.1088686261480003
0.9262059133084293
-0.8999261447916055
1.8887742300128694
4.761173891002377
-0.7456171251079787
2.95058388162711
1.4397418998407958
2.088201644610065
0.28911377540180183
4.724196003428211
0.4058314353719482
-1.72084710234424
6.141691642791988
-4.244931944476244
1.1661580167649954
1.2878429612985705
6.322183654285182
-1.1006413344728414
4.498030726344716
-1.823478584744072
-2.4339964148031346
2.273747326469087
-4.236571274794519
5.2932788463607805
0.39689067916645027
-1.7177050814096693
7.341340562128553
0.37539592039335723
1.4705715238946249
7.159271272437244
1.225551064067603
-6.03796046839809
3.930505907173002
-0.7443656844924731
-0.6120728582078494
-0.852969565890525
-2.520182658662672
-1.119865355303214
-4.013589679985472
4.8439924617605605
3.1622696003385773
-0.3773671085292552
-3.680309598437184
5.6125135693402495
-2.0338953908774178
1.5234787597701276
-0.8684939991504007
2.512641521855553
2.30511790839061
-1.1642498259677698
1.1435402270080348
-3.6415107495403856
4.2408093151249195
5.30480818357485
0.9977761621228128
-2.5326498923963467
0.057833188770358895
-1.1150090537166233
0.11035906802079047
-2.4826337190590917
3.5151302255591963
13.231067394778613
9.275358522305295
3.0643014217000286
2.305512925469635
7.130403972369191
