11.702338027380062
0.8662116409605604
0.326425707950472
1.2832220687822042
-1.989444068606816
3.031465350215779
6.966059031857748
8.07402474450922
4.10923738099026
0.25185566586880825
-2.4881555370999533
-1.1892489467137446
-0.6051356995815771
-2.722975852247716
-1.2514565205178372
7.274204804762569
0.500962200184973
0.9860770039277547
-3.3361722011395227
-3.2569497247253083
-4.0549750382054786
0.023923674351994235
8.278031959679577
2.9099604629936335
1.1495851971630318
-1.804947500126155
3.630190650125293
1.1549547730158307
-0.42582685488686284
0.3010271634222081
7.058853584074518
-0.28046831132589045
-1.902722895858309
4.63355970348747
-2.849496190636575
-3.4036075430927655
0.21828081383608938
-2.4589766170724383
4.206089917570338
-5.037415083803206
9.59601534047079
3.5890067809772104
7.003736847858191
1.1202980444116846
6.76960390242143
-0.8858016575865792
-1.6796515198427264
11.596044693334258
-3.9552600608494872
-1.8660847385953296
1.0728541115439616
-1.8437203376112792
0.6697849374109451
0.22903660615961638
2.101488801451526
3.904029987706986
1.6028373050907112
-3.9267037404783878
0.13211943031752266
6.119466743227597
1.5825702799006112
0.06860080506649435
0.9145557389374641
-5.277482898605988
-1.5059693028369279
-5.35212070032555
-5.825451670236111
0.5772360763990636
-4.741704090232963
-0.15531376824378462
1.1615146548571522
10.429612929299449
0.3363051560409366
12.327360110672526
0.030823966791389087
3.0889416766782447
-1.643045268047338
0.4266386917438387
3.539744433845203
2.7363304292479707
7.002931895783518
-2.1746230820593264
-1.56240175455175
0.6178875232704422
3.4479621199786354
0.07961543106862193
-0.8782753725768329
0.15726544390563585
-2.3744688755010697
-4.208752397528564
-0.6217037489242934
5.331593921960896
2.5131073258216508
3.8453007282761567
-0.009072560481272113
-1.1786358609516272
-4.813751656567005
2.1964429240993457
-3.14916122347735
-5.133188772766813
