-1.9150913179621436
2.05286235573762
-0.9388783473345561
2.670474665288081
-4.1864573775989555
1.2519140827294468
-2.8022649184263893
1.0350501672095747
-4.519385803790002
4.181028479228219
3.4552321788110207
2.6712606684929394
3.8222755235804096
3.321476442530395
7.617624236742314
5.465282975807847
2.089522366299951
1.223236361222437
0.0738617337958632
3.0182738964445317
2.383450669233837
4.2572839013797985
-0.21575521873895626
14.144234069053152
-1.9405738600828735
-1.5431837185905177
-2.2194622249906604
8.893016808525942
0.15138676659071817
0.20473615039114534
-0.6156480094052103
1.5242746351142062
-0.5166744274968911
4.757075265587534
-2.566679593012902
11.439194292744412
5.6769653040258214
-2.742109782451993
5.1943332192748795
-3.6199422092881064
6.138759192516121
3.051574416735281
-2.7395902920702095
-4.71603986462609
-3.686531849108041
-1.9312833435188588
5.269451784159186
1.8468573199602982
5.630775610573219
-6.558416344920689
-2.095796622635498
-1.2629675619963723
2.9652459827477875
-0.253981416243093
-5.027395813313353
2.4500776004462557
-4.134575981167134
-1.6842975287972513
1.377426684181802
-2.217557155552062
-2.9954090974642833
6.8645766201247875
-2.092888990960016
3.1618003317974996
-2.18982256205523
-2.0318369554892
-2.449349884964287
3.939009791545452
4.351452211550529
12.807129305067507
3.7748539815954345
3.6305852758259065
1.8714825609383583
-0.5619155730543127
4.5761295741922074
-2.303852543509338
-0.5593657463323605
-0.924528709059689
3.387490777281653
0.9001831087020893
1.44396732462517
2.327949739717371
3.522814498949209
-0.8640781150743904
-1.2333104976341847
11.730800359972175
1.6625529199323075
2.379615540342244
6.9968786183224
-4.0431483632697045
2.078297892074044
-3.093448894834766
4.244797981482426
4.504610648314938
11.0706016737108
-1.8738861622752823
-0.48386823610891927
8.721253132795402
2.999114610372767
0.3400150856631164
