6.134243966063554
4.145040416633559
-0.8656930389364106
9.469097172718353
-1.6969336913755693
-2.3094176574614886
8.83644834538163
-9.228368662068258
-3.1371851647893556
-0.9695723930170197
-2.718855201095505
1.1458317585222415
11.037672241296539
1.6273960051855134
2.4079599234690736
0.5401384535325289
0.5042265111279081
-2.912679481152848
0.22927112391184834
-4.569367254573633
0.19465001745225394
2.020943415000875
1.1565261085393466
4.027615766691331
3.207330366853123
3.8822015197716553
1.649854207574536
-3.927639902338703
1.6698182516618545
3.178035723665082
-0.18337966687021287
8.324079968627114
2.726004510703567
-3.8632125626975578
-3.816019500466348
-0.8478456605711151
-5.812821915856565
2.097245954824706
-5.026121494122987
2.3465316229605087
-1.0489462065436235
9.641851374582572
-5.0411025720391285
-2.2737274235240887
4.386201760928431
0.4173733414174794
-1.2588369871676959
-2.130516119270643
5.465289620487183
0.5657602305149037
0.4997843520909682
-4.40433544147858
1.4368392396411003
1.1760028786170558
4.766662216366351
-1.007112428674307
-3.649892311129975
-0.9709681196082673
-8.720363242651391
-2.762909491812917
-3.1540547262255716
5.906459978825153
-0.379525601464135
0.15085097178912696
-2.271480427248143
-1.605402981558854
-5.130209467780905
1.3399144570948909
-3.133440118372279
-0.9661562455696071
-2.2400500860984556
5.577172841747014
5.112266902365445
4.90937919646584
-0.662161663607068
3.817232829200384
0.1971051058165133
-1.8505329018444663
-0.3136973644351356
9.395930620068041
-0.4105091400898677
1.2750140464197242
0.34751549322904973
-0.5782407932924551
0.29329037082347864
-6.478213413468094
-1.7917697756333058
-3.986219044193036
-6.218847681792159
0.8719261722575034
3.111686278615097
-1.4353722625856442
-7.35498871772365
-3.86255447462578
0.5407224495535948
3.7509904496266264
4.386907692649287
-6.281201991171441
-4.348020674431664
-3.1596208616599224
