0.3867928248413367
10.241687423884065
1.0855938480830067
1.021229349116765
0.07897614447730733
-0.24428109913772
1.3209856067624453
1.6103663837569182
6.413101891776751
-4.439085594015111
5.796384524699362
0.2796373965359204
-1.1751614706911917
1.3394372159092052
-3.6068166987081067
4.119147988438879
3.362570940253037
-1.1863929666496826
9.069720018573625
-0.6489065442593294
-1.145583543094957
1.8173015730528292
4.941015199904084
-3.284181949208741
-1.3400207732914344
-0.3465780070574552
-1.842663519281712
4.51434648738356
3.0140121561821136
2.278893636362409
0.22165710189774887
-0.5599339591338327
2.727232218671734
1.4325466851742457
-0.20819694848350268
-1.2669437318806702
-1.5363763891386482
6.999346999123858
-1.5649833082268234
3.8552697375089755
13.188859244675472
4.5694458977371415
-3.1264815633436562
-0.3097147424992507
0.09681761303248534
2.407234955256154
3.5643843799114743
5.403282309870312
-1.2164675665828908
-2.497976880295857
1.4843454835506127
-1.6754178707042904
4.0842602449260195
7.213904005395008
0.9071996381442085
-3.764469415656724
-1.4037234585290501
-4.0925720034478665
-5.224176991976822
6.570162116443161
8.784342325698884
-4.040176087813457
2.345400854402831
0.05006501050715703
4.865791030624434
1.0712247982901721
-2.820173759261137
1.4977914778158623
1.8647821765872532
-1.5512905940111839
3.488590272266891
9.284454329483069
-0.5021075675256649
-0.5781563303663668
-4.535741302084597
2.0140965636377928
-2.4106924219599595
0.9973948710680021
-2.356741395627079
-0.8299682497124918
2.285192928993133
2.2160042437055676
-0.30090344234163874
1.104059308299906
-1.250686725560308
4.736466907013096
-0.45241068382535543
4.458523380357198
1.605047691922274
-1.456403474843771
-5.434499000192197
4.676136634132763
1.4479167970510889
6.662434925582209
0.07735974384103199
12.774241560743974
-1.417076719240253
1.1384623499004314
-0.7344646792834986
1.372520728597021
