-3.878900296321585
0.049580138548163566
-2.753158680848771
1.829203292149021
2.7371317497956404
5.217084276578831
0.8060529169351174
1.1098357929598093
5.703416283148061
-2.4681688316237733
6.89792061526067
2.9857447567002615
2.8642219060371965
-0.733551204889247
-5.391137134173537
9.943148602307215
-2.3233658802501282
8.491946849168585
-2.6147052997790245
8.517422293567849
1.1826793553009682
-1.730047672168187
-7.929280492299261
5.508886865624617
1.922129392505088
-1.2912878310899698
-1.896177396937408
-0.1303138570792728
2.204819837407769
-0.061156797630583765
0.24890769488204684
-2.210377066173177
7.067031067301598
3.7049466931705872
5.876276768697245
-3.4736830822121094
5.166140305328061
3.3585117825010293
8.177672566710562
-0.1964768721459395
1.2485390030247658
7.121408316600785
-0.6293803644382951
9.163813768081068
1.1884778305858044
-3.8701714035550614
2.386055837476403
2.0214558125412774
1.6069314869151503
-0.5531375756799466
-3.760918396406166
18.321678258013602
2.827570540971076
-1.9696019679257204
4.03126167335749
2.7253839316755712
-1.3848991837404552
2.183536539050445
-4.997664935939625
-2.5906692077558358
1.4292145287875226
1.76123535883505
-2.142028406132079
1.8002934522437788
0.5839614597039733
2.697727405467244
2.528896987588518
-4.572460801338241
2.707665769013464
6.98406655221597
4.431467937065828
1.8080447655181615
5.295619440500625
-3.316142813738439
6.775211777021487
4.098720682484914
-1.127243119417982
3.3247999715251217
-5.159708859924054
0.5551033124853421
7.595595273245383
7.587729504995198
2.814767465745219
0.8118868063170244
6.267385401962057
-2.1230074402121315
-4.5941206946570095
-2.58581450381468
1.4066196531278166
0.11977728458409
-0.1557125759906325
-1.906504706350943
-2.77260186509358
0.6320675503658348
3.514122362136491
-1.7047618621598615
-4.18738803254077
1.5356708107531105
2.190802421193909
-5.882857028383883
