8.53866713158841
0.47039829187896276
5.164750950234779
3.2171810635697993
0.18880560522825623
-3.236748302553436
-6.491438923803304
0.13891791813291737
-0.050521633513489435
1.6816285326746918
2.0216954043278825
8.013453694954109
-0.018963197827640305
3.063145788428799
5.512348034869887
-0.9934535259838128
-2.409297959149249
3.302418167845974
-7.660485295976461
1.135495129200482
-4.565860388481946
1.1300208207108273
5.356504112635699
-1.4793470748301925
9.691641477271615
-0.7374002521264262
1.9930080457099453
4.714920079488099
5.117094890511269
-3.19885055156357
-3.4012736639911836
4.719413447019415
-2.415749272761345
2.5753634730552175
-1.3811158123534313
-2.4755390510192896
-1.4203212572946402
-1.6422921199238938
-1.506234154598067
-2.809491381564132
5.222882244846723
-8.416447626480728
7.646525690144807
2.578952060269324
-0.7728847861095438
-0.8332320726654276
3.446897579514445
3.865613654135872
1.6555656951279778
-3.394617225297365
-0.6231845750075458
9.856964613701269
0.5659052448592391
0.4756715650381015
-5.665662972712987
4.397639726442964
3.047029599967505
6.726378538041288
-5.597036320110123
4.366353400189827
-1.1786712426227341
-0.40926920044519566
0.7980196255645933
2.1754321490035693
4.1197596954172315
10.462137304531362
-0.9079857630534999
-3.3820569049881906
7.854522685541902
-7.996950289009792
0.4844300252710022
-0.6805872086037932
-0.5246729818625062
-0.9340699855352286
5.842831948115072
1.4153898824842428
-0.0658142803422683
-1.9581215950162087
8.54349943775786
-1.8867299029569993
2.0108858953384194
1.0471280320334522
0.7646699622187474
2.9612639230569973
1.4272424061808902
1.559155254419725
1.7929565710291728
-0.058364692289960426
-1.3499666793372054
-5.259403451942427
0.7640684607417423
-4.001370818368176
-0.4993117790194025
9.565104540713161
2.6180686415470267
4.247402142790996
-4.801014944781073
-3.6623726333789426
-0.8766496361272629
2.6794285142136385
