4.307824982577227
4.524825694756177
-0.8425698476286503
1.662705584796384
1.943268919301512
1.9820165073675904
-0.17190464158514282
-5.889758720805377
5.812398769538544
-3.166047450617256
6.389652380476814
4.494746170379953
4.326976534403934
8.043670619162052
-5.37780346579987
0.47196468651121204
-3.9358602478697016
-0.07607671865679345
3.7542796142544974
4.5276917853524665
-0.6453882146508731
0.8785682216351915
0.15063975584821357
1.3196770714013355
1.3705102189944227
2.393221701763339
3.355095212608453
5.9656585586550674
6.763964409383194
-1.7556827365662304
3.9711061842643156
-0.15951665580880478
2.6631027208643046
-1.2180603931691176
-1.3092705852269368
-4.172430922473604
-2.6540594550209256
3.6141489935907867
-1.289657104295668
3.0370625688750557
2.774320113399478
2.5330706359514985
0.6581908418204006
0.033737826006975294
-1.2424187218403255
2.1962724556062003
-0.20067861611393506
0.2795229077114426
-2.7616747525691707
-4.1553292733961165
-1.6278181040470074
-0.005685323861998262
8.561340555049576
2.1598760662985086
-3.7614582487763446
0.7190491066719608
-1.1882732656908
7.676159233050487
-2.436725360940744
0.7833952054471309
-2.254307502777082
-0.450254267075684
-2.0341839462100535
2.1661179142544746
-1.018707908231691
-1.1566282026909116
-1.527082064429539
0.4709589860511315
0.997403303436392
1.3780136420223592
4.80606983651251
0.8322910242077777
2.7973084050190087
-2.277626227100054
-1.241938434844004
12.02491921342249
1.966131139816567
-1.2671248849155377
-1.8997226943853116
1.189597317628397
-0.6185116967316802
5.12380795993937
-2.5378702945335307
0.12856560282346058
1.1434007544654659
2.683415251648864
3.6438865437396224
6.097192600464051
8.393204304632613
1.6653389707926813
5.382828693631949
-0.3115679561981639
-0.6744815409778314
-0.22942620857687412
-1.0484900155336814
1.1567752736415577
-0.008976243191695432
2.302168615840146
2.3400412410797617
-1.1333113869791207
