-0.47067571978091716
-3.1100996143194144
1.5599298024778645
2.388553715348169
4.5718452542279895
-2.0441917824630043
4.1178578812919735
0.1895384357643754
4.035710684935162
5.3493188010460315
-2.3530691662285808
4.977849026009277
1.1204601220230828
1.1146257669525008
3.6307265863660714
1.1333368907281995
-4.1666144784433055
2.440797387069825
4.9499855401952235
1.4709921381718853
-2.7448412913437674
-1.766554846760027
0.5192561580259812
4.528532370855799
3.5400227009621497
10.759264247237832
4.757665339222434
8.084401798373664
2.245211596940712
3.915393629566684
0.645998858993462
-4.378743057282038
-3.923658442374567
0.12318574792681089
-0.6308176105823572
2.657514006344685
0.5760325438649984
-2.2045629751213798
5.819569231554537
-0.10417533681034188
-3.6392364785019673
-0.9619627300921003
3.7955003619479952
1.300120452147865
12.50762509163847
0.43321264364125744
-4.963832560405809
-0.2677816878473684
-6.300905102202869
6.387713330939034
0.6216561198586645
0.36726504206022004
-2.6676100840693664
3.2235370545324864
-2.734671874205347
3.663168045300414
1.0917278855092565
-4.415936642768288
2.6909589467264063
-1.608773139169289
-0.8389077581361943
-5.205125956417508
2.9391707080621736
-3.6810577413825785
3.9334361464878733
3.7899952178046954
0.8694526434864187
-0.13156145792028764
-0.7950141714531631
-2.1731025949235088
-0.43757739835245113
-5.73776168484047
2.13955332178826
-1.110031246871049
-3.8409166248862183
3.651606767456762
1.8713293433015865
11.66170528930314
6.849445213094352
0.711243731526876
-1.745988542637134
-6.511498585858368
-2.522146963370398
-3.8130612542841114
-4.263456739543979
2.581621070518108
-3.617601425829257
-2.079547838367721
-1.2048718635557414
-1.5881043998697575
1.3074831324076441
4.784679774634089
9.989486508228133
-4.729524244082599
-3.0270543935052703
10.026694870568457
5.192473349436479
4.967505547126816
-2.1367110590817755
0.17262406136622813
