6.898888847738214
1.2711223088967514
-0.7972980803116732
1.2801419078962473
-0.10456525399984719
12.253220757997521
-1.5607212612715355
2.4351385824840275
2.208813042279078
5.749074688200651
-6.383478826753498
1.290047435250289
0.6137365111930019
-0.9789342883725156
2.7955387297662297
1.952364417362674
2.7399074769964904
-5.400180604487065
10.082159113379255
3.3615546112307837
-0.6880263081878981
-0.028058761197154745
0.47011062154874117
8.848492456024776
4.386217357027517
-0.259047243057877
3.7000586676414136
2.3325194615638427
-4.284227626323606
5.233324572514974
4.832753781530076
-1.7862145553215139
0.2934998819045793
-2.795501071252699
9.48152142331048
-2.364795028426297
-0.4531716651395137
1.719987333849905
1.0102880329675892
-1.8490608111579188
10.71409006973865
-1.9189763135004627
-4.514296309253455
0.9784812055392329
1.898460015658339
1.3255746567794047
-0.1634488609201991
-2.4086528510649474
-1.7611017986258448
5.1009921422747295
2.6341058354774467
-0.4079296369549722
-0.9754787413417114
1.2682522740873492
-2.6186251173970088
5.0465922497235
1.9487890342808365
0.7381784497029469
-0.1867414178918112
-0.02354523955311426
-1.8745858674554927
8.590760056468262
-2.242797421992226
0.7355869902567204
2.167440881078685
3.980955165033089
7.253576069550437
2.6556687838197117
8.854819171165174
-3.4868535985179503
2.037119652356556
-0.079524919257777
5.228734885956939
-0.4882018655856142
6.383196112152614
2.8210914354759593
0.5973023531742174
-0.8275345020064719
-4.054740726270978
-0.9589581851020108
5.524542854686603
-3.9378949309284597
-2.3599026403062
4.901050641010527
-0.4921764393487158
4.309102188853521
-8.915108547218217
4.783543995494077
4.983816442004908
-1.5353924654997617
-0.42652454563223685
5.991922619596184
2.462349074751903
0.9003538444984737
-1.2260017386265116
0.4729278170950204
6.778874700590869
-1.7937070247252365
5.069901280906047
5.482395947338749
