2.147991122754617
-1.323205594236359
-2.35178504804742
7.232076036962479
-4.135958486432063
0.6692166902257266
4.78428072116888
-0.5446981255868998
3.5456801967126648
4.365378778424422
0.7193656442586525
2.946376403990532
7.957892785158016
-3.883040165764964
0.8202993789453967
0.9123186527858722
6.835373641055538
3.139688473619182
-2.134132972020015
-2.9250365577213433
11.974997853343647
4.735930549787482
-2.537687515651556
-4.770314480290611
3.671410213669348
1.0131928947947633
0.0019068732896476573
7.929362868195293
-3.975998715895746
4.474103926869532
7.1129503540802475
-2.3761871712916713
6.924514120437572
5.540538153045998
0.7118420898822746
8.990300831386744
0.3596773781903567
4.216629697404269
3.862560563358781
1.264501635678181
-0.9576721530094323
-1.7259711231125867
-0.9878702405830797
-4.899231856989825
1.6802273559839216
2.401809752934592
4.200912204198762
-4.016675688699191
-0.9041938622757
5.15966766348702
-3.569404754752676
-1.4508208792332584
3.2046301706574565
0.3481681844163408
-2.355911765651305
8.96429219790663
1.908295179455271
3.7635704270978287
-3.89175442418715
4.065502105555293
1.400557069939091
-3.2229844535850223
0.6792311418842325
0.894248375155346
-2.146417346765019
2.521813995783281
-0.9078850596173365
0.4268481289375458
1.479480265261416
10.776251990114561
-0.5052093531248681
8.718724387363489
-0.5906148117292178
-2.6611893644788687
-1.2110482910636184
-2.935246170814114
1.9384293180964156
3.3115426297902935
10.064577930674098
-0.3041519344146648
-2.3866120751439657
0.8363236960800415
-2.382712665201918
7.680220893892651
3.8142067937804525
3.6759294729939205
-6.345841274803192
0.5256898812161749
-3.445887988771654
2.2752705043357864
-1.2728139164306982
2.448482118639732
2.102309799623161
-1.1612007234154047
-3.282584631966362
4.997450632299153
-1.8201876277402835
4.616070066488
2.906862797585288
4.928294475969815
