8.427043574158557
-0.765489441553221
1.8637128929622149
-3.008567350791189
9.681246631250398
0.6596488598128135
-0.8883548561104921
-0.023700533464098106
-4.588957793705269
1.4336371212528145
10.34198000172288
4.142698895820095
-1.8106245083889414
-0.572010752422996
1.9187893865072057
-3.9491345060896483
-2.2707230499044124
5.0345491285803945
1.4712929773525023
5.6483753131858805
8.49198150268209
-0.8462426262140655
-0.6203478588055847
0.4161008567823592
1.633488830048688
-0.6027154473984855
-4.800115709423534
-0.5359983295274258
-2.1968444300375496
11.160416076693418
-2.266622472528013
1.7715351552035017
-4.604408735723537
2.6747916445942463
1.5193769287168428
-3.3641978118767932
-0.2944360648925473
-1.5402397477868295
4.253157185739703
3.199402725595763
11.617514772872635
-0.7959548319877502
1.5194278485967172
0.767536032748494
-5.702744772517494
-3.0795570797071368
2.0510965381330397
-0.7968575303507179
3.617381661179481
-1.5133795776922834
-0.48489255423063
-4.424928479696457
-2.1983142721009505
-0.0717998489488138
-3.3179788824149163
2.3184824458882956
-0.47692436194810484
-5.535208018952759
-0.1572254546352451
8.808378766209158
-0.7568458372794722
10.724914551921072
-0.018219232505961355
2.8631978980896378
7.931744400194125
0.8752619555098458
-6.210556776902333
3.6553001676959322
-2.778131576537363
-1.0455259522191471
-2.728547052303499
-1.462464582285226
-5.653387563489555
6.292096904264429
6.885297841259578
1.9541803683446866
3.0624413066833247
7.032529003704016
1.4224131640935276
8.116734408702825
6.423307759780011
1.9331980935590412
0.89884832121647
1.6743428119046149
-1.8345516504357515
3.6803602416904546
3.86075563990795
3.8329648586801746
-2.189424566867699
0.7190866226178121
3.422668289000624
4.506856567114658
-1.3207238108330517
3.456632912739611
-2.3521589943255057
1.5602297234052638
-0.9728303878708786
-2.1252410752945576
7.447202873549759
-2.068591265705062
