-2.0276771571232866
-3.3324375988301913
-0.23877779695305812
0.07937927657190187
4.366633982728748
0.5171575290848329
-0.05290085819240181
-4.33947989093373
2.991522355079923
6.804831617366474
8.574013554742434
-0.4103565153428598
0.8975509176388574
-1.0372140804634666
-3.862165013989552
-0.48694410355567497
0.31938954413627024
0.66835745136278
-1.2529418431098849
-2.7686045005423137
9.535223661834605
6.89901576221665
4.158101446134298
3.4769795618980917
2.7082248097020383
0.1409498305192656
-1.6339851763543618
4.766466599718286
-3.8719656869793497
-6.0714298776952464
0.953877429935023
0.6833233080712412
2.5044771855618935
3.3692225520072676
0.3105007892962641
-1.2449759761531112
1.5815663914972924
4.448455245976853
4.564057931528685
2.0720160387371696
0.5114206076220471
12.615579539715519
3.334150564505373
-1.9154844493343015
-1.2651193307346813
2.6249143472203196
0.9477970096124104
-2.2346519267484406
5.612711192643192
0.739079955127757
1.7644600342410302
5.644374625616731
4.915425831138784
-1.4857013000192263
4.073390274562488
10.707443280201051
3.582139418068627
-2.3788940826792135
-0.5267120037610189
4.426242176147877
-1.754953997255282
-2.005354652267327
0.7494839281847874
-3.79091605304771
14.618032257011983
9.153991642703902
-3.317699210727224
-3.33688905203713
-3.699948891278666
1.9889503042923207
-2.9226615447345283
1.8494497521642597
1.1879937157633262
-0.85047748629357
1.3469235209060717
1.0872480559424238
1.6616293663435378
2.605721757622116
-2.267519504719066
-1.4386259967389439
3.1513961282444507
-2.7205059637060476
-4.795784828762253
-2.668569418843174
6.646215004161761
5.6976966193529375
0.614663469904801
6.200811904030646
-3.5994780919607345
3.206932863615821
10.849150175996737
2.307529356367195
-4.187904864303271
0.0032158683465639344
5.962577811924605
2.8645543840921097
-6.385788943853072
2.586560342544096
1.9929470613859337
-1.040430982873936
