13.73579502026002
-0.8395759372284213
-6.5899241938739035
-1.8420494617566732
1.7566616519438583
-0.7691487367265315
-1.679022752642556
-0.7001533591337349
-2.071381989857972
-6.038069202560896
2.2779880299026796
-1.598939565214807
2.5267705114771033
-0.5393261849111486
0.4105938025332776
-0.11663869106477417
-0.5464977575901947
-1.4665813076134069
-3.180650298852991
4.732564803646348
1.1667480651745856
-1.4856022985286996
-1.6409483480624858
-2.5839734588285754
0.19193777598091583
1.1652067419545313
-4.657356943444796
6.452513327535897
-0.9336450051535274
0.516355673562231
-1.7297656619626705
2.8379104283858028
2.073440684804054
-5.171975360931763
4.338647120442923
-0.7756093129141803
0.9203327742075321
0.24774337681003455
-2.632973614852687
-2.038611346789656
4.9736541703048385
1.6325340781413593
-2.3773372163282307
-2.8464300532662845
-2.375527377115658
-0.05688002381929079
-8.573822840798938
-6.253208614234221
-1.9410685408529194
-0.31406806417109456
13.078909138260487
-1.5231782921854369
1.1569153546066455
0.019842002697199563
-1.2438295454778674
-3.0913654894598324
3.365402109303123
-2.0306631185350787
0.440720885881403
-0.0738105573738042
0.9647113459787472
-5.7147244826705235
0.6272052477332359
11.5305674825007
-2.76992044427805
-0.3955847085068961
-0.8343015683030144
-2.8755346932804637
-4.375882154622237
3.06959136579726
-1.7962805250557672
1.9446299033026602
3.757969448963196
11.437030498927317
5.088287452621175
6.731591554238648
-0.8558713560328791
3.1281985832321517
-1.9173719263037259
4.616734193566085
12.146199424130868
1.2281320606386952
2.5556023237806507
-6.651479813955515
1.461694310629457
0.23259510605878234
-4.097887052637834
-3.6815199295826337
0.48282115237109036
-1.1693686627129876
-2.2898044732409555
-0.2604855240670032
-3.2604792596157113
6.289932778523296
1.1381824445418998
-0.6034860394394577
-0.6177650198725766
-2.409280740468032
12.602043187611667
-2.8115868489372007
