-3.401640583469952
6.036723327418253
-3.0102110583202526
0.3415678603505113
-4.76780333023578
0.3240387940617022
3.6166703640240323
-1.8243255144216932
0.2843445120883801
-0.034077381804139086
-3.704635281558466
0.949546753880687
-9.410560830501733
4.185570635044377
-4.53263691392036
-3.5343201225469416
2.071396281581775
6.464992916621152
-1.76898145067495
9.344348133415261
1.3979708028028328
5.371155489214186
-3.857285194053788
-1.2201509404202797
2.80946342554198
1.9623952707894345
-2.912737165555078
-4.883936015642578
-4.598121552072555
1.6407806262220739
4.11557297094936
2.8451329635794624
-2.7102350787271847
-4.8318322766762805
-1.5789966229486467
6.642559195050051
0.28858181088692025
2.429179530980136
-1.668338259901283
-1.8869292960896482
4.31662964179915
0.3308009793276247
-1.442870691257825
-0.6623308629779396
-2.1464919485757976
6.086280556312362
-1.827212463282164
2.877907337816428
1.1702160941708355
-0.8552252790967212
-4.418019036918926
2.7078252120594795
7.72234953554841
3.00083306409441
0.5734594377067588
6.536271544046642
-1.0449885331910564
3.130979659174459
0.5304598401304443
2.6717775081708393
6.33061206856591
1.2309849779528474
-0.9618056872933359
2.9880820849303293
5.03296419934623
-1.340696376155297
1.7415848260952813
-4.082821339997282
1.4652679545328187
0.5585656800157597
2.841723766268293
-1.408323940330039
-5.445228773170042
3.863286159986486
-1.2176434250538195
2.9376033921606544
-0.5862909028779619
11.113072355100563
4.340343721868099
-3.5022676374763404
1.9467107561911245
0.5913905578099906
-4.634074668986335
1.0689828602935505
3.621546070349466
-4.509710578982364
-1.151351814959034
0.8896404899090782
0.39625493587569416
-0.033267495887300526
3.9255107081920437
-2.3780734956409413
-3.389453571377781
2.7508381707456433
-0.7731320217572076
-3.741185089298358
-4.779079009172099
-0.09395119064831488
-0.07921032013084597
-1.5092868163748512
