-2.314054063309629
-3.270764662789606
3.744679514069454
-0.7270828244449827
0.6718008923743155
0.17434900038978066
0.7461151193072068
-2.217775335792108
1.5523811744547182
1.82050710916324
0.13240845148499883
6.537909876081029
-2.7881576116839026
-2.3669502596924716
3.9795708893955837
-1.2607142310338737
4.108403623742468
-2.35864610180023
-0.62045320593405
3.4634477041711635
13.058400306630638
1.0099863135695548
-1.4704915225210802
1.0292786013252293
3.7064184733503014
2.3166087924344234
-1.7484823351061463
0.7984654115558042
-4.8787432455540305
-3.205296684170036
4.287008764795448
-2.5953984850621596
-4.303945922097858
0.6573354771752493
4.190167822631653
-0.8170309969335056
-0.3088773328796294
2.761894788800955
4.627037943506229
3.484666294690949
1.307576850579047
0.9172486817019128
-1.9365154096559651
2.7925686770438416
-3.606276128371376
-1.1345080396346496
2.151904461820443
-1.5234327373564205
0.5119012428341575
-0.0539456998096882
1.5553737098446803
-3.8295326256998723
-3.9581091080184825
3.7370409320931377
3.783379692930613
-1.6654621366974285
12.892678528286083
-4.339688978027485
3.8730172998246473
3.935770760510369
-0.6737078385032484
-0.5000075707939247
-0.9563633075371227
1.211189030629376
-1.8374105687651765
3.2832823735593837
-3.86727436229493
-6.019708953813575
1.5512741987537302
-3.3236643230740537
6.452055014797193
1.098829735727433
-0.1822528938947999
-0.21343488463943977
1.8004639808141196
5.415493144311014
-0.9128972495812937
1.508307328869598
-0.07223066949998865
8.9454884994088
0.7099398133907517
-0.044075529380059236
-1.4686573806946819
1.5204237794709694
2.2954021279334373
1.0088595166640517
1.114082885932032
-5.10321348313718
1.7631853301088074
-1.6449421658954528
-0.3927183921265901
-0.7313824889722721
-2.7124406898372198
1.7434285081843917
5.889622950445495
1.2220195927585533
4.300828866720325
-1.5397047157576746
2.8578679643223213
7.463419269324802
