9.944134142106856
1.3330220743591477
-5.5272546576395145
7.734694620967815
0.7751376993071276
9.328721479347587
-1.842069049649659
3.5585334694798245
4.282515414443767
-1.6917186574644112
-3.5262762770904077
0.10319609066604613
6.845684803595518
-3.7768149564446647
-3.129728073952462
-1.2529890681533649
-0.1171570275349838
-1.0180356822163472
-0.45029528314577294
11.060601431339052
0.5537746013526554
1.8215933640181374
1.8016602612287065
0.8568629257074096
-0.1689568017609616
-0.28051404986732614
-1.1154314974186121
3.4289924871218154
-2.42993671265808
8.486508136631379
5.492971151617491
4.933620490497502
4.577695945935506
-0.6478594562445317
4.176910753545243
-0.5925038073839091
8.168535856566109
-6.442388940819993
-0.07854899944608543
-1.3751027044659905
-2.4203453038748144
3.6261325785879257
0.2192591376619728
5.853156678632756
-6.717220681998564
-5.8579893333702575
-1.0261081283106843
-6.611523052090861
-1.486714503540967
-4.451798974040638
-0.5519997106960589
-2.251549556075678
2.1090770079005594
6.002973939722213
-1.0560383115434226
-2.624447857169595
-0.06766801729162997
-2.4620983231042577
-2.3081306906486683
-1.7702526236052867
-0.03911015089786866
3.3654342456453086
-8.850895901403211
-1.6083755448859147
0.7118005180428096
-2.7726607772487046
-2.107236169649524
-2.8041290161941
2.2254879048202714
-1.3493149544658065
-3.3903972890482024
-0.2954916925566087
-3.3725329756708833
-0.4890042131968829
1.3024673841551953
-1.6267314210280155
2.85815380285063
7.203455666803582
3.587703103441534
-2.268906100556284
-0.6568751638642151
-8.174640810190851
10.343832649695369
-2.16537761954548
1.0183122964884157
1.0631445548946363
3.410050385361153
6.086855058212793
-1.8633661763639209
-1.032686310771862
0.9737271051204803
-0.8762397784251783
0.8582961119084044
4.523124031366542
3.473334194241457
1.0353303277687278
-1.602104360219413
4.614429475506241
9.821094997405096
4.092166925331923
