-4.717083538623978
1.8646846106129331
0.0360304888870725
-1.1876530702372117
1.9054912386740388
1.5909928107182227
7.189799729986907
-1.2016776940711644
-2.722112180684533
-1.735862935898015
-1.5045229115673742
2.9345310387332995
-2.1805916701553487
6.254367025949971
0.06086718483102398
0.9641618179938533
-3.2357713390066696
5.934620772455734
7.009303388945964
8.731031480548234
8.146707259086948
-5.82839609758092
3.6934388722648412
-8.218562010338061
-0.6190290510876857
-0.03090558655232019
-2.0395464386735123
-2.975823938525918
-3.454998743300784
5.39890603148665
-2.334212912199739
-1.2749528116613371
-0.9496884090687432
-0.13847815316620743
-6.391693757544539
-1.1020330189314205
-2.06629906076936
13.686750121900918
-6.604116123978189
-2.0188086176696496
-2.7960942451120707
4.814536185884997
-0.21747314378221283
1.829005413245198
7.81080675857908
-4.916583744360827
1.3217844171003372
5.5754450386465955
-1.145413128834731
2.945812577995468
1.7499773071450153
-2.107503384453576
-0.9419046671555369
2.81019124622519
0.9520931798805722
4.633989624540655
-3.7042181215084735
2.92460943197485
-2.6153287009889583
1.2386197408550315
1.987569569014831
0.4978182928017072
0.35642996541990357
-0.858118343791734
3.4186771771244318
1.9212993483795613
13.846099658809491
2.2934968301093863
5.323424519183734
1.6673536199323054
1.9198232875510506
-1.247793935102198
0.6553195168452632
4.080768412602989
5.785275966693394
-0.2638289975506502
1.2802211267078492
3.611727877515961
2.9065590952563145
1.2865923559863748
-1.1556678880441391
0.7792430440067752
5.598486801464806
3.6249863483385427
-5.215003856260278
3.5387350869485035
-5.1792360767190155
-1.6555073637736415
3.0251114704880075
-5.240493386590282
-1.4539952875304294
6.177807881697808
-1.2450146660150825
7.289472529948517
-3.1890763503822592
1.8211321701908478
3.0638731733505
3.1470280443673957
5.110896667520028
-4.323925370396945
