4.062108753232183
3.4808003980242948
4.348869520921923
5.614870416887454
-4.920029952698016
2.049325560652864
-1.5700295641664903
8.418739226497978
-2.2177299584561587
-3.319916186984986
5.965625698413211
2.6031467613076007
0.7388962905621
-4.169348242198635
0.9745448991805186
4.191285036690371
-1.7162580727737264
4.0206645388718485
6.578052644734281
1.0424410964942714
-1.8353596483329784
12.619109577672598
-0.6053297215091515
-0.2533266028591469
5.751254419641018
-0.8578629127610198
0.8714280472903512
0.2805859603300962
-1.9328615961254298
-3.2593072943037535
-0.0246298621860195
-1.286420345936622
-1.5610705751622636
-0.5529857560991244
-0.6973500721686775
-3.4930725229387973
5.188075425321463
-2.072452408740589
1.4372304401240144
0.9852969254740263
-0.6096350064511805
2.9132102927489996
-2.946237702605561
1.861065391270461
0.27420531393297193
3.2959103089202646
-2.884491224588788
-0.7004895942162128
1.7975390141491507
6.351456704375152
3.7918819676687683
3.324770367264786
0.9338822691017363
-0.24945085379517806
8.40901848784424
-0.7933891474129978
-0.5559240630014791
6.657421911524093
-3.3428677117397045
-1.3569222859669452
1.498940078146142
-1.64558481304372
-3.40203653184052
-1.2399151182268326
0.029166784672388327
8.494318252019916
-0.6149709890873245
-2.628242837288335
-5.043802362779687
-0.6787379070443748
3.7869531154037053
0.8797108775139335
-3.1723559732054687
-0.08818883788958333
0.3123726822299031
3.304434798704414
5.068456845312079
7.924846232922851
-3.90992039380924
-1.5066820133804608
3.8674698234291993
2.8465972502685175
-4.932319936833285
3.949293340671098
-2.900108840303579
8.416196999206315
-0.0012987530334101797
9.06232460448861
-0.5638049852137588
6.236146918226831
-3.686855808599729
3.3578188919571748
-1.5837558599599828
-2.3185137493706574
0.48487552387395694
6.921230420275396
2.012103587961514
7.789190027891373
-4.2835254189532606
9.18660538700528
