-2.3936868862820995
3.418168818431262
-5.212540765233813
10.409867847341252
1.8608702815529743
5.6836672720631025
-2.417383262149912
1.9700929624072927
8.35232423207449
2.5776489817218913
7.7712722581728775
3.63933161719805
5.846743783194604
0.7817019755205958
2.0468850136079793
-6.042257028090852
4.654416675125424
0.7307937144751766
1.1920900217045811
11.243197566077086
15.893043685739066
2.773480145124823
0.5419142341318918
1.0803629877867071
2.6777217767038026
-1.2221773733323533
4.67505642969527
-0.9699552626218064
-1.974712836654555
-0.3686588192074056
1.6019266129048524
0.3511056416128449
2.9818116961025787
-0.14861771640697052
16.218236798149338
8.805974079162262
0.7200588227209408
1.8901077174222354
5.250353653090102
-1.3347623327363354
1.6564197066958548
5.370235028365389
0.9514598914699879
-1.2159283832463013
4.899755522859243
-0.773965846307756
-5.399668333615138
-6.228824940059351
7.804920530915726
-2.70982110523506
1.4843739947759735
-1.5882472341502964
5.4760469023834455
10.226541203289525
6.803610170987545
-1.1679777171955554
-4.209164940565137
-5.689806969235839
1.7127640851136947
-0.20539740548281132
0.6164434740354262
4.589882399733811
-0.8058225714178969
8.816622535966207
0.14282620615839392
-1.6826097155328799
-5.11334692781881
6.6272816158977825
2.333621639034204
1.3601158278874679
-4.396085301101613
2.071905257071037
-2.7460288827055743
2.6510090792948313
-2.017360075344339
1.0124936984696684
1.418961011869572
-3.5925018696925455
1.0500766265469827
-2.541059878723993
0.5371088687798444
-6.619725368268691
0.7929004805680706
-2.3272300670199595
-1.174303258494907
-1.958433577800858
-1.9655031385274988
4.054813965767158
1.378128137360366
4.547546181149471
0.3223635311031301
4.128037358427148
-3.1703461506625743
-2.4760829946625034
1.560519389016655
0.8855697371277376
-4.14384210435749
-1.894760805163711
-3.2897414949272297
10.88939366966718
