5.7661442953320385
0.040970106284047327
-2.309420235746931
-0.7730655966982551
2.0215071829818383
-3.0705072668539035
-8.799776082724067
4.053419243395159
2.294087578932483
-3.3480729936235196
-2.4603774279217197
-3.332533256246153
-3.7561839306025266
2.1840480359545857
-3.1254834932596043
1.4120526795683628
5.922442048717501
2.4104877449251916
-1.251346095150945
6.199742702860496
1.880007922906167
1.7512372129267355
3.2973090128511124
3.408111212660277
-4.804084726426942
-0.6279082682738522
-7.680511092788128
2.3247550075613885
1.2479322257988297
5.876453206081327
7.297403504458366
2.3073509536945136
4.278458002398761
-1.724439456360527
1.4115806491322263
0.7088424252347344
4.589854260614921
-1.3540065819809257
4.415225536350826
2.414126616831773
1.7965527821758265
12.137512240691269
1.787646278429428
-2.8454967977377894
7.24797540072173
-1.4167160889443118
-3.8066990090074766
-5.754188182469672
10.538761978673502
0.8509450719576184
-3.4091790380195066
9.203455230450505
-6.297958594000642
3.324272872767179
0.4979938767385694
4.833856242090089
-1.738305211085101
0.44494791159839453
6.247113486834136
-0.43888973574607326
11.375734101592837
-1.9732682776073012
3.3913966992357407
1.5173451302134713
6.443803687339523
-2.7550590864377704
8.807695170090744
-3.4874792987868872
-0.5195477170784877
2.953020488465161
0.496303311882567
-3.702084846020384
7.630273619494723
1.4859630108193185
9.761570255563603
0.5503135524816365
5.284958371854277
1.1949847076136613
3.2597617798572194
0.8982381484113651
4.306931561337961
-6.597212573675771
0.010568670494882337
-6.011058586894509
-4.431696288617136
-2.2424533779861395
-6.085365080271956
4.20767383770829
5.5416046801085965
0.812717537291348
7.198604631729989
-2.8958835566854253
5.517808047783201
2.9916877691722075
-6.421888997782315
6.251703801760572
-0.17788178762682916
3.4716264737972
1.84538259889638
3.827999526349651
