-2.4764779010959708
-0.8090845633361154
-3.199607865696091
3.994942706102809
-2.3684892748285558
1.7757260239482076
-0.9806008578388474
-3.8279407396824876
-0.2671848738397343
-6.717579072233967
1.7329845661801766
3.3243668069959
0.537709229497624
-3.268027883819074
-2.7315369857747713
-7.261258955353119
0.7500338519320857
1.3452058886578575
-5.250504620693888
1.1401208627865151
0.009005987190143979
-2.112388598082627
3.2381741346345434
3.8090420340246354
-2.5555421976621666
-0.3949755388044883
0.8436294725194302
9.537586720338554
2.715470711774383
2.0835992984339207
0.4526148604535387
-2.0472769582640242
-2.403568192272109
1.837467162193199
7.795272206620126
1.433890527456652
-0.2901387593823746
-0.07759900716339616
0.35500937121495335
-2.680026200919687
0.061928235498585914
6.797647832087004
-1.2643493590677937
-4.053747294904142
4.679233019405715
12.242113399789169
-6.260384030665311
-1.911382721916857
-1.6928294131598816
5.197762333021465
-3.952852914494069
-1.326860071591474
-7.557458433617007
-2.7694119627252336
2.453513625599469
-1.3415986140265195
7.935378533541748
5.2135366573886515
0.031789230903227716
-1.2752583569589822
3.6548274789869986
1.0130753238795145
2.0755686902860573
4.7616032800266375
-2.3579114878722987
-2.601123539094621
0.8459135720741306
1.7133795565004906
-1.2179675320937156
-3.5751352368193334
7.236182778529284
2.1805494686961353
5.717059222268836
1.7874754278484914
0.9443898646105471
-1.5319658227020017
6.336376746431867
1.024394919324495
3.1140986777807043
-2.663794081307249
7.529845204150316
10.26646188367497
-3.3730217098192217
10.909758629539454
3.2823265564743442
-0.19574070191773368
-0.21752341879789053
-1.383570651234129
-1.844471167984736
7.29281374574976
7.836942715535779
-1.8385920793196968
0.16263769913219028
1.3809576593711852
-0.028929857498271094
1.2908084086869385
0.025121773767468485
-2.613869867177504
0.5889048754373388
0.45653582231931367
