0.060883642684657215
-1.5029964838135916
-0.6139056501261341
0.8012508494318549
-3.260759717134287
-3.038954020210433
-3.5081042033194443
-4.685502572450033
-1.311254406880312
0.9779468220055958
-0.5814422420765815
0.07975068066258978
-3.563159112989892
-0.6848761329789249
1.284738703231576
4.7863899352600825
-1.8115319419161748
1.217952016974002
-0.22050542547755042
-0.13703220333164623
-0.8683592718602322
0.8648739100008118
8.587794198849547
13.577197557634616
-1.6607303693789657
-0.4268594964295542
-5.285255578330215
4.474769627923156
-3.3114969561141323
9.122200494006055
0.07089391655601623
10.171899712678854
-0.13607844672085778
-2.2262652844647914
1.1730683062879828
0.46600375524716975
1.8932480280994468
-6.2983758963287935
3.6371473287564817
0.8515564887436584
-3.860704968052085
9.163299878873215
0.5449041623344482
-1.6652894257900768
-0.48926790458571395
-1.7733934240552554
-1.1954753559648315
2.5454814254386022
-0.26138537495021025
4.984409537123268
5.088825843793999
1.4757423354577692
6.045445820355394
3.8989797617782544
-5.313765356270073
-3.7040445192917595
-2.832065858947998
4.66890988819993
-3.5684558767994856
5.637694227894931
-1.0639237117714715
4.702146055787247
1.9855185170866787
5.222024455854914
4.66976564987174
-7.0117533385738895
3.6204769058448494
1.751075176877765
3.494504456778464
5.210922756796672
-0.7747339735885008
9.492493533207835
4.998216647435848
5.0823911828031765
2.6716946847199687
0.8240935987123539
0.5230803600108042
-4.923052959744993
2.060111627200842
0.5112951093563272
-1.0351108606194706
-0.156617894504747
-0.9019173253199686
-7.531159280783815
-2.737587287495354
16.74621727782435
5.47462735430742
-5.002660279460698
-1.1934364397669897
-4.178303171786827
-1.866607719977356
-0.4876197007797097
-7.964076383354508
1.621093852887956
2.2697931313569284
0.21016209283974333
-2.2272636113117277
1.052797191687214
-1.576271696351013
1.8590969582668964
