5.815558432427365
1.041641948653809
4.686943710903368
-3.266964874890086
1.1371248480971277
8.283266807406516
5.931531011858333
1.4806156518578644
0.6553465295278423
4.433632116103264
3.212725670262416
7.413527395675903
-1.5012482817345307
12.515098460833778
1.363611447860654
3.0000383766931558
-3.101534741781971
0.26984537986560647
3.112725909607418
-0.23813456377457526
-6.889185822940123
-2.619644049735695
-0.09969372846838427
0.6003112892534842
-2.3095415966683768
4.055331706338402
0.9483742802768645
-0.7805351977816253
0.10205571856209636
-0.993908463420717
7.062162768353977
-0.6927788562416404
2.4971754061298714
1.3125781134053058
-1.8431805666763221
-1.3455025964996175
3.9933472627976374
2.6782268376494995
4.850176412942888
6.622640078526382
-0.20783738245054142
3.691657567179373
4.659318240203402
1.560158826902443
0.8745752082924084
1.1055608886457895
1.5188836668955696
2.797010818889627
10.290687606283361
2.354365504840457
-1.0774518600872365
4.675506299009329
-0.8825204663716157
-1.0829146790294835
3.068229198812472
-3.3360512780941036
-2.0466880205461715
10.017616479127524
-4.5397646320023615
10.409883555680853
10.243217534785511
2.0226804625862624
-3.2079703844340868
-2.33786977917353
-4.141201884468462
9.269904493258355
0.7057426548896854
-1.3657630241814258
-0.5816525137529149
2.8730015840907877
-1.3093304692596117
-4.933297780802414
3.5891679510039767
-1.9326771051119516
-4.156452039444018
0.5982968875431522
6.696050181447914
1.5622149196351145
-3.814441886973194
1.250374667609106
8.161068309766403
5.35788007343455
0.9024752357172847
-0.7122375208338595
3.9369158704011378
-2.9507371786105767
0.33718610640622954
-1.163183113578964
1.8321523356915868
-1.9876940512033157
-2.413408032175648
-2.3415881353660803
1.9509940611449819
0.296016706164784
-1.1760853734650536
0.655780973857693
0.7277026955814634
-3.1279170248640424
-0.4198952412215223
0.7279818040353725
