-1.9061581594250256
-2.5225646524511602
1.8729899986396519
3.27199939720988
0.6976423904286662
1.6347405948483424
-2.1704421342603606
-0.019707066312794286
3.0480076655994974
0.39073417858109016
-6.750700996132835
5.223663331519095
3.4205699286058726
0.06589863663083179
-1.2404992540802866
0.05378727431875048
4.354812117968975
8.377478783099136
-0.3677613046561959
1.1559745306554934
-3.3218008151770047
-0.455062005932915
-1.5320225495984814
-2.2207017562175806
-2.1481763447368127
2.8746115521855904
-0.5341125083790941
-5.248872293820149
-2.0453673033023083
-6.971647344249966
0.37110594267823466
-4.436726584442775
1.0835831619981477
1.1058811482976236
-2.3047428632626854
3.3793451053886807
9.137720801805571
1.2386602400554099
-5.606156580465857
-4.2742577683958975
-1.1937254249599223
-3.8832619747969384
-6.3610401733110535
2.5262735195340227
2.623311364190805
-3.35476397220393
7.507340367249178
-0.5492518665487558
4.91686907509166
-0.6769188022447519
4.420990408273314
7.52581190950866
-2.916068398415575
-3.2922314276617395
8.418836701620709
-1.6955142756936175
-1.1935785408501935
3.388848273324931
0.48191439747950865
-2.3125123939776286
-1.6266072235750262
6.67388041600205
-1.2660852498295112
6.102356999917754
-0.9034155711669705
-2.943506798311795
-1.7139796801840912
-0.15073502606696906
-2.6016829028327524
3.615479422016236
-1.3359191721589454
-1.6404118706609607
1.8364001202685145
-1.7770191463097404
2.9380841809218095
0.8821694093301885
-3.9502249961770755
1.528380001812343
3.0746326306226237
-1.5726310024679389
-1.797552105749453
0.7698969026403666
3.5038784437080013
-5.7693888081649884
-1.4502318117088149
6.885486133720948
1.5311647260211974
-2.2469712977182965
6.573052521530911
3.3078138710860805
2.442349104237197
5.095431762648396
11.403049531221694
-1.6239824651219774
-3.153847762178174
-1.8319342963242637
5.216331914578136
8.419452102960712
0.6095771209837922
-1.1693206536490164
