3.704748401247679
8.463403393116174
7.520250671697649
4.409281781931686
-0.28666519754891345
3.2986227313396688
6.453607246772211
-1.506804696332628
-1.3384566683254797
-1.6931326591853866
-3.414307007036415
0.6138840336201628
-4.609126864394607
3.908390900258656
2.8926608426355203
4.668910186327842
0.9760245052991645
4.166184683081015
-3.561363835333699
2.220721241145317
6.521611105572054
1.280995147241611
-1.5131687791173736
1.5723342517213759
-2.711747205527586
0.08014620301519608
-0.34541075524913833
0.27526756172005595
-3.5505051457797725
7.957658584411432
0.48394666883735227
3.3427582206144377
0.022022439699000668
-1.0403401784341093
0.21949232075014188
-4.418197325231455
-0.36062941726825704
0.4705282091696519
2.101370327150402
-1.8646997636507603
-2.757519490937812
1.276275442190408
0.6343611885313618
10.1772087586416
-0.13231321348640912
-0.041882471136016584
-1.212544443955316
3.8572783888843913
-5.399697833433113
-0.8133081955079118
1.9071508027941833
2.398943249283806
-2.4323628295632624
9.778074199393828
-1.6296180758203498
5.732423573278725
2.101823698555207
12.134004816346575
2.4745363414966977
1.5428679031330161
1.30011010705971
4.256515890983631
2.973140062632399
1.646101043157806
2.206157949573241
1.8203928442752915
-1.6067744000114605
0.47635139854458164
-8.719184405680446
2.1677246882736845
1.2319290376782157
5.008809459740322
2.999268679804864
-0.3946787308861337
-4.769870192849346
-4.148309974811095
2.0997449554046175
-5.3865266130896785
-3.0121546882818455
-2.7531336526112784
-0.43841482556234695
1.2518732715847214
-3.744523042007627
4.028056900375581
2.789023639283517
1.1739304657460774
-2.9674745484794514
0.9924797301814468
2.479225846812785
1.5565976029410855
7.703624136623716
-1.1045549434298239
-2.139122101050337
2.6285542356598808
3.4310983489927502
1.6156831644795555
1.4743671378966687
0.7246355919869906
3.2768897133386674
16.371851393561183
