6.128019034195415
-0.10405571143155948
1.2393828288233242
-0.239883275955042
7.034339477186013
4.490092071860161
-1.349500471909733
5.371751363346199
0.8413422363331472
1.3885468071878018
2.6231113631510254
2.1247858940643685
1.3087627528631167
0.008437207595829924
-1.1075344012514954
1.1488094912756324
-5.354710675009159
-8.236599168407325
0.8367373814275139
0.7672041940453429
-1.6571038647380494
10.494929637766866
3.2635755891010367
0.12300035691417387
1.1299027516747537
4.799058646317426
1.0828246617350918
-4.259384121887351
-4.188299355227058
3.212955745554985
1.1369410813644005
3.3787090102555375
-3.565623922734928
3.0386315121785024
-2.9056487864397935
3.0639844813574326
2.1476043971904195
0.7616788784326904
2.2472854352588474
-0.820458918193151
7.340888137249334
1.5515434730162305
0.266034190954612
-2.346974114952923
-0.9839132060703761
2.154750022686577
-1.6130419568429324
-0.6156584087917432
9.157070349018483
-3.928112990880062
-1.9262737422549587
0.19056605528712187
3.5601184403006534
-3.5520370488089563
-2.7220157233934916
-0.7560527921462935
-1.7061209974913565
6.034492156302342
5.151979475743971
-5.752189044362835
1.8859933943670733
4.00217825166582
7.159963218089734
7.92682165579204
5.027785988263934
0.7073505795118993
3.8293697514366922
-0.5994800485806469
-0.04980660948732156
-4.923864355514633
0.6485180568795382
6.122182902623914
5.07504473858575
-4.533479834144561
-5.433993900622264
9.896726906794864
-4.601645221506509
3.1062592557721658
-0.677023420729796
-4.780266239897122
-0.22032656278531454
-4.834434579217377
0.9751114644320544
0.780555160004794
2.1791099021710147
0.48227239019696966
-4.314140491745373
2.0133817414015205
0.8130685988571111
2.77552256616692
11.414798347646514
-0.2879040925012633
2.1992575703753667
0.6941785929437594
1.0305916075910255
-10.229222210453935
-5.054037397180889
1.3892832820618493
3.6449308113586287
-3.749494523039263
