-1.1528893071584274
-1.4892398050514557
1.2369363318290694
1.6648211736851888
13.898333610576266
-4.570638473156343
2.7668624893394274
-3.054104201385811
5.798514403773661
3.419629612021178
0.7870122679093818
2.611208077668045
-0.17910176303817216
-6.233189996834771
5.103278686961794
1.8844118808545023
-3.0250189882318486
-0.40468076472418946
3.412824947904193
-1.509718596779972
-0.35158520515107017
-2.045266966315179
-0.49314128019149656
5.142649812302671
-2.607171498617216
1.3424444719858815
2.6979722080543698
2.255704413771526
1.9137681533133035
5.6835846915238
-0.6163970239541373
0.5118877459064569
-5.062029743361469
9.359092678034417
-1.6883348094235044
1.6823919194476424
1.8665575230028817
4.949086187181429
-0.37670071231770674
0.5863863046530575
1.7667257167255905
-1.1070763141624749
-0.8706293877445436
-2.287646833603236
1.3833843129299348
-0.9686996755680096
-1.676804270714368
-0.12106201604888758
-4.192417589330683
7.2130557717902315
1.5095194366683922
-3.3331569583572636
2.6055427773523188
-5.757288032071842
-0.36366374156983083
-4.75491318410942
4.201105863462997
-1.5818549617235447
1.6214280651480981
2.8144536987121342
5.621691092146172
-3.4279890026860924
0.21173835021116344
-2.1808984568398615
2.781346335878373
-1.7270169794852914
0.1277856091138422
2.133057501370646
-4.678254667996095
6.146584626791501
-1.339532264829029
3.1209579677784354
1.755929436103801
1.9367333194451164
4.390334899460784
3.814818711529821
2.3979159304296904
12.80830231441897
-5.3487380687208805
7.248929900989333
-2.1779968726217067
2.3429658725153413
5.957458425570914
-3.3258104886076985
-0.38778800113263706
5.759997348208681
-1.4658062407212467
5.4203949438579615
-3.5031171142939623
4.4738223142434475
-1.2759692376130198
-0.545908050399495
1.0052872219541698
-5.315554125563371
3.167764379592771
1.8388593992339362
-2.1840684035754157
3.403952202259282
1.6094617943601808
-2.3386310021136714
