1.4854696313853302
3.1574226494230437
-4.944614222580079
1.7218472384621788
-4.14461764692665
0.8549739768514335
3.10096265798188
2.50068735196632
4.886241776468932
2.657461477900468
-1.239513946677222
0.7711697000030072
-4.680806701051655
-0.21702641885350768
0.8661997910256112
2.376784130743391
4.568773586741458
8.58070908607463
-3.203409114224967
-1.4703893091657425
4.499465700637156
0.07083392454843367
0.779844472094557
1.4079742891752842
3.933363668873093
5.776840756957975
-3.2660077816787814
9.570459189248604
-5.7762785827267775
-5.798802945474597
0.3899579906129773
2.2154193226567687
-0.7410780756599691
-2.7030229988492582
12.737660101047316
-2.3385836225997116
0.5504440878092143
1.2588917584460684
1.6535779491332538
-1.8451291544410173
-1.164509290814537
-0.46322271764916323
-7.629189759590103
0.998617449535276
1.0462717711613525
-6.474748778424175
5.48165076880797
-0.17829526040785845
-3.1094807861099296
5.0919121438315535
-0.7904603180315457
-0.4710597207361183
0.021263512339494195
2.510058482327701
2.324543470510916
3.3562464282130615
-0.7098145377994972
-1.4948643359240719
2.4562125534253205
1.2010340474786572
-2.5132028676972933
3.8228813686227907
12.634019643183601
0.9067994963550834
-3.761855640249785
-1.6479610645910627
-2.7821211427958255
-2.2155994541259743
-1.8084645098055627
-2.1537452148446232
-1.4181563882969863
-1.8519604002336172
12.624615379934248
-0.31464697742585723
5.170919738411905
2.190694207529775
3.547692358268942
0.6827167884792096
-2.6607902595725816
7.71110962388761
-3.4352692151867643
1.9036021182587648
2.730966915150074
8.777317271869563
-4.644520758875231
-0.27808030392127864
1.066809824521489
5.755906384830949
-2.951274340748875
-1.545293739342549
-2.8411531488893957
2.596134020031917
-0.10100186138760583
2.7307796246634988
-3.7739464177214757
-2.5619618408786664
-0.9987414337247349
0.852133999063545
1.1630712660774534
2.628221400262224
