-0.36938363690989745
0.3796924385361522
2.5488884128482034
-6.3416723652455325
-1.041607755871539
0.518700975775709
0.3270679033877808
3.2569639743645578
-0.12156588821460203
3.720570792766707
0.3620135859955096
4.2838103659373115
3.7021869796326956
0.2337685206022363
4.812058387793958
-0.8123171478665627
-0.2383393908720028
0.3912189424856185
2.5801176172658438
0.34465938517727784
0.19113912522541404
5.607067078721716
-3.872274900005216
-3.2467073085124354
1.1474833770497679
2.981506862326107
-0.544898104913873
-1.2846816446572777
-2.3933032646340076
2.0064303723598766
-6.086960201594546
9.729338351498747
5.946700483711361
-1.5332335207420815
-1.8153008123208545
-1.0999470255017068
2.6122247456333
0.2172611235151553
4.019482158116862
3.769094767900846
-1.9828311419406548
5.1160426933354675
9.370315246112447
1.4186317686965442
0.13906953074416398
5.181395949411525
-4.892432069896468
-3.1670297193876285
1.7635302580399763
5.94680956591423
-0.4631491005623668
2.0347332158909093
4.989239845767702
1.2931286370854176
-0.3598289505744891
0.19243865343500804
12.232255049621882
3.1428404637520555
-0.37534129916585646
-1.0855391032953325
-2.1266484510503223
4.560739450176873
1.2775090652817056
0.15967721879354457
2.916761138804272
7.783703659692574
7.084608329208296
2.5746092472980755
3.707127236140548
-4.054099927345279
2.3591710586844976
-0.4331875936304204
-1.2477475598973007
-4.095284722104969
6.578919202177216
-9.272167045783785
-2.2677967733183024
-1.4968150136065512
3.1119816193459116
1.2440813731385827
12.74417293534096
1.749735332168081
1.2077121905366266
3.954285785504542
-2.2872419466400644
1.94073614038318
0.22417655748792287
6.058645645354741
4.215154898538865
1.5814163012248843
-1.299566648854094
-4.554323352252721
3.25929140579149
-6.967646802974883
-0.764368750395484
-2.993491978002811
-3.3566328680033917
8.236276367762477
-1.5762876908472703
4.315153676110391
