-0.04977785620000758
-4.224081252345109
10.026478500076621
2.696532558075583
-2.355434882184082
1.5956526834960485
0.22524416762041238
-4.512375163106798
0.9947496787651096
-0.12318294560182702
-1.7142360781285748
-1.5596747459441764
3.5545961534691397
3.7718361917585637
2.3093481095531283
8.988938014213195
-3.3825403237663103
-3.467794121805194
2.000051232172065
0.7369796673041559
-2.1556295543804485
-0.4763804778533187
-1.1368568977947437
5.8501937418360175
0.9976518714900217
0.04547665983410228
-0.824175031290789
0.536863569852197
0.47308142468540426
1.1141325331324747
-2.7707087945277213
11.351250569694962
-1.3423866272752047
-0.14214300387787632
3.7146471650365465
5.280433500561312
9.931598646144842
-1.5048165059945449
-4.942547886507937
1.586643119717552
1.3762787634701614
-1.7390633992172824
3.573119213191222
0.479662125615533
1.6338421392713953
2.8741815722311332
-1.800982924572046
5.403930209021456
-4.5660110352838466
2.264339899440044
-2.267421951392622
-1.3181085475223382
0.35140871413817576
-2.56666138882907
-8.797452694537728
0.5441446052875466
2.167967995786279
4.7766653247208
-2.199702732769625
0.5657674250236443
-2.429026252307367
8.143617989976015
4.542272550935282
1.1084702517422573
-3.2415447369308774
-1.5158376884767062
4.988617954541544
-3.6651575189245387
-1.117789629202731
-3.3181760147567383
1.0095396820781235
2.291256994416764
11.491459227410715
-1.5411943421661904
-4.381826442221569
-1.3068469648947572
1.5201277419473702
-1.1694382848895652
5.8243387380231155
-1.865691675458365
2.957354370761138
5.618038416529085
10.719666100345016
6.83442204657111
0.656392359815571
3.2472844274142894
6.668523444638054
5.527298720598885
-1.15638171248187
3.3167287029067265
-2.684299203432868
5.612197947617133
1.2854499127243748
5.633316671999811
-5.8025797304827815
13.064410490022517
-3.8437716126698445
1.9741671866857713
-1.6939295363686688
3.6228219538888835
