1.6612907328091566
4.18781745135239
0.8557104396515333
-1.5485297412837609
2.3472272899638393
1.4524307288992293
0.10935415952476268
1.4915337776535371
1.8325210353080936
2.093485361943427
2.5578608991337615
-0.017586420328603067
-0.576914971841943
10.017882718587877
1.0184670576683414
1.6510272399866968
3.4297856093969967
1.590209822623784
3.1929751721911863
0.10166967898687922
4.223551699287322
-3.3927576224328053
6.273754262732554
0.909089280231941
-4.423138663873493
4.5520787080732665
1.8959627592587691
10.699716746043176
2.6813337889809348
0.5581024132186193
8.161026481320665
2.8811636663359295
4.4272675233191165
5.824946913149816
11.677355634657143
4.026061444444394
-3.0611462652266788
0.3349556533105174
1.314047699194107
-1.855940547056755
-1.2147781945232188
-0.5224134511357545
-1.1482766462185103
12.328095825800812
5.865528793248007
-1.4899959846007993
3.1326181771387143
0.9439824643222083
2.9921388453225655
-0.02234480894297544
-3.133296276130218
0.7997621677392166
-5.146898937479775
-2.3273339268214497
6.492960892674047
5.250511744087429
0.03602586958387942
-3.419509247362444
-2.022371222488861
6.8462578712693345
2.7620381636001885
10.208806594916021
3.792482107091001
10.981727972913944
-2.0877006905382127
0.3813033093423771
2.8004167656628973
2.6574955374727587
-4.316977494387014
1.2647436503011007
0.44188184099495886
-0.9537805044880767
-0.8664650587604343
-1.1250879934068123
2.1152210313423323
15.011910521451085
1.529853341857478
-3.051680354462574
-0.9745357220138238
1.8231076474346912
-1.1436807285587398
-2.1975859102078674
-0.7818849820473284
-4.353307147256572
2.8734260371078073
-1.1522059590609781
-0.9165209027404535
6.279376774278641
-0.5595016752880534
-0.49298599872319704
5.168680926053024
8.657232151182175
-2.379280681815233
0.5521682768216841
-6.811436292717321
3.5715901093236493
0.6581108146689243
-3.722937980246476
-6.6239847855625325
-0.5468579283545314
