-5.734850429589695
0.3479664141718004
1.936590138132839
-2.5604637635179035
-1.2941577236965962
-2.7116155131248254
4.602887233699484
2.4656376781643035
0.1691126944318601
-2.9680876965180687
1.4270145194041761
0.22927923238544673
-2.750150334560381
-2.24659247811687
-0.1966804900019235
2.010779171184699
-1.372671656453861
-0.2775552622007501
-2.2235329667514723
3.2658322099341612
2.308260697511491
1.4962240626244172
4.93466267843933
4.231937048710282
-1.9701863271585964
6.714676702078492
-3.366172527082866
2.4048934783749
-5.960925936628348
1.2088512629897332
3.499580788436032
-0.497098397190481
-0.5573651259726778
1.682670103011398
-4.011553937273706
0.4155639799599019
7.324873594742954
0.9064993118993393
-3.744343543249549
0.8627985402174152
2.8638236606894574
-0.4443529039851172
5.63497379169699
-0.9121492654452399
-6.156888378001556
-2.740532889675369
0.8938924493966438
-1.8173044849959261
8.97938471595495
2.2868380104940407
3.2208426745357808
0.2925967239901559
-0.6339073998192258
-0.4626169765424324
-3.4478239994214404
1.0960734298568306
2.5950108907856397
-3.460095962446777
11.095466997449018
12.651779312121157
0.13567072450568654
-6.709168662390124
-0.7042762144051804
-3.8675562335572145
6.869050060748417
-2.173593329498266
14.17688696413258
-2.3280426259395877
6.453895572622336
7.889623606384112
-0.09919396060885934
7.022803780231339
3.454919500170803
2.8619078926657817
8.85758005270025
5.984896109988131
2.889260273682223
4.907509226190749
-5.117648709678408
4.016781530436996
5.230954731349568
4.962320095227017
0.9362414286991624
0.17396726777098614
-4.0414189905874345
-0.08983810153398165
3.489086561037462
4.1327338590089395
0.9307903497222281
1.2332516484922238
-2.991761762326296
1.0724171851724957
-3.090054076771805
0.9360401654380461
1.6127852803999625
0.5234911998294365
1.9384696136557968
6.367748860753652
-0.41514774402499455
1.1724752221649661
