5.1177997407131155
2.422701641255462
-0.6944092249569049
0.506037593920667
2.036115675244474
8.929431076044569
3.7413591100757504
5.768060374370643
7.099526475467264
2.8075899588580695
-2.378667602510887
-1.6285165689767114
-7.645637887032706
-1.9959632432916519
-3.700284760976058
1.1749193899152917
-5.928808841032142
5.732008522132053
2.9135240680966596
0.7540030272013761
3.378911183244937
-0.996977550199613
3.554018099396611
-1.3000786571059528
-1.7762195590195662
3.552749290242518
0.35976276188017203
0.4949615925991564
1.3440181846736636
0.8538316735726742
0.31324612900801196
4.370710974028435
1.6604464816835878
3.0994782401311283
0.9304449907384533
0.30107861950965653
9.752650158068194
1.6880811421322388
-0.9745495519433036
2.979599557066323
5.837788710864541
-1.0137604954075654
3.443729676318553
-1.718234402275307
-2.0962586166873134
1.740915587142783
2.9517162314088377
5.793122451632995
7.144716766198304
4.867269838855562
-0.30320021140066805
10.221138792314562
11.484456654704742
-1.6384377317601446
11.685972535499326
0.8299556669209947
5.085389398748379
-2.9819008709450117
-2.9740839717063223
10.459776879165315
-2.619358137470882
-2.357031576065727
1.7982262437750296
-2.6448166877549006
0.7824490891592435
9.20490634634242
-9.074801752552082
-4.423725744164968
-2.0491191234048087
-2.1214905364669505
-3.1769594713222995
0.6822405216813863
-0.22101803987640659
3.024417337451741
1.3489757493128698
-0.9757363690280845
-0.11631877899027569
4.037968238213097
7.134324744061308
-2.3019385901015528
-0.6018089631606909
3.271076003521486
3.679419899969517
3.2069192767476045
5.122052891449042
2.9116919628462856
-5.957496724051824
8.755163335532076
-2.6341775704379065
-2.831192422129966
3.543464771172143
1.5227450463385703
9.146741536482134
-1.6658173827675506
1.563558501032869
-1.7941777225264177
2.807161318066773
-0.10689460423676544
-5.402870129535618
-0.3138054064492952
