9.331345478182968
3.395183797774604
6.348059173809298
2.217145252702685
-0.706748395581833
-1.6939477902619
-6.301092013015476
0.1538596127794523
2.1577791453929
0.2460481704381025
-2.3337273667411744
0.21643855234940007
0.8206144222113044
2.1630542465767255
2.6498062196623406
2.476409337960666
-0.03695676261897012
-3.2137079511753552
7.470438200690396
-2.0632123909070827
-2.1589642048439623
-3.3676418178480674
-0.4529799346032449
2.1887680898487085
-1.255668194013419
-5.586434354468945
-5.157340595748008
-2.9156110334635086
1.2988442951052315
1.7737734461852472
0.33022535127278685
0.9760118614839777
-1.8112129202833482
-3.680311131357628
0.06997002529230273
0.17513851967155813
-6.485567859682126
-0.2405866131861496
-0.42847930106882437
2.752092773613417
-0.8139723464182187
-0.9388160514480975
2.911760355047479
0.9208681705166428
5.290845746126108
9.290498448851299
5.379907743187782
-2.0943215226912475
-1.8153360534970986
-0.39297018584400883
4.212961275036999
-1.2361639277243661
-0.7171733060200339
0.5437574038142374
3.4514868318525433
-2.4696460578630175
2.366858501112746
3.3069287656657034
1.0255463117277366
1.8365882218698197
3.024541844484559
3.4342302458329987
6.211879298589745
1.317054891237706
1.560076877443929
4.744041921269183
-2.0859116063277865
9.853881935961931
1.351844762035802
-1.554604680871453
-1.831455152526356
0.48378960146063843
-0.4493729518170708
-1.0001001030044332
-0.977975144258253
1.8803337494190386
4.271659107647011
-4.051508349536578
-0.029538033566666417
1.5565782937950354
3.842836101432094
2.2228836666615397
-3.8404888936917967
-2.29381108788706
-2.918977920892851
1.16510325958199
-1.718876775281775
5.673039564726442
0.9312899606346066
-0.4982100841253524
0.6802554826882301
-1.6735616532210944
5.018223960214684
-0.4026568208334762
3.056793537704399
0.7754591810143425
0.6226482700646594
-1.7115121982819659
0.44103494697461476
2.7029338568006387
