-2.378518369025463
3.5226487057436495
10.021157471580384
5.385990101170442
5.905500711078989
-2.35822353176477
1.1444211282651544
6.441796859452008
0.3652632914177532
2.1179125233622322
0.3508350724249612
-0.8495741369763867
1.6547015878121702
-2.3212224078423223
0.8314088029583908
1.9456971941133092
-1.2361041340297965
7.178955314896021
1.9211928316075886
4.183052874224888
3.207656813635255
5.501916543302082
-2.843942355887225
-1.9165475650574249
2.5378371731520546
9.10058349759974
-0.4604520060834999
-4.253090023628637
2.6935229961968465
-1.8314600180135514
-0.784701883225977
3.5116071314465085
-2.021940653355971
7.521733713344902
-5.574925492858467
-2.7831020211965596
3.4254315156076505
1.3504159521290102
1.985151071930169
1.3080585775613836
-0.6269514628826731
10.926587013257079
-1.6846142196594183
0.715578991342217
2.5350369302071027
1.575632174591061
-3.19051648814475
1.5048190044884204
-1.72956180496862
2.2533384211735004
-0.15680941044155708
-1.1681315188955304
-1.7192454073109025
-0.47773924936940637
1.484903351138181
4.164594422598206
0.19553143698509923
1.089395129032377
-1.7210347322587944
6.629205990211472
3.832032219371481
1.3587511136971133
10.46475712001256
3.988741851188153
9.889247044340792
3.3439651963128467
-4.237120314478795
1.821557487363025
4.025488768945186
5.223939900817702
-4.198827650513741
-1.3610628019307023
-0.09699196798386694
1.9389816693197346
0.1355130326710785
0.7019168873889956
3.6943917197833835
11.420527294093475
-0.8755488147667385
8.59592485731383
-4.283229649692628
2.7508264820108295
1.0002445610601958
4.8762623559299385
0.3256056166019721
-4.568581053837722
4.11241072653673
11.999298594458349
1.736639133099231
-2.8072115932757122
9.317878343633938
2.270652560571393
-6.974697868227683
-1.3743638855702518
3.54110634760672
-1.0361377623537829
-2.1924327375437915
3.762417480888769
9.960020578812495
2.246912598264195
