-1.2254465676032082
-4.064669191855751
-5.793643898562109
0.89846724789309
0.861834366619598
4.126471177460175
-0.23539049748529553
-0.9601094901119974
-0.31675172990201567
-2.0903969974098127
3.825685116763819
4.302767111201619
1.005959471916893
-0.33607151534778545
4.838906015106908
4.291197655475285
6.0662147805893545
-0.14335441868028187
-3.2528226156124633
3.010724254584076
-4.5195328889383015
1.7615094398854045
9.07358019063676
-1.9337992750566446
3.4553646826619278
0.13545323150767963
3.720031846902333
0.6689922505934833
-1.2335387108103493
3.302500413299998
3.309312047968492
2.18547240056139
-1.4658256637417528
4.157057620933208
5.331715291006759
4.956939671151768
1.6339039709398795
3.1087109722153734
1.4613907230658345
0.7668697622392598
4.090300591416965
-1.4006127795765684
4.819513799307896
2.870325184359027
3.3371740082983545
1.3882245602986836
-1.215919513749508
-2.3618211003502543
-1.7378478762736664
-5.455071415962088
-1.8799760346074041
2.0209627935657446
1.1080389118579552
2.017803542544387
0.3657246296979917
7.783231984968765
3.15872763886186
4.160231911071521
4.8203429471784505
-6.123453942472789
2.0737621206328067
-1.0953989088098817
5.398984398958058
-1.1517796830000222
-2.267290201620982
1.8891265786233125
-6.852957984107787
1.266728812747643
1.0358005320698023
-1.5002447667587693
-0.13192304683579087
0.36480185884322575
12.191453992254484
-4.643297213758997
-5.713494197640122
8.579098237321302
3.3015235743789204
3.6605570836943833
-0.3514141585527073
-2.8594131637126807
1.6254991297024795
1.7346542865766208
-2.843179953305666
1.137020527448953
-5.827865009187076
2.728525014374999
-1.8594717981428253
0.3640057869770554
1.5404566374657855
2.365204669912768
3.3401880765290413
8.68549930756908
4.487906880940964
7.479764376941562
11.87885450211538
0.6549702020397102
0.2645660473346092
-0.5261885665603613
-0.24356380376254771
-3.04062937700528
