1.2740816969634456
-1.7519338440923236
7.892028422547238
-2.603087443331944
-5.056102295814596
-0.4548508537884389
-0.47275626029855755
0.8281758209941076
0.7638669941751329
-3.437455245689339
9.449624138824223
-1.3270575966706202
-3.8238321758994305
-0.9577619274072326
0.29666980634239837
3.6803693894510334
-2.1413108766519624
-0.9668628906434202
-4.326474721412925
5.277486906150149
-5.808742384422412
1.610675590429302
-3.36899283277202
2.4874996845204262
-0.6845893102417749
-2.130461149412467
0.5897370789726292
1.7749794029967887
3.2259899934234744
-1.6798159300580058
0.09352787346841845
4.305230855626998
-5.6939040577515865
-0.4963978889317339
0.8483372298902054
-0.3740870630848142
5.25410944345095
10.026715460344167
1.9045145618245458
3.5551150156555256
0.5613900840081371
0.37170212893175303
-0.6227715132405867
-1.713065634711151
-2.222741889802247
3.259870492667421
-3.704104321467627
-2.305531418626125
-5.415932105154544
2.7163561142681925
-0.3243308949292939
10.817676234558167
1.874452825426482
-6.234577114258655
6.765111631980241
4.9814385500750795
4.513060449510099
-0.25392617648221594
-1.4433811870178945
-0.5031257477182631
1.2444089304480337
2.7697271505286576
4.230002686731625
6.1121315188243335
-3.1738665182817183
1.2628990954765786
6.93103718122068
6.547483768295198
-0.951470561226714
1.413641448784789
5.421739834094539
3.9276605166146705
3.354898265368637
-1.2637296312199702
2.2558948041604747
-2.463515695739114
-3.968355206262193
-1.1306259768475173
-4.626758750848453
-0.3244973333347928
1.080754345892415
2.7684829068989685
10.462996004095867
-0.649038940638346
-3.8978800165591303
0.4130486738911011
2.9121715592259676
-4.013910486385525
2.019356268099092
-1.5599843513747498
-3.7721200720335037
6.60459536682751
9.013462320102178
1.7527261633246325
3.2730746368391825
6.317449997218792
8.844258664195195
1.5781647845717162
-2.3986526682326654
-1.7496696165176386
