-3.259464661297403
2.396505756909021
-6.525245453259945
1.3112979253552102
11.369219433787523
-1.4390836735461394
6.332716181693435
-1.7979983950757197
-1.3682884453320994
-5.777618025064045
4.454980019350002
3.52112540058949
-0.08945828029098975
0.15243970757919098
-3.3132413609173454
5.732167413736214
0.0501631776832762
-1.3390029085278536
3.1604149816728286
-0.4035647026333
-2.937804939390653
0.5509056809556906
4.564567258684981
-1.6162403610840002
7.293001509629622
2.986936454173612
6.657993991916616
3.182046678172903
-4.139535903782367
1.3058730066915942
-7.487282391125004
0.43829049182627067
-5.559575766729833
1.6382302109143292
0.693246752065669
5.304477986335842
4.842080039213423
1.9000959641321
1.888295152382346
9.268508827026176
1.3404855010574788
3.2910814671775643
-0.11434341964375591
6.037405155077623
1.323394236099867
-4.614454636047129
0.4911730557035273
-1.7016929123094926
1.613889799337049
0.02139120374466639
3.1210078987965364
7.269724788811091
0.5429189886309906
1.6433236482524118
-1.8219881268652527
-0.4404978469353171
-2.106787112130465
0.44578874916368993
1.8753635159757116
0.6847149607054075
0.24802907696008536
8.963953945756813
-6.333375106424278
0.5154867232374566
0.6845541590855831
-0.40108917167747526
-3.576147252769795
5.067552804556763
-0.2510153487706221
0.45910669428381834
4.180473508285055
-3.510953897777501
-0.4852818972606173
-1.511442769406116
2.3671164725883043
-2.473632760644139
2.182061589904569
-2.42735233007821
-2.781033747848173
-3.0684165121826004
5.240753955745359
-4.390431375150767
-5.397259508911759
12.866762644797538
4.87260203675916
-3.2116225687344704
3.3218300477778975
0.4274213090217755
1.821625270532182
-5.437333798048868
1.9107794646502594
0.745025394240053
-0.48562153807218145
-2.423684970947261
7.771209123962267
1.7205271104762518
-4.6744928864766155
10.279400794025307
-2.5141611497762657
3.290005515536773
