6.4294930105934585
3.755457418966863
7.981063659377035
1.6545684079450895
13.803212685823272
-0.3275686243814022
0.3130400474664493
5.070210107160645
3.4391774801525785
-3.0158684895548156
-2.974235790286345
1.8391497347409045
-1.4819848697301108
-2.0465330671783057
0.9527113273017247
2.8202267852499663
1.3157897394623421
-3.7125397354707195
0.6196275057564788
0.9430283845558434
-0.15955244113117237
2.632138154314135
1.3537224567683053
13.576593575105635
-2.1557883412890195
4.270571228305009
4.961807333425321
1.6064382202917655
3.714767178428917
-1.2534574821526707
6.587062737406603
5.577247719088206
-1.0500968660399248
1.0726982499857844
-0.19780241859798692
4.425484177566034
0.7305075223950952
-3.5813292220315693
-1.0364648977147919
5.6330763424258095
8.443033281577435
3.0070006133135667
-5.0216330496290045
3.0163424770264498
-3.303608993479262
-1.2571632044091814
-3.451347411871749
-3.1486154457311404
4.199327537948585
1.5113450469510115
-2.43255503521221
0.7107739012188866
8.28176877536839
0.4848240875659036
2.7247840016701153
4.627472929726195
1.8117572091096372
0.8992564355406873
2.830208466491926
-4.043116883064808
10.632440182424066
4.397020780036437
1.899032531102205
5.785177975220022
5.437261597893635
-3.033799448362669
2.4853373320945797
-1.6238839650580639
5.1754910142179895
1.1313279467212487
5.851225127148147
0.0254705733482496
-0.6985729907195706
4.774557558336566
-6.084532628407761
4.485166030409443
-0.016302850263545207
11.570065589636364
13.238051001745472
0.3955588365459892
0.770406573740392
0.45528531170616715
-3.0672870415765328
-2.7252411204155513
-2.349639044892408
2.511943415184606
-2.6029132840080678
0.2036771612740459
1.6179643698797013
-2.5800020737397946
-1.1812819173992863
-0.9404282982737351
-3.1302043106673896
-5.577643322107072
-1.6062705501860437
11.010577328432738
1.6052691535378032
-2.910367673185428
-2.525582533335755
2.482273290394291
