-0.9837787319714413
-1.2841532244280582
4.608279145442965
2.929804635594695
0.24338989509160391
4.662839878716515
2.288639894001863
1.9498688349367057
1.8257571012508158
1.8104915425543782
-0.301127843228854
1.956501593337086
-4.907662659055749
0.784260869049298
-4.379511310610907
2.901067966493783
2.2598059349284405
-1.3708940262892186
-1.2287376920727477
1.9516014855878576
5.684135731226258
-2.2326966965348367
0.35022100376764714
7.3551615263183585
-1.2721538041540543
1.715882719066249
0.38287648961266
0.03589289132914489
-0.06843990742016919
3.385594684484876
2.2324477460561902
0.6254414175621447
-2.370834702478237
2.8549636475593236
-4.381105025066349
-3.123454857462449
-2.2634511216214355
8.13166396790916
-4.4257898712444765
-8.430511572712854
-1.8943888583209367
3.239461097403321
-0.17596214227615695
6.204202491877229
-1.065433599383041
2.580081915814123
-0.7992260793951642
0.5213959219519044
0.5168099276679518
-4.815091222615755
-0.29823469744719505
-0.4924953662705137
2.2901671887067283
3.469221991734381
-1.2106021209933029
9.31663011794833
4.327209697687844
-3.150495577878961
-0.617131453324592
-3.427344857920767
5.913539351499945
4.649260330640713
1.4342550172875739
1.9271083018198656
-6.2222477781403445
1.568774422934709
-0.18769472290267047
-0.3091601813081617
-1.6174030096400331
3.955264902140133
2.27184995747575
1.216735817996697
3.6723312334724323
3.7055050342999705
5.307884963919408
-1.700776283424395
1.993532052068036
0.45084754021504203
3.7891180247354312
2.5179382372654286
5.141350442566724
5.336422889150584
-2.801462058102662
9.465140122382314
0.2746178306461552
5.173304460650651
-1.4297994894493846
4.840176134396735
2.8382851282233195
2.490037848216374
10.901269262729446
3.1885545804110813
-1.8287338617092979
4.344979061074547
-1.4794339459851114
8.675916814085943
5.5248712061600145
-4.955559651515224
0.35047708223395513
-2.31830574254678
