0.4761041728698754
1.0872600385853333
-4.486232312217551
-6.786960198113114
0.3358612068336906
2.870539150861208
-7.682762634983419
-0.6432889961855678
5.847512571746993
-1.3051516285297518
-5.020109026927475
10.751438645605392
1.9131459520063825
6.663931470861287
-0.7678785065482576
-3.6947254169164583
-2.1771524685199717
0.11971849981160898
-3.0164312881288717
8.65750898165952
-0.41042461459302193
0.06638054707243568
2.723306130963025
0.3816110974629682
-2.222728718395248
0.9727898055461026
-0.761680771147583
-4.46989840311094
6.237023926248861
-1.365253447567772
2.4733514719374288
1.7668924072278847
0.8622697710330044
-2.2864164747961753
-1.947807098928914
-0.9740698549426963
5.9357684755286355
-1.472146561927762
-0.7273064730207958
-2.076376692871374
1.0946694596558162
14.125667697494645
-2.221540629620427
4.511262815500318
3.7039925514937573
-2.1266515580496
3.908976698641373
-4.547264018696078
0.78845312002766
1.7783729342547479
-3.1916770824791643
2.4359644708610033
7.1450927018639305
-0.2830816706403456
7.385517183857809
3.97803191271688
3.9277142941179024
-1.1014115826661095
-0.2071352731891452
5.44605495183972
3.2831144026427195
5.827829063098648
1.5362778532869779
9.297313487951342
5.040823923777834
1.565675735264087
0.1957183490135193
-1.767801707213056
3.3515093029849705
-6.246781142424297
-4.462791240325216
-1.0909642197655973
1.1458628370077677
5.300782310588351
1.041754753918179
7.931268913636014
-4.462333559914962
4.856866928731995
2.037973370246628
2.0073118351691583
0.42116690027298953
4.901603371658503
2.706404336995178
-5.5604407749373355
-4.876550565009271
2.2783645280844875
-0.9259170354947448
-1.2072995188282283
0.8596411346815203
7.603108191701623
1.7119002613197198
-3.6500202492725298
-1.8709306674074369
-0.6884367478157299
1.9842524969021236
-5.466617738171729
5.955618662604319
-3.347664199188198
-1.3634163214556052
-3.7313644230966494
