2.194022589072635
6.317337420246993
1.7975602832965538
-0.9568850025481792
4.9087418652951715
-4.071471849919888
-6.702165021529941
6.086118951678503
0.4361332319176401
11.540472258317248
0.6180693641030941
-0.9850153165188243
-1.2261407535856987
-6.6847801701024325
0.973664765019453
1.660805369481449
6.413178496758976
9.101555462443457
-2.3066819902481672
3.844417461842484
1.6686839277610548
1.1059889838983996
-4.810981586663492
-3.122458272908598
-4.486825749882639
-2.411727363563017
-1.7549653107525147
4.022387524561522
0.2795005518512347
-3.412663022790834
0.12250826797040368
-0.5677306502435849
5.602135963802381
9.50379316663705
3.1084654334770554
1.015453330540996
-0.902624356171711
0.20238936651582295
-0.6703012499333434
1.5532969030353683
11.006604487457885
5.056214115777704
0.26245325704665273
2.365860766238201
1.185706030016226
0.27337201650228105
0.7795278927568374
0.7815979646663767
0.30446455106307435
0.9270896915197551
-2.617384497635521
-0.927425930260124
5.258124892216303
9.152566947997073
4.705270303254759
-1.808254337901169
-1.766891671629997
-6.219817310771732
2.3507324231347884
-4.226287581611453
-0.0590427727609221
8.49638387528084
4.285065559352446
0.43662387725823226
-1.937932751799261
1.3435425724704824
-1.8554132970200277
-6.8253433546918405
-3.9038440118824242
3.293951380622615
-3.7704583271962244
0.06574599616122836
7.719099548250023
6.346063114342106
-5.992090980592705
4.87036612848409
-1.6225001377324826
-4.081808462418644
5.826631528969064
4.008489110279168
5.8889174055185896
-1.6876876534399092
3.3918774681191213
0.22013528715961614
-1.8163755748690547
-3.3251361658090244
4.59491376191511
-0.044294172974598034
-1.5312867820440321
0.15755881541004912
0.40452257605763425
-0.6944365163461125
-1.7244413238829739
-2.6797868841800048
-1.7005964751303284
-1.5632343714971662
1.01767608042317
5.000011874940338
4.254053150905664
6.512220147860239
