6.493388230816057
-2.2959316708866586
3.005655601121708
-1.265875617705239
2.1276265476890495
1.7298767870381528
3.9017577163993913
1.3753647271806524
2.610340434246795
9.943657754458815
11.011588252256441
8.096720256007208
-1.664382753658144
6.793209607815909
6.664877274744996
0.07972874902504573
-3.221011388657768
4.146913827719345
-0.47237470673561277
-2.1451318581945555
-1.990687031085806
6.704952456751164
4.552886553558586
4.96701912685927
-2.4516339262679656
-2.119662976679764
0.25585835789485095
-3.211252808048777
2.333007119533186
1.6448768077037021
-1.3238373587074797
12.892472950331442
4.367737560609866
-2.755483934164927
4.096098288865588
0.9213563886600887
-0.0037104715803894864
-3.6572142817217808
4.977796556364453
-7.141020741840807
-0.5510891148540855
-1.460964213467383
2.7172613719029277
-6.57793944396208
0.5175480408492199
8.017748272979379
-1.362070044840674
-4.691332633215899
4.140533889859142
-0.7855706140822183
-3.4018149947895564
-3.1969421593180645
2.286799453985346
-4.021713971780811
0.20841595893940093
-1.6671872768586846
3.1694408806386853
4.6240646479065575
6.921117654589531
-2.0143769125468793
-2.600845265228203
9.967917049193879
-1.544788447411554
-4.864463269983005
4.50753594334768
0.9915040671450854
5.124711614967685
-1.9477796711608462
4.429927736594843
3.0981138743913768
-1.0503837423166016
5.438389904517653
1.7195474694311303
4.1319227122279445
4.309696506295802
1.4648294608032821
8.146185865146593
4.603505177150752
-3.276721034453079
2.1122228794404414
-0.7570427476139905
0.2325135547503091
12.373469423731944
0.7708106533608141
1.694744133688085
-0.16830551282500955
4.22608491604473
-0.19114486404499476
0.3370636032199026
-2.210833303259532
-1.0688173104862575
-0.8569056668417678
-0.08003626108942158
10.793456539565385
-3.6277059858408864
7.389099085687174
4.182843840874723
-0.03594313461681466
0.9366230473582411
-1.5775061278220641
