1.943469973802296
5.996096156271743
8.73973613984884
1.2996698979838204
2.3581104473850187
0.6169157185777043
3.7001485455963907
-2.163696805560331
0.986205108891532
8.518044619608633
2.1491758299709725
-2.0653628316816137
-2.250437485816189
3.693206590702759
9.36516497067818
0.5811049769548073
0.9065296350369769
2.118140812480217
-3.1378402631619844
-2.4552994962751864
0.15191387005441673
-1.5977028420392836
2.619798890087553
-0.4583262948893637
-2.4347146833335156
10.41087736947167
-1.5666527752347834
-0.3136226763928838
-6.456010065635633
-2.626278441607629
-2.714064516320887
-2.7979887803364942
12.54512489103588
4.290708322840097
-1.3348937747109462
3.6669913100786733
-3.8268822854823448
3.854119778901998
1.7619694158927044
4.667912200603318
10.208062661771297
-0.5139625996178595
-3.791154374964929
5.762569201030476
-3.7819647118568147
-1.3429002398941838
-0.5243948219646222
-2.42730140804994
-2.4733189353442024
6.857204782263635
2.893364806054657
0.31156434736520405
-0.9276692471422918
3.6255505288827936
3.303152584516045
1.1139791198802187
-2.6127444482294435
-0.7198210498146875
2.487745600598106
2.795029964846824
4.3978782416014655
1.1282989246383464
2.904641842163212
-0.7250891765457694
1.71251242714269
2.491061058035246
4.418028747810305
3.534907811708078
0.9174304785081998
-3.2001504944786987
4.817195412131086
-0.829527552690307
4.016260970027126
3.2308783635979523
-2.01614968606172
-7.103301286124607
-2.1171911691999217
1.0940498770320333
-2.977885382541687
-0.8785112588112861
9.222250960915623
2.358704847003763
-6.367256907875126
5.459661679433251
-7.2658845242389365
-4.318411448034465
1.5404995040894072
5.037345344185659
-5.49143260284928
-0.9717213818918546
0.16060302938350707
5.194829208661082
-0.679347771401325
1.1782879776208066
-2.2542983496604587
1.439448652555072
2.5679327563169028
8.156157268908963
2.403088402147997
-1.7601316545437888
