3.467162258677264
0.06151133244609466
3.984843297065928
-0.24868440740435188
2.616553232756276
3.967063757800714
10.735714055377322
0.5407276181546834
-2.866279888487005
-4.028485646065896
7.266269353628599
1.29709950064859
5.830576428677619
-0.23773612658194787
0.3385766228168877
6.961993674874579
2.013004205429441
1.7499772006408238
5.3892503920956285
-2.1801950077265664
-0.9846777957608162
3.0049936850559273
-1.241704399523135
5.2171161119858755
0.7220904490680192
-3.7052832100429676
-5.343318018644475
0.8415538987998569
6.403645461159098
13.828256254348517
-0.2890707989448879
4.570522122159562
1.5116392399449152
-0.7830008476305745
3.8310177860171026
0.423610503994005
-3.086377838244534
1.2132945129612056
-1.4657274773729794
1.9459854164669572
2.0374168903974583
3.7513913983343734
-2.442297665747246
4.998315193676111
0.4100030778757905
2.941126021872297
-4.938817426102042
-0.8855479111440855
-3.481616618078057
4.505676783483737
4.543081646344678
-0.28893971372553695
4.983626364880761
8.674452882576835
-0.5780857619113124
5.868101559592283
1.2234142600111642
4.043877247430082
6.940260742934088
-5.270977969996303
0.9426977955307358
-1.0317841402017438
2.378567850874132
1.178395336398359
-0.8952154618214635
2.1077796970944056
0.15403290578775852
0.4434203343814672
-0.23450366746848997
1.7534493966761528
2.4225572406706095
-4.398549786544283
0.4479959706805387
2.399743574872228
-1.39239120050335
9.55773147915056
7.283484788331378
-2.350964511213115
2.669382888650012
-0.6461331862903057
-3.223991793644317
0.3717842995980649
2.325928019031055
5.045698711569055
0.8582675879395492
-1.3429236462000247
8.78230018649366
-5.294362055616785
-2.174067825487217
-0.24130879633847468
-0.5944535164631924
5.500560081199074
-1.992667651587949
5.156207326608482
8.743498516729082
4.9416096249849915
-0.7983729444081198
-1.9604533590348938
0.27946192094392275
6.958558436203077
