2.539748316903569
0.1180485420469136
0.13638270307758865
-2.0940614633282983
-1.6489314123877938
7.458314020505373
1.1456508734584747
-2.024323577316178
1.4283276330385821
-4.719374374373056
4.327993232304145
-1.099712540391623
0.8890845077449945
0.019032767350493418
5.7242548127416875
6.366761240380512
2.7705260348223604
2.280522409337861
-2.432799364884908
5.556451085632211
8.915064617286452
1.488788511082359
-0.3119862101921052
-0.11043306082882026
-2.266035943740504
1.089997770109198
-0.7195721303879765
9.656361601963019
7.585644329955002
7.769686532172368
-2.131963740676105
0.1485967788353469
5.411380779612598
1.4862458244933596
0.0865449451785574
-1.378084546807444
2.054750175832525
6.255651382950809
-0.19270113670486871
-1.110646604700284
1.6673416158499856
-0.14770266868844573
0.17238090219943175
-4.165620996861562
-1.8686357986145925
-6.407196916369663
-1.0476490138368049
5.705218038442639
2.4408794146892197
5.264732342872167
-0.26240548387439244
3.7951314349140777
-0.6307110809904366
-0.01547236449199763
-1.390667056475105
-0.9177124753245749
-4.6299302288819115
-2.332482391582583
12.291073634174168
0.687042677385281
-0.4700528988377765
-4.700240846319367
-0.7177428594618636
-4.668357642381326
-1.4009272450725623
0.981413227373461
0.30094039613296614
-7.1317150462509105
3.4740494280310923
0.49461333674840646
-2.8524695216543794
1.6289656900647134
-5.907193291309952
-3.3763386478438737
2.29350867838116
-0.6870327307821891
6.899669098028074
-0.9302502063575486
0.05639574821591246
-0.946804421065864
0.16027291643075792
-0.7936277982330107
-1.219404068048681
-2.0254068348951884
1.4615023074462168
5.613619976097603
-0.0748647031708514
9.782282676367887
3.6182726662326936
0.45890392154114235
-3.0972003745696197
2.1117750355821885
9.34764529835992
5.638857598137131
2.9941329367089082
3.5960755644460844
-2.838629729453785
1.2317706546282317
-1.1331523840140305
1.295513181108655
