-1.6159971970541844
-5.439553113413885
5.56594933230074
2.9445608529441003
4.145856620409205
-4.32689251832541
3.5689113397450027
1.3384664510052091
-2.807210806495073
1.3180215641170574
-1.6852934899148473
-4.416143268185284
3.7563452403778466
6.190721636182587
-0.9928321925205768
0.8248049547744245
0.5834820599958357
0.9006816390674973
-2.961180610295881
6.2674887136549104
1.2326935785522142
-3.217823932060421
-3.1932560179769824
3.1107552374869916
-0.671148093529284
0.3404096322140456
1.5956361839793907
-3.2048695608508257
4.191741845529485
0.1902481320940162
1.5261867900847121
5.483837848355022
1.7979262309080153
5.810016848325394
0.12476081410744581
1.486521479427972
3.8824506660821987
1.284521156388358
0.476320200373391
0.1826119133986337
2.268214053558414
-2.693535076379784
-4.130686653695905
-0.7693914679261151
3.024084428508514
2.629371486712175
7.416947585613309
0.4959813603835246
-4.15387357592061
4.979968154700461
-2.752565107742874
3.487703347939032
-0.051234355775137796
-2.674213722222383
3.905581304144408
1.6702349351486343
1.843576607577721
-7.419806305050822
3.2712556716408283
1.216905014977575
3.8028622974115898
-3.0013235359168595
3.60328743426868
-1.9108011371586986
-2.9685183684130028
-2.42835859317111
3.890106015457743
11.609466106366714
-1.8209615502177379
4.487184964749654
2.221519525182526
-1.8505685381583048
-0.11802743864417056
3.560630109937945
1.768706402101301
-1.5204761513904907
12.046546334182464
1.0089968495977337
0.21087640049186734
14.044442160203538
3.1989018173902632
4.3139602031483495
2.13924012540651
-3.6382706288490922
1.6775404009292076
2.7084152893518425
2.3534131540754686
3.822783597680554
1.6875869273824846
2.31731764452802
0.9141496439557585
2.8436574833567256
-2.4523036236836186
-3.6671790831499873
-1.5245086067532794
-1.462634633342432
2.154854609290262
3.0212425136792382
-3.409666282913097
6.644165716130709
