2.8629654505269126
0.5279083354979353
7.216268148931648
-6.479217800376493
0.5509008376829932
5.40299317013055
6.296665186678622
3.3747658107531784
-1.8500364965398537
1.0298440148037704
-3.632933309235753
-2.202445107895825
1.5740824820008845
-3.7229779720115723
-2.0427400606037205
-0.5060451149669318
4.526352647722348
-4.748687100713628
-1.623766553749943
-2.002994234302634
2.7436148556746103
3.497055926329965
-2.279517299940188
-4.390148848115295
-0.4218287104060266
-6.334912932387974
0.05088375077212151
5.881715972340611
-2.984839324973713
5.642917882161804
-1.4114462997157415
0.4229901777212406
2.5750203171638955
-2.212171847465253
-2.341888572578012
2.877123823476379
3.1573587861770602
-2.5977580069645048
11.023234604275801
6.917513176016861
-1.8860287916925442
7.014497818652165
4.24324154382025
-3.0245682503909856
1.7779167179876074
4.0641599912269415
12.16643864296477
2.314730620053097
-4.635927304000708
-4.892332222062958
-1.233619820799573
-0.08413127132027094
-1.9058569768896914
8.11345914420356
-1.0680006075025095
-2.507044474378554
1.3742119729435416
-4.374263725069174
0.47519220249660066
4.1785671746518345
-2.541424592096079
-2.8625596123502755
-1.5258156522713229
-0.6720603477429734
-1.144793194498068
-0.7064962309644905
0.5513299166254271
-1.0086722696392025
3.7962360913717674
0.6014211265353532
1.2476605487118961
2.982468683218269
-1.5646398949263267
-6.186880834764555
1.1173359103117115
1.8468268759811777
-2.63691427222781
-5.915334062375081
-1.6665006379044827
-3.163471894127135
1.4258667248893049
2.870259172648934
-1.189395354473751
-2.0640665900996065
-2.034742425150215
2.740215453122613
7.754529647043813
3.885478592319301
-1.6537346660517183
2.394238348130068
-0.5532355100261326
-0.6590664141282354
5.703396858209805
4.725402332308391
3.6277413560597362
1.3468149333820745
-8.04183817431165
4.9941331892651935
0.5843375391115142
-0.3021853736020802
