5.426199824189126
3.3468579201870075
1.1414537227295765
1.281951238019015
1.688535697185725
-1.1012148005615032
3.3070281826503214
0.6805431838198182
-1.9000725503554867
-3.9108601521632926
-1.891166932367061
0.6903060018434791
2.7583325454797745
4.40731380406691
-2.345701617367709
1.4869302493121739
4.611758368802754
2.0183566053115487
-4.9110826241873085
0.2305789387921816
3.6045465149025717
1.426079271437923
-0.6362460409308142
-6.911634235847689
3.938560441323756
-0.1267808963387136
4.4593704180982545
-0.3891257306414134
7.389491350599398
1.3088481087304542
-2.615204753933392
-1.0846351614734029
-0.5244898265135033
14.39517365261283
-3.0457641393981048
-4.546847120353375
-6.642698691832357
-8.529195501306305
4.92462447876299
-0.9543609825958301
-1.264999141474993
0.8464509541034917
0.15723122257488656
-0.5013073835159881
1.0606914347103267
-0.9244244940858943
-0.20696950497402136
-0.780317744695423
-1.031323519847441
3.060561976220745
14.736656858807267
0.03616258956791511
2.35049658094969
4.0677992911082335
1.8942629775581659
3.872018244309296
-9.013911648184422
5.219722673992193
0.148970289692738
2.7279308624738174
6.159240964563653
1.1766232049700767
0.4450971833446231
-2.411081502793043
3.6750887665055254
2.0669501192313007
2.960116519501458
3.670492595905987
2.025169580018943
2.175805706134726
3.1479726658557077
-1.4147890338633948
-1.402972020491525
-0.47113681549346964
2.7519075910073436
-0.5718368849873113
4.188813044834016
-0.6024780188851091
-0.6659207253166303
0.38687299820170806
2.696651668695696
-1.5217770904407273
2.5203564038331154
5.032501281327841
3.4239095264388744
4.432099071215322
-3.553015501404002
8.650963446622105
7.925359888206502
1.3929599071789287
1.1799359327968926
-2.5082150456409043
2.270155729817865
-1.2180878080188613
-1.4739543041286982
0.522918131408671
3.0176627977204005
2.5361533127270484
-0.8960593444594944
2.6114769733043097
