-0.20048337501917965
-0.9531965213230584
-3.278648895853004
0.06579694386850649
5.311703654471262
3.9653689126872864
-4.637417537677172
2.729631290975882
-6.205454394538186
-0.29581268976616426
2.3210664767369726
0.6910955347291778
0.04731352718965562
1.3190438821286132
-2.7337605218646823
-2.5663185164194653
-4.227730784022995
10.286252269961688
-4.5630739249684344
-1.3384910851668914
0.3122530595583921
-1.4953140602161223
5.9024319021881695
-1.8757352070143676
-0.8013837209084532
4.507052286709936
4.674067605672712
2.030523199864434
-3.3140652879558123
6.383243134232703
0.3378071276248772
-2.5617430494727125
5.03201957017461
-0.4229440716829028
0.7867814008820052
-3.8272697919289733
2.3331209853084074
-1.7529586846779066
0.7456993842446691
0.24843319970640831
-2.51762682229042
0.7252745451187094
-1.267129721755193
6.845484884206624
-2.962355015237235
8.986292520745087
3.51247894335559
-0.2833520442349153
4.640410068233341
-3.785560526398439
8.198518264744166
4.261451950841019
-0.9141258569052871
0.0106303976892002
-0.4841627049612067
2.0908060619418616
-0.8584422160129586
13.815045528166749
-5.7391238079748055
-0.25264316994727765
2.6295124762063478
2.44208875051718
-3.749303409747342
3.6127258706172487
-0.08944940214522688
1.851787827169702
1.904066918705007
1.6410113369694583
8.902112838860614
1.500688179174319
-0.3451272189005765
-1.6978883323388716
7.102775151706813
-4.331986441300025
3.125121401719891
1.7599462881469734
-1.15271125323306
1.6362495660836824
3.780078520386816
-0.7431430081186856
5.7025821402622245
4.379450807061461
-6.564679139903925
-0.5582198911169618
-2.6683128005578363
0.27658668883142673
-1.9039391070365062
-0.726795881501319
-1.9151022414374252
-5.401153875444345
4.295511989544773
-2.672609214750932
0.8456624669302063
-3.1011250415621587
-1.329340334535869
-0.8147007745775117
2.738366571631897
0.4262798440224229
-3.1385666747961736
0.472803780110524
