-6.063237958907845
2.454729737754301
6.827535591752742
-1.4763004119219891
6.447932198948786
-3.7215565692363763
8.212827012027496
-2.087923839965239
4.285571446139936
-2.9963938268893875
6.745900592473772
2.7396448401695364
2.6572182778461686
-4.739973806556917
2.5160012029987406
1.7765242150034293
3.122699783435237
0.5852866558149035
-2.881161584549207
-0.9243412887582816
-3.5157857438127955
2.66058515062664
10.151808504882236
0.19011776746398168
0.6484695838385713
1.1842769418671422
9.506533676740089
4.969382058200064
-2.1828159080307916
-0.9266040469661754
3.030466514026022
-3.0538393758331024
-2.161782796447343
8.858282777542874
-2.0150435467463974
1.1787934242409446
3.735989655050422
-1.0447690792783995
-1.0223566600782328
-0.6710430641379352
5.009700051892546
5.042153430556017
2.5394895984933115
7.115682932021587
-2.242102957632156
-2.6057398030708026
0.7531976503651605
-3.7754477415961523
-0.8617952526820426
0.06326038369470362
-0.358787238523168
-2.562429509776072
-2.8397439342020423
-2.360357899565268
-5.827917164660932
-2.1703694008117713
-3.901024574968681
4.389934077481179
3.224360452679802
2.432853680556548
11.8688313043465
-0.4704386615662438
2.294944382742702
0.9346985741469316
5.721563670881751
1.1171119292402523
-0.29259107107057264
-0.5754361814963628
8.982232664435212
-3.930749466956616
1.8218884125343018
3.67385817564441
7.247468661588427
-3.191783662491712
2.7007422538822765
1.5425751364353681
0.4854957223287841
0.6420166859116605
-2.214845995413045
-0.8891997696816472
2.19954396997996
-0.8128213375211104
7.0287227136100086
6.22087438672487
-3.2176838701169057
1.9574290181890062
-3.018087771422841
3.3286627269152165
0.47030860223997784
-0.7860640909022477
-3.030393834813318
-0.652083177381865
8.67494504977246
-0.03801599346717616
-5.131149891481642
1.516601160626521
-0.582979176697402
-2.0216911946973375
-3.110315128123535
-3.497158209306726
