-3.8818029138614376
0.7398495252539365
-1.0249609728103135
-2.017732969232391
-2.366649085917317
-3.0404368355039546
1.1551085972240378
2.108816006132644
-4.125707276911659
1.2477868600305704
-0.5651800948619823
-1.6373464132677114
3.1521581966739856
-0.3410499660787719
0.7056227585564573
-5.004074558964899
1.8238332092390985
3.1575572511523315
-0.22366319213411584
6.005052878757339
2.294682492029537
6.948898298004286
11.675425913501844
6.471058647025724
-6.081814671413578
1.465580104878137
-2.5843008695148493
-0.7480261121213965
5.098843169696616
1.2008454267547304
6.009921324247826
-2.6457038702070053
-1.6267657883661486
5.725686744243076
8.048311028843488
0.335638835956298
-2.088733416416927
3.5152452032906405
7.480212704928128
0.8674596828534693
5.931428994540957
1.180118512210159
2.9430878001388314
-4.380744260581859
0.5006143106804699
-6.86796942083344
0.3708533390903618
-0.5096258649694317
-0.23259885553030052
-1.9432396752429484
-2.6433443403893278
1.7157902304668182
3.763363131536301
-2.973984086704406
-1.1213131041021973
2.230221183316281
-3.993342621956523
-5.240960751623538
-0.1953964318929096
10.382548062427395
0.36352336700465704
8.604168748057196
-1.6744245865818717
-2.0604931730979734
2.4576612155293924
10.454976300716442
1.073166896280735
1.5084695788355382
-0.8449483414235497
0.4878270300848688
-1.036297368881832
4.523374183064762
1.0670600286011687
-1.4339103930277908
1.402524421058034
-3.9807057383536035
-0.15188249992943498
-2.763151241992099
3.223408907851905
-2.1631306160464367
2.6505487442307487
5.072167734760953
8.079161901319793
-4.226059177989969
0.9694620667698238
10.302107443827689
0.9067966273823644
-4.971261609684383
-1.986302519060529
-0.9990500563281204
0.007854467518779717
-2.291771667632996
-3.5096526949175475
-1.0809344127904357
3.097327269983017
1.1281457120746348
0.3621234975154064
2.3413105936903955
0.15966950418987333
-0.5350188865752223
