4.646950053423368
1.0776970383761841
2.0527822617100497
-6.452674878887069
2.6669371154897217
-0.3165274738159328
2.121611443347942
3.0640872832519057
8.057073456695674
0.052010704935026075
0.0210198458267118
3.544780980598369
-0.11327151491989096
9.061412208372959
0.6336076784388813
-2.09417679927774
2.231786375721647
2.6790222235269896
4.396507698900978
3.396526900189882
3.0089765814988603
-2.643050393308366
2.8420927244139875
3.7435482368653927
1.080120181631746
3.5296035415861136
1.2302497284037148
-4.958031069846655
-0.41503256234575414
-1.8822179946381299
-2.683522423475371
-3.0354900738243007
-0.015684979816249705
-1.2273422241516334
-7.3535935631548615
-0.9590958131425822
-5.063757040990175
2.4367319107392467
0.04799153244775903
0.6537946724043423
1.1425596594565888
-5.485413237151053
0.16771364665320432
3.9749095490576067
2.358619887298757
9.942913600410005
-0.8627758647973645
4.942094540914827
1.0078496302410742
5.589411530167148
0.6429316565155103
-2.0854054676798337
0.7721989729867524
5.773562068971411
13.861865125139216
2.1000652828288033
4.653364113143997
1.3178115882657209
-2.1231306438579485
1.0340976990974895
-0.7309306395632759
2.931894846644415
-1.050199444837028
2.3881206202173355
6.6934566815529815
-3.6924049038613966
-0.6478391031459322
2.762498262987694
10.337905344493247
-1.4314981059680973
2.762389078487826
5.89051150053135
-0.7254332961361865
1.390482548493824
-3.983116135416916
1.0111638443280402
3.4401884163911007
-5.625096005956502
2.1259911505236855
3.747654199786279
0.14410115255220324
6.283908701454411
0.7962619357002391
12.201236510097875
1.5942973863561773
0.5299431840726474
0.11213744578165799
-1.8460610041180665
-3.0347154650060943
0.5455792388538526
-4.071123469387344
3.2914981289133394
0.47490256869899283
7.814946438853637
-3.3051138282802732
-2.373605935662838
6.977169205554684
-0.7371529500387904
-1.2881915303639824
-2.3404012434685653
