1.154944919023799
-0.5741903103210054
-4.923125682772311
-3.1318609153925263
-0.5335427881419744
0.6619395864812958
-5.300445791512055
-0.21959073612895635
0.5203841770708973
7.284893112491849
-0.8058384838209555
6.219591439959545
-1.3770806287737662
9.841922597622569
4.976726212481807
1.9379144149031964
-7.4523697449272275
-3.699729873005589
-0.482412772271176
-3.031114027318524
-2.482903295992476
-6.3307043291537255
5.8438623460521
0.3145257292483026
-0.797511404976512
-4.163927310974386
-2.519924636654241
1.901825604165375
1.557290485216308
11.092983289333363
-1.3462316939796937
3.824831611783626
0.12789000015452356
2.3031307753567813
-4.459909728670819
3.988172412675832
-7.556421753357142
-2.3091166975249338
6.466029424928321
-0.45844793792432376
3.6382328176155028
3.567652864919631
3.504577661846259
1.049232722534802
4.174897734070199
0.8348303564005339
-0.37585009108961853
4.989285403725658
-2.968738545385456
2.1277272497850594
0.5397807184495002
-0.278075154649727
-1.9606348171642733
4.147610580704458
0.6585587673343063
1.9889222137766343
1.8489405704082384
-0.7914535451130399
-2.3181044647598195
2.1597672187682657
5.7808204016622815
-1.4636931761601453
1.1436977439514164
3.0143736834440578
-0.9124252298793627
0.2883696523033264
-5.732575790820877
0.03864135823052621
0.7599248205266456
3.6269441955985826
-1.546498723210493
-4.3591983162697066
0.9694116903463041
-3.9867099286590726
0.7725225308199388
10.616629334373794
1.3940524569466204
0.023304578235963103
-4.873932198494047
-1.2563263489093728
2.936728452054284
0.3519331910843013
-2.44808529167537
0.6381686398797628
-0.3305499925336588
-3.0822438071586036
-7.556724026005558
1.8820232347667094
-6.5710757102790005
0.1598101917452781
12.457011172935694
3.386592354819789
3.739602464589871
-0.22258325777394417
0.2924890794395916
-1.0693531221331576
-6.446724595729339
-0.047281320531952296
5.357291264948058
-2.2219482407419964
