-4.656281936739964
2.535768827351106
-2.766519694784752
1.7837667256057075
7.296203712779416
4.34601759681973
0.2516165318218444
3.3127378098830595
-2.1182830733060323
1.670253368890738
1.6696439646884254
3.6852676774608737
1.5509706665936003
4.9887921926556995
3.946023980248862
-1.2285606113341143
-1.9546030133758365
2.320588771760888
-0.6930710229777708
2.9084123417330985
0.5980301848386871
-2.392272923596418
8.465661922122083
1.1624370465080975
4.301674270679291
5.127389848865958
2.1708272492020493
4.601824710964639
7.9797328973863495
1.1106113952946006
1.848687043090119
0.46812489196544477
1.0733128578235194
-3.103389476418915
0.2960886592062293
4.449967720714898
-0.8581281702124257
1.4483619408134565
3.9233725609169205
-1.5369051819369095
4.206212654451859
-5.357337057511446
8.99724025569689
0.281625817325474
5.110028465963546
6.171789825730731
-8.95260819011248
-1.5196638918397314
4.659256306665029
-0.8501827038714026
-0.45916651077251813
7.069748835156655
-4.288103523625663
1.2961805677239526
0.5305257184360492
3.3744283503504304
9.216180567954645
-4.032748845920828
-4.030465579772439
6.673360633736338
-0.2212789682558806
-4.481669117094238
-0.48413560184242793
2.638754435866127
-1.9346713885235607
-0.8415272572538728
0.749760240485529
4.006646745476897
1.4298182951392757
7.0364607033444955
0.115764758485005
0.6740535179277087
2.829953629010147
-5.5750820960766445
0.9668552638748507
-2.3250027686256587
1.4702594065942756
3.3260802255922846
6.0476265067593555
8.815186619448564
-1.2904204188281962
1.8654767751609307
-3.1481887077905197
2.497137070399158
0.42902713177950424
1.6787600273703651
9.25631876049512
-1.5931913848123234
1.5459433527036344
-3.13206634696024
0.7465119703113337
-0.7574367498206989
-5.758644733193446
-5.943139091228046
4.4995895959276435
4.021515274909852
-2.2143651890298717
-3.5491227314790255
2.954213889452177
0.5533782390991763
