-2.4885023730916718
1.242486280689811
-0.39196706421585503
1.1562225835416329
2.129750435666719
-0.5252519842368144
-1.39794234251146
7.595919687655594
-2.7731664118927393
0.8942532077739485
0.522904241070222
2.155550745295643
8.444975641254745
-3.826224115944467
-3.1459265496334923
0.1629258812631946
1.0542015467597028
-0.7605743509901375
11.275946062245247
2.233935592728768
9.994036582561694
-1.9573904350325875
-2.066958349890092
6.498166338215511
1.57589468996497
3.3392692984384107
4.640269151172132
0.5827152304671464
-3.029301778389874
10.942268007812244
9.70246298813996
3.224904712884361
-0.9295428370933725
-1.495811039895563
5.279903938864791
-1.2082911322005188
-3.2328915882667877
-3.8606078793118215
-0.49011384377981126
0.34407101176452415
0.14288940151052615
1.6391765422461244
-2.1357605728697706
2.68546994220034
10.917206197265743
2.329769410729145
-0.9835296015930857
-0.7799461711372733
0.21993217496853512
-0.9807448703679075
9.167648562590752
4.672490678843648
-1.481937628401548
2.5616844451546417
-1.2761307363034535
-2.260247727631143
0.582577825795796
-4.569787420245379
-2.0219940898157667
-2.990595351959529
-3.3196450159164215
-6.000491715664508
3.307869244235163
-1.432429531376314
-1.6873163138793492
-4.860423533928643
-1.2443274582238342
10.208578151724858
-1.0741403704208912
-2.294074045592188
-1.0541511868898645
-0.9013282439397939
8.94349849318813
3.1809339314178517
3.988106562718536
6.8545689149478575
5.145625945128402
2.537014725069275
2.8035755733902925
2.9186629275534632
-5.667499761395459
1.326958824207546
4.996811980266486
-0.6327639561590838
1.672738356157976
1.105691083048962
-0.6030848984246466
1.673863244453626
0.9652256424206016
0.7400151088453497
3.8154501128269995
-1.0083033897051303
7.161987587215002
2.680074411766721
-5.755232211404247
6.416930138360616
0.7387119045572934
10.176997063059426
1.9846987404497525
-3.353040412287708
