1.796467923851195
0.6078786026655147
-0.24414922354915214
1.8755188240891938
-1.090888969449706
-3.1607897971585066
2.7718722346554285
-0.05398916220086025
-1.1606748692879323
7.045007115633334
1.487818190536106
-4.7514773488028155
3.5236003553123485
0.8536987177552259
-4.982493009526927
-1.7541072680641916
-1.5904789414971363
1.1849323805147993
3.900980707506574
3.9771823118872627
2.5155268314774735
2.2367963317763415
-2.1808451489983476
6.271180228573682
6.882625973226705
0.18788120283775256
-2.208634180845204
-1.1480205468612148
-6.256477556178181
3.840142154609781
-0.9949957606552398
3.5508051304071104
0.18245191199923
-7.745791491550837
-4.391079461292685
9.3323726229431
0.43811860332773644
-1.8339322445902368
-8.4730864549562
5.971010845407387
-2.7974006209621827
4.790320052441703
-3.5735946106317913
2.3884380698116097
1.2155432107973265
0.020784400908593695
6.10992696922578
-0.42255736916459385
1.4723174371164394
-4.623724962827868
3.1023562136439216
2.7067689014161864
3.270237024582818
-1.5605340289669085
4.519782916368578
12.143837835444621
1.7913436430952336
-2.4948218279969128
2.0305528632391625
-2.5627054658935435
-0.6888932865039948
0.6512161878190899
1.76147654224172
-2.381279194547089
7.566143693525909
-0.21323318471911584
2.496531085659146
3.4678949663296588
-2.2905982341892144
1.0557494847818096
2.323103654943422
2.2187734766118252
-3.7282053971276037
-2.8378765017494123
1.4361586890423395
-1.5914195480651916
-1.6885061165135147
5.579788245436481
-1.4230325311215641
-1.342681711502446
5.142223064763956
8.104285783173324
-5.09797821672562
-1.8376828810301054
-3.20576234617218
1.0679524517012302
9.132832198464135
1.9561634018775274
-0.6694109683227711
5.6679089067488295
3.423650166141225
3.013714580237936
0.6053238908816229
2.584163135918781
4.505500590761883
-1.9156049214348236
5.597682016031889
-2.0838938464130137
1.390017922000969
4.781967557414372
