6.9916526119240725
1.1611001002869976
-7.0052537653389315
7.722601661601775
-0.007804830591854045
9.99279172506332
10.508124863297525
-6.390911374640623
0.11919177317866299
0.26553779903067776
-1.0176209398348561
-2.645774995729379
-1.0697791733199684
-2.784907096967312
-0.7676388837667112
1.433719504539269
9.694677690282006
0.19193187425498615
2.7860825289737026
7.204884260986132
-0.9690405547423562
-2.1700401621044714
2.451383729491626
1.41008753726735
-3.1522535801283493
-3.2616622474468375
2.7623327310180934
1.3396565134710015
1.0527186317655728
10.495432854034654
-1.7041821409150526
0.6293329332972074
-0.6414086712455472
-4.512997576972252
4.501660497794708
-3.669607049825408
1.3639871205484408
-3.6859731947417513
-1.1476158859297363
14.629739484674886
5.395015111710049
-1.171570759080203
-1.760193288292288
-2.808397852485994
-3.5770380500303296
5.582579835308845
0.6130490084840877
-0.8866267173872178
-1.1922596029220562
-2.638584549126708
-1.866885266724371
-1.871055203763481
0.06974665665295363
4.793914734390628
-1.8024257298876005
-0.22128325083759054
6.3944365461958474
-0.12923904885908538
1.1249462921708169
-2.6452217482355254
4.2511192621500395
-2.826604813701721
8.692139666178093
1.2773251886483115
-10.029267964755427
9.965987165955061
-0.5437079868644543
2.1381461015801735
4.377919594954549
-1.1174378126249955
10.049236462170864
-3.0307855914755844
2.233080994817442
0.9737276440878591
-4.949252457334431
1.207458619864214
-1.6408946998252567
-2.731275232013836
-0.27023668780424537
-4.832464691841308
0.51063907194405
5.025848205788029
-1.1943946042357703
-5.169714906429958
-1.8319786713356963
2.6492741640453703
3.3879084473657315
-0.16344858707231757
1.2424785115730135
-2.2395699426505113
0.8646449132515076
-2.2085375516407604
10.500815988177642
2.5719678225513976
6.062256134826518
-1.822490597049335
7.027342410618424
4.955953232189895
3.4484308817933647
4.806106339169948
