1.2118185379343178
2.5675905332976163
0.8656775389828033
0.9458364856710597
5.408189303427427
4.728478047065487
0.7045164507364986
-1.8026154993187185
1.0976571984792978
12.004409602436466
0.9932224135772514
-4.123060066296679
3.2914388447758984
-1.640345091032559
-4.71945685875139
3.9010593751203126
4.168646142393452
0.016953371291711632
8.925116651950168
-2.1558051400463274
-2.971792195208903
-3.4935323319120988
-2.3430933675278656
4.079819154087632
1.1171824722024184
-2.9469119323000097
4.083225094036467
1.9884854595552768
8.037289788680146
-0.13096590179810919
-1.0537180290679207
-0.8602124830987982
-1.1736285393456458
4.585909986037877
2.6818233613812748
-2.5203832367914965
0.36277385374584803
9.944663749159057
1.1305352152311214
-0.8895243217715567
3.3542828327165912
-1.1860824334153455
5.621462344846693
-2.6035291272692307
-0.007113786909513135
2.1445609510439114
4.0360826757514054
10.487350230067833
10.35435604915353
2.391184497597112
-1.2275288838180498
0.31017957545668184
2.57312730173602
-1.2630240850768129
0.8348559579820377
-1.959783174630203
-1.8426506871896724
-6.102370522095553
-0.8259914043180276
5.192386069503909
-3.4307927738055057
-1.53441247119579
-1.6222681124915792
0.279609260637543
1.713342443708198
-0.9892805565215386
0.06659710591033707
11.290709519636502
6.6413308400083295
-7.157604589047173
-2.258387146312738
0.5999594601577729
-1.212070934284718
3.4739404130489384
2.467926986544053
1.0007638551178937
-1.0131962539144448
-0.5471367282143373
-2.710556577535932
9.903656847936668
-4.58744664408462
5.4272639958583335
2.9202636172067096
5.010653018688546
-3.036381696932815
-1.190975032687187
-0.7492191348858143
-4.427766243982651
9.359998441333774
0.08125690745798202
0.7141028977325118
3.3465241543583275
0.5192667476937065
8.728623503510919
-3.12391850416147
1.8849853894176127
3.71584506356783
0.4122893106111384
2.726553738741082
-2.377549278412532
