1.4597800080786634
0.3593167066905052
6.339752113761211
-6.565356257766685
-2.7932929440817458
2.068743375222988
2.0775386323932703
2.807033873078093
5.1677113237492724
-2.425158266107678
0.2741330646676487
0.15418367544080264
-2.1785596167897547
-1.0987442898670543
3.9812240643406867
0.6123934432314808
5.772910658137288
2.1661190675465782
3.355406288672714
-0.9252362141198679
-0.15434530347727182
8.406200227099697
8.205048514989336
2.461615850277969
-2.533748411815547
-0.7715685299827322
-1.7410405034430112
6.564351058074459
2.7704054637528426
-3.6269793258034015
9.59941916916527
12.186963388376757
-2.7653370722655097
1.3214270034363844
-0.1092102210545004
-1.4730113181040132
-0.40035217240847415
-7.986454958207471
-0.9821369889400273
1.2093359893949827
13.478936021016763
2.2202198856929045
4.186063111602383
2.392095598560279
-3.488129748650374
-0.7725677968620939
2.684074376877888
0.9346779568135585
-1.7789118290220391
-2.5683801668786908
-0.4873625116061554
-1.990664811210605
1.9418568867831363
4.381839943232607
0.6896235264302615
3.601002538334371
-2.205437673037151
0.24181551641175308
-0.26934994605581797
8.6316080501061
-0.4931838673214478
-5.768064508315088
2.3070961127072978
-0.5082631705150976
10.368140251535753
8.486036044449248
2.771565155673076
3.9373141760301786
0.2044473417139288
-6.503067092131687
2.8449869068879967
-1.6629017945181201
5.139173282025332
2.2592869551222736
-2.077021816110138
9.984507701674506
-0.6355650795503766
-0.35592655094750747
-5.290082328487517
-5.940233099567487
0.3746983992846185
2.389885743284021
-0.7181826037852201
0.1250528001493526
-3.069500372648284
-0.3385657479553047
13.871226914334919
4.711002209199806
3.894662149792693
5.248564232347848
-0.16968214233341344
-1.4070455611282264
-3.2423087263947314
3.915366967820459
-2.3512960109216747
-3.249878878167368
-2.113185129117901
2.676968742973295
2.176700362583116
-1.4411682487280404
