4.9978129020346165
1.0061928119008605
-0.5181061374895592
2.8164651079817387
1.7583059728746744
-0.9358247105425306
-0.8418042737307635
14.485166005686025
1.1416537617414075
5.227020568681196
-4.506023250485506
5.667109220805938
-0.5702825907086211
3.4926397819740522
5.723860636385474
4.389303052648352
5.703429039184728
-0.09067201883285131
0.20754358537357442
3.5805642662758554
2.9417898634429784
9.148539552396633
5.660289577952952
-0.42108492453379537
-3.1645621892569915
3.082338442133261
0.6164524711906014
-0.7978873864114787
6.184864975882955
-1.2155215768631433
-3.0229123666152353
7.136916629491839
-1.891289995676896
-1.0254173890615672
-3.419626608027851
6.207040951578406
-0.08152709507616418
1.149428234296264
-3.6315975014633244
8.541032548628303
-5.6797054717188065
9.106052937540538
2.6409807933417313
-3.281503055721432
-6.246396201933453
6.5876009876967805
-2.9504116470312405
1.7699412342349978
-0.5289658408793627
-2.756625630110343
6.395022946549741
-0.9432168254827689
3.892625100698785
-0.02288903815174543
-2.524212133645927
6.24197989872814
3.620128895030779
-1.736767181789724
6.198306161350722
0.31334702060935293
3.360006415686432
-2.6979822664994444
-1.7164306881751519
-4.042468630844326
-0.14340858536289902
1.3345492110853947
4.679818814591118
0.7109967399388657
2.263803523591648
-0.003508813279744916
8.216788363379983
2.0936419646035116
8.942396491673057
1.133164526918629
-2.7585199777373512
0.8758791309202535
0.7460225314235684
0.013396861349935127
1.9256795983267407
3.934632883885346
-2.8548485573273905
9.3414027396219
-0.5640006550752967
0.9510903495590358
5.315366046506794
-3.488704498353025
-7.482708799782378
1.168487499493838
-0.3582629208286825
3.570642348180651
7.268616322373594
-0.5783703862422332
2.542525300930933
0.16491992867831362
-4.442663709901752
-5.819804861436837
2.7733285900416407
5.166776363926093
-0.3577228706096065
-1.4928221581904269
