-5.353425296479192
-2.7108518254924427
3.2554007786656456
-1.5387161804658533
4.188059701018417
-1.121048127545254
0.05770393861192767
-2.8647666132099894
6.884858255973749
0.945710046217388
0.1448443891972066
-3.4487287916665488
3.621250823262316
-0.5067886613881459
-2.3788309411779935
-3.9573044728820292
-1.7890406490646478
-0.07435510564144274
6.862210295460132
-2.3938509871913816
-0.9071376816521362
-2.834433001690531
-7.585764272074789
0.7811246467053312
5.0457901050390275
6.436772193408279
-1.20656951886442
8.398928597917639
-3.6540939935975545
2.7105704736966656
-3.3791750365682427
-0.02400692218756268
-1.0831861814621808
1.3760296231886606
2.7447417689304148
1.5411383019608744
4.785040677038122
2.5433414526790257
-2.579652824902701
-2.5921513241266783
5.013597093043947
0.4240914494236483
5.797270524980633
-2.742533948848325
2.985278191565715
3.275610463865627
1.977958918607436
3.0791942017608465
-0.25474609759674727
-0.11718295730512865
3.0196427163550563
-5.021020057257113
-2.2285291167621715
0.2651691071122567
1.3839294675398803
14.488320073810126
-0.11994956496593182
6.0766926481863415
-0.05782109250149042
5.4710734010317
-1.3538735908523138
-5.2912870824321665
-2.577500615658219
4.579603666058219
0.819520695181232
1.6136221241204998
-0.7598959453784728
-0.5014362215127743
3.6500537659053656
0.010195170558799265
-0.1778090464853728
-3.8282447941346462
-2.6491204127232524
-0.5749193671178616
-0.26874319940389557
-0.5698398915924908
-1.2387324100522126
8.66793583049791
6.40181801380603
-2.1472988550888212
0.03213762968527624
0.23907592886067625
-1.0218273091397514
0.43623715102733407
-0.3791502513992388
13.612800337063039
-1.4923028770742692
-0.43986509151944647
-3.3082831936872408
-1.158800352026652
0.7081479728764394
3.328247027270131
-3.29347548583761
-1.367499070759499
7.768506976812702
-0.5262247065564635
-0.4662651074419069
-1.0026137667688988
2.4086714592591756
5.996732249733984
