5.916524443191361
-0.019135843119366086
-0.44283886556433155
-1.7298590014746895
3.8831907113977016
1.6388084959788336
-0.0007496607009974832
0.49524445458366173
6.280236617112611
8.702284473776746
1.9325370592276014
-0.20045274120957898
2.333897635457677
-2.7100453201321204
1.9891885610248585
-0.35228647692507553
4.0910680571892355
0.38704271876725627
8.807894786049589
5.1093716843621175
2.1739318957070095
-1.174566196561159
-0.15948126364211318
2.148402073442327
-0.537938605212962
-0.9961621483004965
1.7477815806033028
0.15301478895807627
1.2692738947356101
-3.614280362252369
-0.4388258555648754
2.478728165427871
2.976445710150628
3.2234109886382782
-2.364058326988002
-2.524350017024193
10.028792742488633
3.2091159167409935
4.43021378007912
-0.5368123313014279
-0.9052036422554008
4.894385813222332
-1.8090218593223175
1.9736351879793255
2.253698297719843
-0.5445883550023024
-3.4040074138438765
2.1968418216868333
0.918624891041983
-1.5833234681241346
-2.378592742499877
1.0213262471154572
1.7242590251010013
-2.9978271247883495
2.7225136199932054
8.546269215395517
6.6289755312388845
-4.527355961263158
0.8191989072185009
2.100662638651912
1.1059565833200693
1.5487036356526862
4.4782794038822695
2.2101192875421565
-1.1986537242068047
6.042621365572024
-5.267569288276043
-3.963291933863772
-0.2292801452345672
1.5496673255629583
2.807522422828678
7.6095395650842566
1.187514312973726
0.12571683665773242
-2.181947728357383
-1.4664664096295368
-4.344057669691868
-1.3717745512394082
-1.8046026371748383
1.3247475165469638
2.170415380546042
-1.1800766332852697
-1.3525129977491668
1.2454372465291148
-1.8367523318241177
11.548032907150873
-6.339656936941024
12.968336892338545
1.4185435390653862
2.217638065683184
6.149544229647329
0.3154013059034303
-0.11428996419232984
-2.7944660909056784
8.719654850412933
13.235375898433386
2.0017698406463693
-0.6682686856377145
1.845629522493037
-4.643867799806095
