2.4114886401143356
1.949854040868595
3.510901991860348
-2.9683891901170347
-1.3933117351770674
4.644657057248288
11.16886883173169
-3.3941733653855226
1.0093431624547062
-1.7042724452885456
-4.370755034984586
4.046135202789465
-2.241996956058179
0.41077220478048093
0.7435581856872472
1.521046440817961
-1.8034577312676876
8.315224948031979
-0.16640240343612306
-2.492859302694069
3.2785476315506576
-2.433810825130492
-2.519539731120202
0.9016841663021361
10.302833808085346
9.337924941531394
1.4879228797224577
1.0409319806274153
1.2826054376436242
-1.2470670129666686
-3.9500430232607515
-2.4604949331554007
3.2263351535772493
3.9944870670097474
-5.147978691761964
0.20850676054112852
3.3133215847430884
1.2277251717652882
-3.69253668367855
2.262426994403299
2.020589012679628
0.9338694948857391
10.44441253706513
-0.1393230923614403
-5.586960975124224
-0.18593754739679666
-2.8137472929491594
-2.8169377575245047
3.8928793954030034
-5.673261856056001
1.661038312284394
6.500235989142116
3.198304521264456
1.2445009220756076
0.9109196373677259
-0.599361873212067
-3.3565613827354905
-1.5218776644108634
-8.30994144257705
3.526570613919742
15.037716101300608
-0.24567701980914702
-0.13229649239251948
13.16484008264279
-2.50035212053767
0.7479178770991772
3.622034749767269
0.5298763945518598
-0.1410461146996846
0.3846939124672599
1.3596620285282195
5.476641129231214
5.996683516052402
3.763870447680376
4.157459490102334
5.844510410844116
3.1875176343105496
-7.297868980648682
0.4126194118926061
-1.897829140892472
-4.645436873451464
0.023080801135629728
-0.7416823926881
1.231251106035626
-0.10360442037457687
3.7354794071046
-1.005963482481658
0.8624934925034513
3.356110303346017
-0.47280196948890196
4.420438376840469
3.203167125612958
-2.4932627066375668
9.488484201269124
-5.243432470220662
0.10603454686522087
4.7227962883155845
3.064153609600666
0.4343995955466994
-1.290865947753931
