0.025640020696466346
-0.8369631177320058
6.808222704284101
1.2732377921463105
1.8328954018396946
-1.2001384679100773
-6.281048545345964
5.395384311072483
-0.1400076882153598
-3.7677490308802914
1.3189145637486575
-1.4923749191055218
14.511505098194583
-2.541663640639791
2.3060792365756035
-0.8178431084003648
-1.4578676659360543
-0.9308393859125732
-2.168805572049754
0.49663229164166534
0.3647201367112921
-1.4749594493372782
-0.6680307118444714
0.28609527212341945
-2.109763395223883
3.184908434091079
5.315223925648146
1.5435338026020746
3.237031240146128
-1.9225751556198776
-0.6105424976453426
-0.08223116716274764
2.802007249666698
3.9606047769331143
-1.598708525793986
-2.6041744658677812
3.190286270014628
-1.2143417709899689
0.6125418792958223
-0.04360991472900825
-2.885976453207116
2.5372311011409607
-6.222063927715601
3.1108924292287985
-2.2834619746103204
-2.2277132298206284
-1.0140417806904223
-0.8117476693362605
-2.789766003262467
3.224583642649823
2.7395521957501154
2.041808160502816
-1.1341267445181933
5.077390316115139
1.1308829061402013
5.594465598627685
-0.4036178522676952
-1.35236714090857
5.994887927458684
3.7892013021025375
0.6776801778371774
0.9086621453012111
2.4175580981155504
-1.125308718042937
-4.066513774538857
-4.330136500835165
5.4822034814754375
1.6808896263743698
2.500066722587982
-2.327845057992443
-0.8240101053300721
-0.3438929093553208
1.985178658877278
0.55667900126986
-2.013224069865692
7.021527067737347
2.0232624580845364
-2.0681931561050355
4.706968852164182
-1.564877019708354
12.33738607031706
6.94576734043488
-5.153233128750668
2.6974833313304023
0.17858708622926978
-0.6100110558361229
-3.070048059450028
-0.7280407671823965
-4.791804291690621
1.0909864332429722
-3.412169804077367
1.9823282474277728
2.283869419233552
-6.3236489744127775
6.5857394701063185
-1.4278044265711096
7.264791568056598
-0.6195923430725772
-3.788531292908145
-0.9047762968974052
