0.3471775615516985
1.7170260238024433
-2.4054312754771923
-0.6842604574542133
-3.8214319698483807
-5.559939837118824
-0.17578925245403154
6.339815931208166
-3.419212448028044
-0.010850143730556589
0.6963139410060566
-0.9589642596968206
1.7174989663098212
-6.9955178722747
1.654277541387047
-3.0723033942993405
-1.9743594600784085
1.7440271786938601
1.2110712607809244
-4.486131383131989
9.025261836808571
-1.5691880778826877
-1.4299987010149782
2.4363281585751
-4.746627955554992
-1.4647528521509217
-0.8547347103018927
0.8958971990662814
-5.464741903498324
3.9378677806090794
1.8577135490890764
-0.6056529613657161
-1.4777961127159331
4.462383104059278
2.2794547598864803
2.8717942688248574
-0.04783406282731057
0.6560265076055947
-1.2757290435297863
-1.7007597848135347
-4.361820806479287
-0.9550120739019603
9.296261618437319
1.2959202613719587
1.3864499626278226
-4.061288108676338
-2.431809044825969
4.491511636696556
3.074232791787667
-2.085061002799821
-7.498688945713375
6.661175475902427
5.40609713229866
-0.3925755597100037
-3.176140483702876
2.173493774179838
-4.889979831127647
2.18061021090275
-2.200910034918067
-1.4733582033855903
2.4967792532912814
3.1640434651897733
3.130200142795081
-2.1973485948914773
4.777401127264499
-2.442905610823828
0.45567724244349905
-0.03361475534101233
-3.2589197169366626
7.499100337414626
1.2113695024699016
3.0390712517815173
2.625788419360413
11.436028316481107
0.5012403102752598
-0.5206944657761946
-0.3429415392999104
0.858807444311215
1.7188206660773737
5.249446812697586
2.0981869956532915
-0.23293100635541208
-4.912169756077516
1.3570345191867985
6.215700208374783
10.79715665024548
-0.19293040730172473
6.91520787096056
14.153972938724719
-1.7342435879357097
-1.3598518438656424
6.924102438949608
-1.363776283189345
1.3041563536840368
4.117754791044925
1.0420698830068553
2.36327163918118
1.3377965931847506
2.592501873497021
2.1814537655479014
