4.692248860565573
-7.480390721664122
-0.901964767201291
6.071784933973184
2.090623978943828
4.665168529074959
1.0955514110282598
0.8854371087487363
1.933909771299915
-2.133263236499905
-2.212365838929716
-3.2744846674878056
0.2542352706812767
-1.0387099139308922
3.077605255163308
8.456291290368611
2.4178542835109273
-6.038583257119356
0.805980493968947
-5.675865327231639
2.6317964134999006
0.18831433234861525
15.777699553031818
-2.7687702492943993
-2.030684558296239
5.613828535923581
1.7349193476782707
2.2525239431610817
-0.7668524338172229
-0.825610999406514
-3.1158846075922506
-3.9480727861070912
1.5836428660650945
-3.8877196939791974
-0.656626598577912
-4.120865505759106
-0.06364103962049118
9.381073916509457
3.083367996443612
1.2662182671471447
-0.3117317995706329
0.9893868601418179
-1.6367394208929675
0.24210848312212857
2.7473694848334618
-7.727576867868074
1.7565828125838474
-0.26655886802404793
-4.987359826747887
3.131540238549981
-2.000549786483222
2.819057710933542
0.9689556715801737
-6.296336851875671
6.650982180553726
1.5510028449690334
9.695449456202923
12.153636650894564
-3.1888861733500953
6.6120092805333
5.1552799923084365
4.751983879410926
-0.6715712174605273
-1.8316743440865113
0.17740470446814127
0.10660845682002545
-0.01985601624218342
1.7811772924292293
4.753259768909632
-4.883129109551861
6.009705135269018
-2.431538064424942
10.723847217421692
-1.4603997530935595
-0.47299348184034
5.087811486498119
2.394964163619079
1.0471506474696832
-1.262684821219393
5.6884742682611495
-4.480700225054284
-4.775604777554327
-2.081226264594993
1.7445110093641412
0.07330970674427163
-3.8889438273837147
0.09455208437978344
7.167897518866575
0.15376750548033835
1.1803822100740904
-1.9626879114345726
5.373834624845752
1.2646352244257122
4.285075012890265
0.9568202479285839
3.084590666546985
3.079281912599685
3.907018605841824
3.2568947013994687
2.108059432918931
