-3.9727127916265124
4.497129499245299
-1.5336780253313114
-0.27048451269614265
-0.4170620004664911
2.4942377607663726
-1.4985094465288147
6.807820411921133
-0.6605987488218013
-3.4857945416060847
-3.0317611654860723
-0.7091550877575808
2.05717114488437
6.576010895120408
-4.979479793128618
-0.11062748893671633
0.35006832007146194
3.0103218500332654
-2.9265663927541277
-3.9101651337693943
-4.41860601119109
-7.223240504252274
-1.4921415683895267
5.255583203933661
-0.21675081988740214
-0.16165166004216316
-4.306428612713848
0.8707537841864912
1.5656969987570362
-1.0632947857814392
1.116425584603264
5.182486729487806
-1.2974720659406902
2.762341786954936
1.5421046867076307
8.178909985775663
3.8454317642847093
-3.620232673205792
-4.5478017662708154
-1.7435454013726188
2.4268698758907843
1.096678989280139
-0.8806237867819813
-2.435654948041395
0.3449736174565022
1.4278283152938114
-0.5165382932495548
0.11293592940466168
10.070531317695442
1.5784453436863433
9.845017714525635
-0.19188939564157748
1.7992079062197852
3.2996210438370697
-0.36652813700552234
-5.384117049288462
-2.170797782023448
2.3851493971020794
2.360271905354132
-1.8482234303942418
5.737806277657452
-1.827166788124054
-4.916572907497466
3.2621294629723874
-6.2563009427787835
5.205518779001999
1.080707428817416
-0.6490034509293926
-3.5368545219314838
-2.8650064122448344
1.8795993768756531
8.00366259374551
-1.6255288999940427
5.892829759724375
-0.5184374235168121
1.9957784872377824
0.2860747740748779
-1.844502375792246
-5.910203266032237
3.7125818931714436
5.607516793401738
-0.2821690703121371
0.5265754249718833
-1.1359925014662382
-0.41126630828345023
1.7604920830020707
-1.2166174743928702
0.05164134582486969
-5.751214350579987
2.65774496738389
4.772093530821195
-3.512134559020191
3.100295912652212
3.645271994630787
-5.224621219562527
1.3407019105624356
-4.5448485061751605
2.1168146734328257
-4.008227259942254
9.098189013797107
