-0.927210316363846
6.619670070827567
-1.9820197988987946
13.10610329978709
-0.4350773388986295
-1.1173364996141415
9.54633933745804
1.5355362996095945
-6.178170752388304
2.7092594552010922
1.7415128961799713
2.276001731854259
0.5943655832354833
-0.9391789838950848
-3.158584927874996
-6.43451293636994
2.458103483964624
1.2488669337156848
0.5192496851763071
2.211259769478005
0.3340014775856148
0.6691903389556246
1.1941868709161463
-3.44901567453831
0.47126659147566574
11.364804874640006
-4.148570746896649
5.233187085423217
3.9191404675744144
3.6497523334687525
2.679232153024392
4.517565453891419
0.8296530416017718
3.9122946330013377
-4.628285439892692
-1.4797759789626739
-1.2712499371937418
-4.964564223022881
3.1073704985158366
-0.8779122773504391
-0.7120709906185303
-1.0955080668991632
-5.214542956922662
2.722463328269992
-1.9883262291520185
2.2714820607674335
1.3047693483728728
0.6166268352578076
7.67600187240673
4.541554729334591
11.957574631927702
-1.0242385227142952
5.4914638928856725
3.6121705837668543
2.211226852521049
1.6401020319804767
1.6406600191867309
-3.6060110504182563
4.951933281199965
0.5485398755440676
-1.6313366635643338
-3.8072666862296964
-1.1349603727282567
-0.5827065764063518
1.0721868170318063
-3.157215354742223
4.362388755514616
-4.815506563529861
2.17585549086458
5.373804856720906
-0.7889817188720978
3.0789232880118984
-0.6011462539838699
2.9228985833883825
1.0135540366166431
3.833742301375092
1.7415042716289646
2.732908013351299
-0.597656343491365
4.073763262750527
0.05658412818295695
-0.7100070822786791
5.448880603101628
1.1056672162514662
-3.6789035319257426
-4.092701636245722
6.141716141323073
1.732141174655232
-0.8635232202937989
3.0393943777871484
-5.3805320757358714
0.04164071839973154
1.2477854381359519
-5.418988477516688
-1.6046758112131512
1.9724432895104993
-4.951662641001852
7.030021296082252
3.7319491114802834
0.6502649098062688
