-5.2622541814847965
1.7419692965601175
-1.8966889266913007
-1.3184242928879508
-1.3644999091242287
10.362692417112848
4.293534401897244
-2.572070244260569
-3.6320507207083716
4.05873936331688
-2.50503216987177
-0.39570627947651965
-4.159915610667138
-3.1499464191017488
1.4127236664440046
4.053525474101838
-6.541630381294329
0.7265839218795893
1.6358178956362472
-3.651757191518542
3.9426145303141364
5.904098967391329
2.012202315402842
2.4238694201676054
-1.9716904291915394
-2.5448884265283542
6.641407189563659
-2.5518861795329157
0.4520780374887727
-1.604763915750525
1.6090951726021145
2.997683250694499
-0.4920436168458331
-0.6645828041771202
4.425935844629326
9.181005186855549
4.004827372039637
-0.3478382568270284
1.444767897155519
0.45407793351739134
-0.28332205408204625
-3.640349835877016
1.5612990858574836
-7.475107092826795
8.474626539656727
5.275396805518643
2.0053127220048363
-0.25013810837992256
-3.093927588758985
1.7058215600524105
1.0789505306178975
0.4011032221416563
8.980300270630536
0.4736450646494567
-3.1411026327700964
-2.0066261670095176
3.6718680367465444
-5.687982657306097
-0.1704166924375557
0.8712438251701273
1.741052870372164
5.094630662313392
1.8903877019375572
0.7669462630493811
0.03966977423577671
11.065053933039248
0.7736577950046408
-1.9269517092177275
5.353412737130456
3.9241431217830476
-4.5000079617838225
3.856871645054492
-0.5879866087924162
-3.215965057455866
2.5161120046793366
8.588910080016447
-7.4848132621301975
-1.611865386323129
11.37221169101424
1.8465516774192068
7.543128614575701
1.9345721364877693
3.4279210593370624
-2.8124643705966
-4.015905782791357
1.7062151623732975
1.4114999804530717
0.49778362788504216
-1.1161988008777644
-1.056358442181506
-4.405797513256347
-4.523574985952431
5.618149553452059
6.32886655669987
11.034421459990932
9.131082586048075
7.448078056900859
4.700827192168371
-1.7540270391798813
1.9493188185992438
