-1.1629632838973833
6.618762761946731
3.587119100066675
2.2351720110460773
-0.8217138088407989
6.694680100996659
-4.443585975273928
-1.4097939872171512
1.8646664092594913
5.888232404599025
-2.2153730174236137
-1.4851120432471383
-1.3998309068099832
5.08691797872285
1.7036888885772357
-2.6372375861537733
0.6463601563455537
-3.551336079603482
-9.561987848962485
0.5101574600440033
2.672374956566988
1.0319159254320658
-1.8093126839960514
-5.671426096516044
2.1539680275171347
2.297227643920335
-2.4499555170949687
-2.941447215430154
-2.3483651928212463
-6.057505136190896
-1.3112028476210638
-0.5432433423730112
-3.381167010550326
-4.869237502328111
-0.46042387037545535
2.3322142394862726
-3.2554894823242355
1.0872415265402575
0.2921672279066671
0.46237539420996443
2.107534267243839
-4.878191096571818
0.188438979233558
5.555983878446748
0.9521846781206528
-2.6134821872600176
-2.718458110497316
7.819369508757492
2.340357702349664
-2.213199015277996
0.39242829208668967
-0.2685373319820271
9.200872331090427
-6.103996770523235
3.924125798161997
-0.33492250952099345
4.402806696665589
6.472099844008749
0.12986788534503996
-0.18058767912412724
0.25192405354971614
-0.11432733260210348
-1.8377588499208513
0.33202909404736836
-3.3957766266015317
1.9434286228074096
-0.5330880889010232
0.01431557939115657
3.0938393399939907
2.814412925604488
-0.5648227506698607
3.5206201181468564
5.406972017574042
11.25888423091627
-2.5977231275934978
-1.5078197044218475
-2.0967575484671226
1.9913072126995928
-0.2830930041933467
-4.596635003679621
-2.1936119636335794
-1.8765361945938936
-3.863849161457984
-3.101337585317526
-5.1964007400010015
5.639458465099521
-3.991649303621247
1.496158958644649
0.12729350932832112
11.55587096865734
-0.6944895360628716
0.5781603058445275
5.715625987807548
3.3390685279462695
-2.2767214022799456
-1.223829374060893
2.3899370936382356
3.4227331035775848
1.3170227331146263
-3.0599349101845377
