2.5487532252973537
5.666061680061073
1.2178298789705522
-2.8939509302536206
1.611737301524281
-4.489961823572957
11.447898193856126
-1.0980890530964817
-1.2077084030430625
4.986072384237075
-0.19212807731727505
-0.21131308583385164
4.305869276068058
0.3725804178382078
-1.1294617652017664
1.3446310192056155
-2.824234604633579
8.917880204427103
-2.7070213976377633
-5.570000209523158
-0.7431125952130628
-1.6542648608231914
3.3034195909678887
0.9094290566920908
1.1412095528382573
-0.8206635472383906
-1.9236949045656977
-3.6855112504432004
3.5531015830341612
-0.7354083552475096
-3.631509861555386
-1.1328889972231082
-2.5627559368720414
1.2009703496699669
-1.07844266448609
-0.2880204149002157
0.9226500942515157
5.455412615190236
-4.806743692422801
6.399755650542622
-5.745676002742238
1.908861112159253
3.5473858566764607
2.539991230032329
-2.80071940103411
-2.4028056307172974
0.8784526148921477
3.719959459893991
-6.113800687474459
0.3425617939019796
3.3827002946207756
0.7400938852550005
0.815995679848434
4.206337034084357
3.507677774963489
-2.423976693464657
-1.474278788114888
-0.16485674107854362
-2.982140770538202
-0.9485471605761735
-1.202223097795362
-3.8667100439335034
1.551305145198933
2.933925118299799
1.7188202920003792
1.846435882513656
3.6386664015908865
2.6533838363891458
0.57379643971371
3.177382203735806
4.711913630106131
-0.8927144940105004
-0.9251952880668022
8.103684672937302
0.47308179262126826
-5.033147394649088
-1.7664395029286544
7.453505344090944
-1.9695873284433438
-4.129713338322027
0.6369841827136933
-0.37313759290051174
-0.2260334027753797
-3.3446633397663033
-0.4473139258821418
-0.4662406176193457
1.1520156571554723
3.211005082740394
8.462921391628619
3.2167310317066455
-0.10075098898899155
-0.5348050612821658
2.7102370517474137
7.0667636184986895
1.9626528316721186
-0.8087495603770655
1.5396922446283878
11.471130827343512
1.6810763260614472
1.5891576762291675
