-1.4632354802162697
3.0707714073316357
2.4121645788950175
-0.7877508675840621
-0.12760556202832044
-1.9162451304881853
-2.5357707091071613
-6.695348576484307
-3.928575785172789
1.7171220939593024
-1.3657536370050083
-1.4990615556116906
7.360534022634996
-1.0185504280288902
11.715524296532545
-0.18482496150908745
0.4751368174385474
3.229967134889046
1.925301894735489
-5.58300128172525
5.531598737443886
-6.27844384132637
1.0847203417154987
7.945470225810177
3.0657059036456547
-2.9385363210397473
2.740315044458886
9.0181581639116
0.8254008337866245
0.4333909611713259
4.204632718981947
-0.4015355411107383
-0.8347336355618817
0.5823724411976521
-2.1982761351655045
1.0828165288270242
-3.8079326097675565
0.7578155450505356
3.471788236579547
6.410520396499748
1.480638068815775
-1.810995434015841
3.3580132959525706
8.170532481094206
7.398796493438745
-2.9605312081194066
1.6635343782881025
2.740770408558327
5.26970408681733
3.5886361222198326
7.790004750468862
1.2134884329932085
-3.2746443996463857
-0.4798944589322628
1.1702592430905177
-2.3385541259445883
3.1631474848672685
3.729069844531015
3.4091388635831046
3.6811208977013568
-1.6452080660747619
-6.049993030101328
-3.3819315192039014
-2.3108192905987326
-1.5188424479199067
-0.5412126381549636
0.6773458332618412
-1.024313225040325
3.760119361870025
1.8259552218668207
6.7792988350984515
-4.9875292850354125
2.309524643211084
4.8035203363895445
-3.7249335774631627
0.4017940374214066
6.450732536682432
7.311766816973051
1.0391363864269483
-5.806229056924402
-2.342597112726219
4.407198309420352
-2.1293826339532567
0.6773240570199301
4.3645203000085635
7.843367999910073
3.25475222598124
-0.37132441274959216
-0.6650721947635031
-0.557908741835583
-2.134928214725513
0.23976422158434002
0.6202116681280555
-1.078923961238527
-4.74028600347749
0.8769974127827187
7.207397285288632
3.909832390826971
-1.4451123559472665
5.72352842858943
