0.3757622028869544
-0.7683011549091187
2.9223538409996754
3.20068898600603
0.6643810584672996
-4.173462116901335
-2.4515330890189255
0.5341355288035872
-4.254321484697212
-2.1116143153389753
0.528527765629639
-7.305374287115268
-2.060822941753812
-1.783108369169538
6.032939428655463
0.1489067912506205
-1.4371573736842471
-0.3402968295210157
1.1713682360331061
8.595244441593639
0.9555460327680412
3.5188554310408326
2.676705668654959
0.13434910276646633
-1.1454574003049878
-2.1541952411642464
1.836149534830319
-4.394361247265607
0.016133576929753698
-5.189226749974096
12.975689286506816
-2.1798802815993197
-0.6127799473988058
1.0102469088950887
3.2898795340415314
2.0693258222401756
4.74394111148867
12.475895890631307
-0.9802538248516967
3.4450601257823985
1.7119115938918923
0.1441899519030884
6.684542036846578
2.694901690765797
-2.870022742354286
-2.567720861950986
0.7478824725339033
6.222853404109475
-0.23507261357099535
0.6096984995100923
-2.4116792747547624
2.3974668924503737
0.6655586294487247
2.590641862972968
-1.5732066055716967
-0.30496997868957637
10.129370973311001
2.2427430909210653
0.28807274213013845
2.108553062605032
5.541310241233466
8.218013979247317
3.0369251946291342
5.5771602526146005
-2.2845538654828514
8.01350334340641
11.715228616024373
1.483735086815228
-0.9214993606080847
-0.6680291468059678
1.808310374429622
-2.5988268786078734
1.9180433324920052
-1.1188023086969205
-5.137821016674373
1.6045207717154701
12.058815282965305
-1.7743524556174295
-4.277102799854946
7.564154876311248
-1.0351694773102487
8.145263266249746
-0.7456203675197586
1.570906043161286
2.0748507844233917
0.7700546073054056
-3.3311310123248643
5.8196345113741845
2.469885285117329
0.3439028158986171
-1.0560207425083443
5.478448264993583
5.267577504277284
-1.3979651773371138
2.990180693569405
7.482933062501985
-1.718036653294146
2.1490551785630982
8.091246618252258
1.8482754082135506
