-7.829401630677787
4.625631358156383
7.427378845549911
0.8102418431039382
2.799599987022937
-1.5030937460644669
0.3858782426989848
1.6217836712597888
-1.2529297331416902
-4.937354386603972
3.774583246091992
2.7719243354797705
-2.6974362781815957
-4.280456844941208
-3.2341243097095322
2.0324313217052916
4.073300911274391
11.313926491763722
5.867723985930986
-0.660000821564201
0.8628961514660011
1.9520162628052453
2.6464840860062377
-2.8134335361872718
-5.114876339252514
-6.1195688842856875
-1.5974974905626609
1.79275121094323
-1.1065426394030204
-2.8263951473250404
-0.09999409548370879
-3.5111443925407877
-3.529381175470191
6.756225145062425
-1.4796507161471235
-0.25242722201273204
1.7491161995624713
5.491971920828224
-1.1561099381251931
0.9271378185583344
-0.4160758443600503
0.7839386433231956
1.3107431236788287
-0.17262033070076727
3.396380612062398
7.823173631247277
3.432471283552159
0.7088706842681082
8.480864225802135
7.24685946246718
3.602180717666049
-1.9829587329069174
-2.536401740811032
-3.5438690316693426
6.608513221135089
1.6578183483878877
0.515431118164155
-0.016440149234719936
2.1832991421967103
2.064410022032895
-0.0320542885988333
11.108259645319448
5.713753193658999
4.728012246241972
6.160653925526965
3.8441032466815868
2.66601313307217
10.287547024779448
3.3594982343331377
-5.77981037024883
0.4776377561731653
-3.826285277644439
-2.0715141568710758
-1.6552694269008263
2.4089613264855885
-0.841378387695088
1.0103077199366577
2.7760068032916023
1.3046421154996224
1.344371188841809
9.012975727337938
5.952409723136217
5.602953936876588
5.668271202718373
5.8658367960483755
-2.36032222751272
0.9475189820439286
-0.8848808292696884
0.9478568412920784
6.697526523913256
-0.3843731843504203
1.4872893730778667
-1.958284042154041
4.41661150066667
-1.0087839159386731
4.529059269909883
-1.9030570140896086
1.2304540017406587
-3.7819161764591906
-3.7003160097894723
