0.03227203652258024
9.456035721367076
-2.265149634249707
-1.6358762511635083
-0.43744799869014817
1.112999827329261
2.0107614042475994
-2.4870489368333017
2.9174770109092996
-0.34225693224657616
7.0693944832564135
-1.8323541120549764
0.9130162354353838
0.10568957345915159
3.6322924225437996
-0.5877207245219279
-1.291660758159502
-0.2269440817656605
3.910724850119364
4.561438859074956
-5.010401274825342
2.3864222161502195
0.3758255407565976
7.268675265790281
3.515840820390816
3.100153611817872
5.812278591653374
1.0264110840142788
0.602322030555159
0.9744890611259298
2.2392554195736416
-0.510037394968332
1.731502110376645
-0.7110310859539855
0.5876466058402132
-0.7621044092962321
-0.8667722311464745
-1.3237685891501239
5.951410608830491
0.20707502732955185
4.791511255816905
4.841354348841004
1.1279119544017846
-0.5595672830396344
-4.603468994730052
-0.8363720242440706
-0.6893620293075847
-3.5251583290385016
-3.8708032734172773
-0.6068074594162806
1.316911779898176
-1.599753279522477
-0.48216543701582265
1.6409882762505004
9.929242486484565
2.9438825591431623
1.2585359177792936
0.4984039548604108
3.6971104606036427
-1.3127617534972105
1.4029301587518195
5.449033269924452
-0.6709069120670547
-5.7506120802481995
-4.184682602599331
9.103614970373446
-1.869476156156924
-0.21428603754737588
1.395277409434623
-0.6121109427339287
6.6537857631705215
-0.6100432650335369
-2.2873031883714465
4.25037585910481
1.7158632442274027
-1.353126947452078
1.9636401282070146
-1.3118766326928593
1.1859685198825778
1.0866867614398164
3.513148905248003
0.13402020960479935
-1.366772986073825
3.2597028611266277
2.242240925730268
1.8892593622458613
4.097910123122655
3.102908805009762
0.5987398320313847
-5.138824940776629
2.7722022383081573
-1.2257775425173674
-2.861806191867898
1.6732996585979176
3.3257993635498737
6.532403507562547
1.965876882225234
3.6784851845165436
-6.313328577655508
2.578509921234545
