-4.739135898283391
-5.962906734234472
1.0839094409729186
2.977179997029574
2.450547734768304
14.831862137728496
-2.78721218879434
-2.6519481786084436
-3.8518923118660786
-1.1869254738383597
7.174800917341031
-4.344223221230591
0.4945898881369786
1.298138781634565
1.496812557111265
-2.7165678606330865
2.7540379307243574
8.01650075951977
0.41266555049320175
10.839356647206404
8.220061264169583
0.8980094355109579
0.028030626647031535
2.715129001092919
10.180969277031698
-0.7844899048870495
-1.1273523232265172
-0.8044754884263379
1.981166166121155
0.08156093767919499
11.461254888407062
5.548434309602398
-0.9109864813878834
0.7391490245110981
5.727458634024352
10.091833858490128
-2.008519083935604
5.235720429656258
0.33158168054526904
-1.2628570273269957
-2.898633975528396
-2.1851657655589163
8.96366687192829
-2.072078933551157
-0.12589291525941532
-0.9378050269303683
1.1383412673648863
-2.77755117693252
7.409594671540082
0.6814810602889259
0.5421674705204254
-3.0201882885093445
-0.20013053665382807
-3.5066966773025663
0.15367558251671548
0.7254554054986956
6.297941321164721
3.027978426211288
-6.204250173961988
2.429662206374891
-1.8411145423538797
14.077993306527414
6.168065592237812
3.8291708789482346
1.0397785515770042
2.1315474380061703
-2.2906219599464013
3.294017101795869
-1.6768182391290654
0.1006839350118441
-0.19670833823096293
3.4489592328231344
-1.3887895942526374
9.794594377038852
7.5684135454111665
-0.8868995761048932
-1.8652838925441575
-2.3883597705064252
1.2928742351318356
-6.961066805316422
-1.055908770520912
6.734750339158241
0.3745481999756063
-2.5287635219191085
4.0242860704833845
3.3183596595501137
-0.041738935500456126
-2.5717409773519657
-1.803834508762107
3.632180984609697
3.5548873923869415
-4.391627467399175
-4.312712384114337
-4.422441742973704
9.431684978381401
-0.39064454242484065
2.5683621620529644
-5.714116320114771
-0.5337649744268088
-1.5833096200875794
