-3.5396438031502755
0.6089411578089412
0.27634962702448973
1.168175047086796
1.9436778039223923
-4.42653414514099
-2.03300121361766
-3.984168756174282
4.365801285457743
2.8344199521190534
4.710847228764527
-2.1938751607612335
0.6688546336908745
-1.7082558303315536
7.840417591425432
10.41990548264075
2.326972898444096
1.5993753710529304
0.623803730821578
-5.302657376014581
3.9655560219589607
2.1831158223777023
6.931273389238291
1.202546817735615
1.6006653457287596
-0.4059260654069581
-3.812739291388283
-2.8522488693670995
0.34118713290712666
0.3741362845073204
0.32333043965402797
-1.3498940311450713
7.637034586051253
-3.493807600867321
8.870921783830767
-3.299760128998754
-2.9575102583984347
0.2651700799754302
0.17447953651731202
1.1589784450612228
2.4208103060859294
7.346167197905626
-0.2748593950464322
2.414422241463732
-3.4861848285931463
-0.42277298323529455
0.3897667389670294
1.7854335078373436
1.345911909678102
-5.833430487660156
-0.9040069401742746
2.9224354288516867
7.417896161700769
11.430624399078415
-5.062961495233805
3.5146743562156146
-0.636876527887825
-0.5221986028250257
0.7275079096598829
3.638503477397339
-4.6604837867540585
4.473137108122517
12.924299429698623
9.608418383213664
0.9931846060339335
-7.6407305033966235
-0.9447804576220049
1.6916676505704498
2.5089339029168056
-4.328518907690864
-1.0266628633782604
-2.1112656928630673
-4.527667683004029
-0.25087475863512854
-0.13691910029130036
-3.1204037709696633
-0.04025634518929154
8.055858731935889
6.236241346894061
3.0801056565889864
1.6360026399517391
4.701108265670387
2.113528611584683
0.2707535939724717
0.4973004611443028
-2.296525874192785
0.9413216526040658
-2.282766482759763
5.043814764494108
1.9709336509396165
9.54339274186467
3.994052481073512
0.8565248930501224
1.8851493025402632
0.9613494381814836
-6.466848077185508
-0.7006691090238351
-1.112143304033104
-2.3426710411710294
-2.910235330092383
