4.620739922815584
-6.479345792336176
0.5710377437561085
3.3480267652344953
1.9823879387339063
0.9181746797409891
0.8996838309617079
-0.0908515469305152
3.2177370585096403
-2.50981975282099
-3.1753055823864544
1.6550173695384762
1.2062532079991999
-3.6843600727898433
0.4948568617789165
2.4532568504220964
3.145357451002412
6.961918692149825
0.6621299528446847
4.687668961625638
3.4791838463428206
-1.2655632922547508
-3.2713285678555613
4.7119518495551915
5.228477832179633
0.2074782074494649
-1.3308661220038236
1.5784797652989073
4.966877626049074
0.9717390881046075
0.40075618268541946
9.655073140148435
-4.4080453526831915
4.335021763113128
9.212038689720139
-1.2580368183171278
-0.24120434286887885
5.135377326082802
1.1809315148405948
1.230148327502414
0.5845069913160129
1.2144293270330389
-0.7675909121244123
-1.6733640276427861
-3.4435668456841606
3.8789972720180335
-4.699677307961101
8.988559441229988
0.8762257201933232
0.5788641668747895
-1.7971184116518222
4.589286653676406
3.9122481183562967
0.4681218944454529
-2.0573679813634755
4.941382705706766
-1.2192519431645543
-0.12042641319447966
-1.5722138538329862
6.490280078689832
-1.666870057556432
17.482772054046578
-1.3644534718815235
-4.223779201429444
-6.344902214636678
3.4181623716821066
0.03508267097028025
2.8097344910452913
1.1778667673147034
4.657971759819731
4.678773161226423
-3.9127007934296634
-0.30679719392982796
5.054975083445308
2.056334652625596
7.9364152335072795
-2.96327055671434
5.762277185932035
7.906418408374122
-1.6398992050977417
-0.42503505842175093
-1.4784604344892498
7.704087327884354
5.789318476747706
8.124541654945531
-1.2804399876223305
-3.049383286689058
1.1453648799579468
-1.397774949226398
-0.74757551109777
0.3051049139537282
-2.2507854067527386
1.8349143465134814
-0.5828509814425009
-3.0213546219951164
0.3024844293930835
3.338980043983681
1.812945475609662
0.34900734596486865
2.3083184329712005
