-2.989250859085452
-4.955672395282774
1.1387496642398656
-4.201599302857104
0.8021146145349355
1.3181771774952429
4.455392570524279
-1.8761806558447882
2.77472808354342
1.9948346675049229
10.158160263244612
-1.0379660878263637
11.550889196904958
3.182897717575055
-1.317695529417265
5.336696232900799
3.444056153191158
-1.417275325363694
-1.8087520164414
12.00535308027671
2.5928589091983003
11.196968905586827
6.756686022024155
5.412351688390582
-3.5129019396543457
3.317796069399808
-5.731407963465235
-1.69903747891673
-0.8618815323746447
-0.8101287530660408
3.336878050520617
1.9193044879707855
2.6640277620564543
2.234929569847414
0.2971965974482198
0.7042012378335556
0.795826107738601
-3.9613859583335067
2.3308455525970166
0.05691180342102839
1.8141460935913014
6.627754358912695
-3.8107153834833154
0.35759411626374105
-0.5637204023293982
2.3209392630594428
-1.7304169123377748
1.4970119923558838
2.5450024105400493
3.179451048886813
0.6396110681773133
-0.5336981866343758
-0.08179488746188764
1.4137576081774028
-1.610687975962151
-1.1184527754075417
-3.405543147356304
-0.21954798019751437
6.248933604862126
-4.009557471021808
1.9853610469070366
-1.0701515709410172
2.279301144106947
9.865417589116017
-0.028356158342790167
4.061286289136819
6.191325868398062
0.44498177269065725
-3.119563282278399
-1.5877530356944272
1.552039093191476
-2.446033701053528
7.214960990433824
-3.315520824438516
-0.4202202627515532
0.27147535615949825
3.0979792022351864
4.917138005102846
-0.236516731464053
-1.5440247178428677
5.440283730474459
-3.487293207754425
0.6020354192857895
5.4339388834968485
7.9793832782781475
4.622360624391623
-4.217238915067462
2.646849892999401
7.216475897825141
3.501607282797919
6.942006610617054
-1.969049485575327
7.133427214051529
-3.597086912734509
6.004623920835904
2.0409836706198234
8.410224210268634
-2.8838647224633878
0.6770451926065532
0.18292589331936662
