4.068717715768934
3.1438586206796977
2.0885271193063453
-0.9092926162278425
-7.747352418641923
-1.9936114475001672
3.438140004039571
-3.8078202230165914
-0.6502357753591013
-3.069853249321871
2.456059534635275
2.2461451647690573
-0.9910804109644574
-0.11031644656645123
-0.9253154204312577
-0.6269002138875157
-1.1288735155114067
-0.7380104415954867
2.0662331053691823
-0.729056261547046
3.7055549320123076
-1.4464137431554553
7.655220646126059
0.8692403570337986
2.3615205093056773
4.392708641055427
-0.9358657975361028
1.0547297186770805
0.64914914683496
1.2937456709898383
-2.111323465936501
9.540708174902388
1.279459777182618
-0.8202877956330341
9.81174237427253
0.8244371598811078
-0.5586617657459654
4.242320238844497
-0.6870733696005642
2.920153542139406
-0.4327047969794371
0.43864119950483194
2.3641248089677003
2.091241173202912
-1.7773302721645141
3.8897728354024563
6.106533282076047
-1.8941875429182207
-4.241776455028992
4.185441497819322
1.071254431578919
-3.965096472415368
0.447172353119009
-1.2292419123955312
-2.800669950418089
15.238690804952707
-1.7879251416499624
-2.1325929534913635
8.530728395017219
1.864723422480215
2.3360891216248
0.7905671473714435
-1.7216989548133292
1.511915406217299
-2.8496910969099787
-1.9672201743902509
8.94414729204436
1.6041425733110133
-0.8581260847894209
5.604181813045962
3.944999879297155
-0.2439783582439462
-3.5371633612338256
-3.1414634424689494
-2.9600083564021396
-4.046685545595796
5.326251756148236
-0.4615371877575012
-0.8807460735929338
-3.6655000660771693
-6.209145548226688
2.1271549350072547
-1.9122448742035263
-0.6246269188767783
13.51155145616618
-2.714379504049459
5.042871338370098
2.231092630230986
1.5907627276980025
-2.8110936248720284
0.28874160659666087
6.679520460664969
3.374349214247907
-0.1201290579813018
3.0081335983930977
5.73498080304683
-5.725632983265035
1.6116243219265503
3.337995692823498
-2.123978957431776
