1.1470971087139321
7.231104066860222
2.571469391192533
2.1328045471711943
-3.6081384552208213
4.072629326775004
-2.684828579617743
-2.1284678236424885
3.1440898641782966
-0.6760547498299416
0.85024280239496
1.5090280897039712
-4.415753992784282
7.449437700501346
-1.0035863388293422
-0.9183672987283719
7.967025187002882
-4.150264899641854
-3.238665759124983
1.968238897305969
1.474262121799451
1.186688397594858
-1.3072108529435469
5.210357259396701
2.575830268315671
-1.1215234734571897
-3.1329024459436963
2.251939852821405
2.3766402146277503
-4.059020873787991
-2.355692861041934
1.817163754877133
-2.4928215710499604
-0.35108635671412447
-3.2531502423136667
1.8063916664818103
-2.4410131957409096
-0.012145301287771759
-0.8083041558989308
1.708999202998815
1.2751248293049149
-2.5371407996628945
-2.7396812191748303
-2.049414751984656
-0.23113056745767682
4.114726694234398
-4.021088759210402
-0.6302425261544882
-0.6095851440456099
2.2496089991764765
8.812048023713729
-0.32018119297351433
2.660610614648449
1.4521733190462212
-3.5820645554275914
-3.2290955641911907
6.148373005532349
-1.141509461519578
0.7244417529156353
-3.483958296975146
-3.3448646989102935
-2.5663651220317503
4.163371357016288
1.3302754139603827
1.030916940211441
1.0636620536466501
15.032755688923208
7.545102039457443
-3.428508886405041
1.4280216426965744
-1.5680851303677636
1.402484697836246
-7.904291320937417
1.4654627967477756
2.1104935448327247
-0.385207675826594
2.5961890501031
3.38134515552089
0.25165455400719533
1.2883117929912749
-0.612181691309541
-5.283851585996005
12.324903713363213
-2.8955253379010144
5.178923867421226
-3.555555087118097
1.0641710854185
0.8072760027471544
1.6956297775919886
0.14172438144804436
3.2748369773780315
-3.541021920619953
-0.703508113262183
-1.3442444822298167
0.6690637819189555
-5.162720156185426
2.40142098246868
3.1277134838388174
1.3073247639318208
-2.734683407131527
