-0.7641320226162593
3.383306594894742
5.952116506830453
-2.4893175705180046
4.452381740820548
2.6458682733072694
9.496085490600803
-2.650359874316892
-0.36442228832465656
2.922619663334562
2.176787612144386
-2.609541355067356
11.960656468523512
-0.42340296216949325
3.8345641060294486
3.703195255559256
2.837512489033302
9.112240685745858
2.7415837103741523
-0.11028787527352872
1.8658214568507498
-0.48293806092566005
-0.3513208915301908
10.024167826336118
-2.142060039908823
1.8312498066721248
3.049392600772327
0.8626931378748979
-0.8110060437245794
0.17759202702060276
-2.943727557088504
0.7685735847176864
1.5442527766340401
1.8538651817444838
2.1232762897005495
0.03257625188023772
2.6368111404818415
5.335547393661958
-4.463597907997959
1.8505317035207849
2.670438575440486
-1.7646467927469454
0.7897537773962781
-4.613225710156825
4.382333446656453
0.20628259186130748
4.1501156701957145
2.997373123637968
-1.2430852470219242
4.160384658603251
7.777180674375002
-0.8478933725680683
6.044612460553083
8.874816427316327
1.79521204285789
1.9662496798661024
-0.9038197254353209
0.348230974035006
2.2122061236508075
-1.83198246496764
0.2965799184136727
1.8569001422337739
0.8827715338758192
-0.6523267539317205
-0.23378430204425255
1.5033105731533727
-0.5624882311674098
0.9272621103937106
-2.093089882094432
3.7157897723456754
0.9729384442433453
-0.96937096994657
0.7387431041054706
11.912938903575563
-0.1317084358929116
2.1628546029537925
-3.0420415469323245
3.2607904293189196
-5.644429784207924
0.7425769271922178
-4.863749134886649
-4.570620734431656
0.8578703465922312
-0.8870688696197115
1.4344937576072594
-1.4616598025564655
1.4378016891790677
2.362928600537919
0.3744233183655895
1.6456715383550282
2.057045183686683
0.8126638332413627
-2.2565565812373674
-0.0953386924489528
-1.0319961383046645
1.9545008744178787
-1.1236175902295844
-0.3900707245977616
-0.6428341253808331
0.3227287005679003
