-2.318117317757702
-1.4909899424010382
-0.13563082255417616
1.8099418533266083
-0.4306093594090592
0.6163744374136283
-0.35084614243162615
-4.892118275380377
-3.7864919476087264
1.2968765648150988
3.944692716684324
-3.7754055090351635
-3.285143516500445
0.9633106150281525
-3.5058812828088195
2.6936706051915507
1.7113275625760833
-1.684487555484457
12.564081060404959
-1.6739404090568162
4.705594869678836
-0.6238176933771775
4.126708171863414
-6.386501021721989
-2.3209652405012613
9.505407664904117
11.578775006396338
-1.2710724614837547
-1.0592853031079035
5.822020868969676
-3.65094288442252
2.6776939022256556
-8.995900920246134
0.96164446546708
0.15356849871464967
-3.3555171827281693
3.112215672116447
-5.024513068048619
-2.8277240685572567
-7.6088438476169955
3.434975497617806
-4.018441258727745
7.306329735085253
-0.4857406639104531
7.202880567313618
1.0067830339668524
-2.761503802195082
1.6117489195719663
-0.929611373961782
-1.6481605465005402
-1.429788596290643
1.0441202132454594
5.736226463685112
3.458480597667732
6.5262669596741425
-3.927902252487593
-1.2498894815274944
6.015435931595309
3.5477707618216447
4.80177665158576
-0.9640102508732074
10.601847426097086
10.53783022655065
-2.8507316404670453
-1.0894879806795732
-2.589720535088604
-1.6625333430287759
2.0230350614809613
7.403844660840397
6.51051578653137
-1.2393614863033935
-1.6492074138428172
-0.4945459668170322
0.9805692782952482
-1.1079023853837964
9.476219821222168
-2.645810278175029
0.13375685856746142
12.707211171055976
0.8430539501803105
1.785698004939052
4.036931625959867
1.6770865945342641
1.10042605047099
3.7885596779441952
1.2575598642289942
2.9191709646564803
1.3201044268494802
0.9812691113520358
-1.7188967831974302
3.030963297857287
-5.310229194049096
-3.486219057885789
-1.4770057829025083
-2.5948963312463307
0.12973856830246455
-5.008630049426618
-0.016869147548145096
-1.8248237497952369
-4.362005156432711
