-3.2444426311243033
-1.9944908848979148
-0.691307153712846
-2.8245663207599696
-0.38888452639702387
4.596696462218431
3.2159495798542337
1.6708805557941453
-0.9143503900043781
6.6564041183030085
0.8991233947083072
2.0315950638487643
-3.1966026551387277
2.321517284595125
6.186911276549107
-1.987883657938824
-0.24090924730970426
3.1601746749136597
1.2546512849616054
1.1186956714006726
-2.4852104644573503
2.0459090548692487
4.101073305116099
-3.63918866003971
2.1084442498859834
-1.9001448605637825
0.7737519033114095
-2.092656231593608
3.91989196047496
5.158920938248889
5.987868506882595
7.110465385391595
1.2517238970405202
-2.2114671178779184
-3.5467618156425127
3.601217831258546
-1.3337867103348178
-2.1167130764962607
5.9355738003238505
8.990342889391282
0.28603329479292866
-1.559989351425406
-2.5649055045292433
-0.3228192149209347
3.7648729375561967
1.2442628615038696
12.832801536953491
-0.5080951827853069
-3.3231740454125607
-1.0775535618881664
-1.5107098069966818
7.0784928864810865
-2.0331933699379006
-0.23496034335511518
-3.142663210437735
-3.7035482501545367
-3.5322888447285017
-1.4286498475460399
7.4392024320533
5.038233312250088
4.1025585880376605
-2.610261085031742
3.788476108420157
-0.41043333055240894
-0.08853066474995822
-5.25983222498
-2.4917234648050854
-3.3861469103123127
3.3962835334514936
0.3323008785270246
0.9470522333701343
6.114203253694455
-2.6056967207587904
6.9188137893434245
1.8689611727964757
-0.6723311558173664
2.7492263946079074
-5.98641550810853
-2.939071261913212
3.7675120757065534
-4.724841407716506
4.956523423904945
-0.8990110617359579
6.500163765658705
-1.9359321452770049
1.6220303712648843
2.162300738665846
-3.466915849391591
8.356898401550374
-0.5423874871563097
1.3748229046855778
-1.5836431693394029
-3.67929705199409
0.3466924399586134
4.296084946527294
4.890828655356927
-2.8955691444405844
1.4310530471281544
4.785546442316858
1.969501842945602
