-0.3091179324185632
5.223026925566064
-0.9938156172236994
3.8289682793803244
0.28109750044671006
-1.4392708834116674
-1.0164678737598347
7.054441468356034
7.910445424084438
-2.0522668070609
1.8561673747958358
0.48507176968582777
7.217864741597021
2.532344310445918
0.4885453144921283
-0.9295421118493176
1.9465369403289197
5.513245850595796
3.6892589945287018
10.626547886683582
-0.5291451863257192
-4.812127188201946
-4.8903722546897885
-3.221456083638664
2.351044788338135
-0.09785690099400263
2.0479517940346996
2.295746574348212
4.260621389746591
-0.18742531843791377
-4.089093890728114
0.8528752851645249
0.7759023111623093
3.9208854444812395
-3.5191227710794974
0.18790853827825993
2.5340547519591206
2.0932348566322454
-0.027436067754183707
-2.0139293230986306
-0.3584649920092292
-0.5951358096221642
3.6091169511052605
0.0714941620816476
1.2962369313514166
-0.7107217443605953
1.0180837398580354
-0.049577816329444885
-1.1234154843022597
0.4510834376851136
-0.7726496028261081
1.2537942697841895
-5.68733296509142
4.689010353500398
1.14192450454286
-1.6675594564335494
0.011701540163151159
1.07142361959268
3.1402929699099635
13.418622386021138
-0.448789760467159
1.1671291702132565
1.3354695126410314
1.4662942977251854
10.023444917007286
6.554430640910338
6.200201779774664
-2.1813819744480814
8.88813203351576
-3.422042745465303
3.719435869072816
0.35747255521084265
-0.9139316200633799
-3.9406871735924383
6.495569193882734
-0.666760444870845
-4.170684033912956
-0.7328133936759793
2.089370854053146
-0.9864100940960847
1.9693741813651495
1.98164317020975
5.8761559329652915
-0.24827504721903787
0.8621989230742354
1.3895853171678707
-2.528286152268418
3.153181802367863
3.4917699274105756
2.796745871585792
9.280712546933106
0.6226074723993592
-4.739103695871679
2.8209070131066944
2.746988786356537
-1.4745610001632345
-0.45734741047296223
-2.545069299492953
0.42608172059806426
-2.566408462349391
