3.0006530526742026
-2.7930596208736844
-1.707243606122725
3.00095022072252
11.9354953924468
-1.912257660095276
4.795885019203383
2.7140722135064657
2.2356033825233363
4.139378801640497
-1.5186519299917336
2.11073019477924
-0.9640792238785447
-1.5650921981744088
0.7883126029982761
3.0332119966124464
2.073119534530765
1.977131604476749
-1.079743027175998
4.53574034140872
-1.1830620704029218
0.709262807773634
2.0171049232044957
0.34098736312583816
-4.81729435268665
7.179254236173909
1.009612536273465
0.11759065924099443
2.8013401411362224
-4.595081998173139
7.05657373342658
1.4765229605889616
-0.3326469358661137
-1.0545298707106867
-3.3615725406447767
4.177670121538425
-3.020659526142059
-0.7567185184392986
1.253506014847839
-5.683668065253141
2.8699967776157207
-0.5626326482366466
2.7810227448253757
1.4669017510909816
2.5282121220707716
-1.0232500468188845
1.5429272621205112
-5.434870373332437
4.136815811902281
-2.001136600201737
-1.1934094822627
-1.4952624532727088
-2.547849557998643
-4.1079946929677185
3.9428630420191935
-2.075104069397119
6.183144243475344
3.695323172049955
1.4276760000842308
1.6585110075559921
4.211537493841814
-1.8922731834589932
0.15282824335096887
-0.9383915573390156
4.165315412235251
6.881564569122046
2.9704394398099905
2.370995540818094
7.396011292180369
-2.7453101797303594
8.301134986244493
14.027193598075325
9.508254065316539
2.533269988805006
4.072606473306518
1.7504715837113503
12.223291325934326
-5.209597385367203
7.990119694920136
-2.559554441627036
-4.863008121182412
-1.680624256434935
2.693660706965833
2.7105165116227248
0.8772484999153265
4.115501010006645
-4.479546782867821
-1.132701387677372
0.6512362303866934
-2.7229895511123727
-1.2490985233111216
-2.2115598944556476
3.279776713190187
0.6971502753213955
3.2394628687416795
-4.497247451060222
-1.8041156510492764
5.109124730529739
0.5198970180154214
-3.0006978333379575
