2.9760639554449897
0.08442480375297606
0.9701045639434173
1.4046485812848533
-1.4812299346432978
2.3864665812178156
5.24671653072085
0.7784331388875773
0.7387462744575802
5.752335656375211
6.502011757683318
-0.33457005149412405
13.070792764678963
5.580435867864443
-0.47081259528951364
0.742602373148281
9.676807817060894
-5.616744867583283
2.989721953489946
11.120449176094352
-1.334256624031561
-5.771881347894751
7.254560906586015
4.902309054908184
-2.549164376633129
-0.8652426715378776
-0.19287036872240892
-0.8137461648407658
-1.3059684227493267
0.6918697415435658
-2.0599343605626443
-0.15091680689298342
0.3494269670876959
2.794025921105803
-2.443019796625885
-2.334991006959958
7.516314086265116
-0.9714538247244486
2.983269188583512
4.209983680561654
-1.7922514574858361
2.0315504117722103
7.856051028764809
-2.3410962640740802
-4.713640222939453
3.0056834595647346
2.1540558667014307
2.8138288417174877
-2.3588060726310793
-4.756040968556558
1.394750225693107
1.3045400420679925
2.54389735883381
3.318936737930752
4.881767109909578
2.874397445373706
-0.9504916786076616
3.3615807382967002
7.302658107960794
-4.500741160112877
6.605903297858633
-1.3307682162591
0.6533673456868784
4.278188041717216
-1.4961039801407707
-2.7806501601264606
3.8030527007778328
6.061901061508895
4.209927986184389
5.0176633817162095
4.864670102706178
-2.9143592109172003
-0.04647762640242058
-0.8866836728310664
-1.8709051444244356
-3.234354427032645
-1.2277741775600952
0.6164911711161623
0.925762616832815
-3.282080397419782
5.5120542487708
-6.381553641749456
-1.375326108384404
-1.1264938610888953
2.7317175509049734
4.971831558272045
-0.35889196145224544
0.21794965807558214
3.187745126539789
-1.4843080498750925
-2.10525638780763
1.129763708467895
1.1117748358719313
4.43894055162431
-1.6779379945041473
5.431074787811369
1.3815765722911852
11.090373607710447
5.558500166449003
0.6622256556396428
