11.066340537868088
3.5571801722017096
1.9100089078277511
-0.8808708856633125
0.02216980756663567
-2.8330662055444384
6.142079443315003
0.12224380673035609
-1.2593395942562198
-2.2548427000277944
0.6624822330323203
3.7757424471925285
0.1003985902053528
4.752182267490486
15.419563097786826
-1.4554835415460223
1.1577187771010025
0.9031171509402176
1.234234555639231
1.273880389793613
-0.8345172101787315
-11.299197730632688
1.6207544084633054
5.347966384781542
10.648838300320845
-4.392459699608201
-1.502590417091094
3.4749291426049966
6.197211944961046
-1.0144160986944335
1.5384687274584636
-5.4071227847125645
3.460031171890795
-1.7559680985543995
6.3644852230891455
1.2655442532432652
-2.326779263655596
3.416269834148655
3.4766881421372484
3.3899414086014805
5.743756924935028
9.168902712841216
5.353733709518399
-10.20033748174471
-0.6531187653808705
1.598635054748968
-1.9572148401423812
-2.888214391238904
-0.18868706202298158
1.5697227326017424
-3.0641767487755347
0.6021109710176877
-3.148322802277888
-4.8677089714682955
-1.1859043594863232
-5.574552272885017
-0.8923538270837995
0.28018313336487305
-1.3967340494221316
0.5635137047510291
4.043185292004366
0.9847704810524458
8.166444850830633
-7.747132152503858
10.263376161796415
0.617948438755014
-3.4164798744067495
2.9805953354637156
0.5865096240407895
6.3385291544169755
1.258261212648223
-2.062024875623714
3.277611856068691
-3.1274194975926877
5.559099288663554
-1.2768167263324475
0.3824291980282612
0.5404040673151211
-3.888315354290956
3.5290747060706265
3.0280073076315572
-0.7380654551645109
3.9705804987918927
8.697296748047684
0.02959042802717715
-3.4356257756868924
-2.4275660086780473
0.6390123973552115
-5.751956288744525
-2.4230195518521946
-0.2737298554101166
-0.3783578643330539
-0.6361807459124118
-2.0849198747298465
-1.6807818932449892
-3.361554983424433
-0.7479014899869855
9.111879235204352
1.411872000667676
3.8756188705071404
