1.1880938731955304
6.293132944902882
0.5707138515487933
8.785488341321742
-0.6086255504001408
-5.3480972967115274
4.731496918358758
2.01523701138695
0.6383973002649432
3.171643936682285
-4.403576173761553
5.372904400038729
0.198310867427692
11.99169845474269
4.743948669249777
0.045991903562039485
-3.6869557396539707
2.7115159895341017
-0.9999636468022126
1.2929654841534424
2.220570197575552
0.38181150015615084
1.9340135266278207
2.8838846290543376
0.6178008603350749
-3.9359512256694593
0.4053916945604109
-4.731417572173069
4.903246004340171
-1.036377188189249
0.29135037695757116
3.2876756173338357
1.4452710467383467
-3.0902421613851967
0.23473334747148317
0.26650637541149297
-5.030418359165878
2.394573143836035
-2.270756774214361
6.480072191449174
1.4224727300426865
-1.0635503518910845
-0.7359491359956234
4.9961628890666425
-1.2446047998794914
-0.4737577743221655
-6.630295466839893
0.06422252445114934
1.4504928911263484
6.041534625540585
0.811093454925536
1.014623743073001
1.0660523967839373
2.2363337382957584
7.416310284323718
-1.5663679401737902
2.8417853247487734
-4.69494487775436
3.0069850764976307
-6.284278951401417
-3.384491418265185
0.5542835629118448
-2.7995213497056897
9.201017751601167
11.085134651581892
3.9649111438387186
-1.6693871486109624
5.808769444101995
6.238848533736511
5.477692926085907
1.9815727635873404
0.9112288594673741
-2.892409546188666
0.9656193284037571
3.9482696785208526
6.736371434646644
-6.668318471817411
3.0977561668758176
-0.08692220950463239
6.105284655810049
0.9065350524481959
0.9037545575645074
0.30508980633445304
-3.7587418264446564
3.318410631525929
-4.864603876519204
6.147929083071967
1.0169583416905845
-3.7880023730109107
-0.49396321526803333
0.09333717197085986
3.165429400907491
1.3846807640931522
3.925258752186639
-1.6675980717418983
8.526843388537028
-0.8874388878791301
-3.0882429926692145
5.256000264416633
3.056746462228304
