-4.591584369610274
-1.0336849027349204
1.638600357357657
2.2838307139047864
6.191671436222315
1.058798181741241
1.8068783038665897
-0.6988499346044416
7.440761029842185
-2.3518316320222103
-3.5010689687965972
-3.9198451309670084
-0.665317758525091
0.10734372056692865
3.1266873466301677
-0.2182046290230198
0.23499081854782067
0.4334091784419355
5.244926034790005
5.02428739164222
-2.1196248284963755
-5.073813819598895
6.746031619822057
2.227173881776317
2.916760611924607
7.41835331957377
3.2805007480600628
-4.007205566884753
-4.266827147838699
-0.7195109195298635
7.439412749283391
2.5110285640537966
-2.968330646574488
-1.9912943391480704
-1.7054039388822084
0.6563678435516007
4.215360582126868
0.6740291894058901
13.81504666385803
-1.86406511054797
-0.6232095444846788
0.8529658515697798
3.890808597470079
-0.2850379996415584
-0.3756490060289437
-0.7801252720837814
2.8704916738474644
1.312228953097369
-7.909079521040116
-0.7215825003748583
15.337959575235333
1.6493105530274434
6.8563294268329855
-0.29810013022865955
5.4153894225946
3.255566957188729
1.2000230189083223
-2.9655473707770525
1.9421124076464484
1.708967349070796
1.1436722727975357
2.992821278101344
3.942862236980093
2.2135911684798955
1.5480443544367715
-2.129345576535016
2.6716074125457996
-2.4297427413095414
-1.4616441213345417
-0.7441837325521024
7.63452433967099
-0.34397254257123616
8.941828962342116
2.9450595605582643
0.3891169521609612
-0.25158767139918237
4.94978087176244
3.7233328885080477
5.654805820503386
-0.30326567947066585
-2.8118603963793123
6.249044672982618
1.8143681247970989
-4.101579012415263
-5.9369631963840845
0.4873494527065426
-0.35328625729027563
6.330940723347574
-1.1940836446820087
4.625843458753408
1.677234595034014
-4.494907274368787
-3.2848693336552266
4.116397964383687
-0.6867444901669452
3.8064020185331735
-2.494468503567089
6.517122285682293
-4.444275805586366
1.6265713849598467
