4.546573262225527
-3.8502277824469373
9.713783854239392
3.044841074447269
-0.8505683922434958
13.418080963910516
-0.9518895696939985
5.524866625349366
0.35470133897058054
2.7561036957629916
2.93541617186333
-5.651972390978985
1.3829939793525918
3.019520472329642
-2.082417281237495
4.310568733807742
-0.5603365743201543
-0.7320930519629982
1.459454096499191
1.293685650661071
7.965716133420884
5.800476217885866
1.1883774649056889
-1.480885462728107
4.803274910848072
-4.210846971389627
2.161887575273345
-3.174857849635762
-0.8956868905305724
1.560175270724268
2.667335537015051
-2.0280633506341896
-0.5750352292397807
0.2872162966719102
3.057726625432138
5.539781656834037
3.5416515324908513
2.594135651422085
-0.892303074716985
-4.0904937469901625
-1.4038723891186133
2.5814976368894715
-2.686531177318416
-1.6191333988914174
-2.2108318595436613
0.3164651801799371
-5.012983732230131
1.8379108566531723
-2.4807493765260356
7.395398873779486
-0.8767220993351057
0.4305106885876264
1.7123570482062183
6.832411084751325
5.915115847728065
4.774592698935025
2.6245561931155823
-0.3689307351217006
7.042725413719268
9.813780959291954
2.010897868752372
1.9292461780916197
-0.0054504797862916805
-4.3500211889565294
-3.456613772539741
-6.646344661390312
-4.895270571046274
2.7811865545684205
0.39077900887248224
2.2575770233875527
3.7237081438945214
6.211528911808761
2.886804473253089
1.928227344797671
1.6359303519050783
8.428029871030546
1.382992226472818
-3.78118776135841
1.2123209218452151
-1.4434172252938773
2.048963054551001
1.493533485703598
-6.417268418063374
-6.34013552170223
-0.7366111924840493
0.8150208794346157
6.410865889956886
11.74392605516149
-1.866448897946555
1.0011881343648759
1.8847132032267027
-1.7795208556979478
6.205513769040488
4.575134597433605
3.846202874011397
3.4844592912896566
-3.201357762691234
3.4268206745143646
-1.8597152761594948
1.952830036376572
