1.1752034310140795
1.8468286272863612
5.471346282190225
-1.8085334141721967
-2.954344328823513
-0.07971577537068697
0.9481062321365168
-0.14252892913793158
-1.8669318771261676
1.4476999637212367
-4.832892546710896
9.113563119859034
3.405440856135577
0.8601095354828349
0.9988943745087594
-1.3136289106956003
7.9016126041974015
2.821281431407491
0.2490055911627574
2.346704457307945
0.5955284585139906
9.127273066949401
4.371393055959942
0.49818502231524897
-0.5875958829912199
0.14116128595415578
3.9633220837359664
-1.4651759636381438
-0.03551220523763102
1.770069955547334
6.4751715008905
-1.819412651401033
-0.3623859623925023
-4.751567085141097
-1.4333015593153786
4.112492092113973
2.0590772133478206
-0.5949010335803608
1.1212277726299418
-2.8041220774245703
4.033977429860946
0.45122613846445714
-5.277764982382343
4.283658409274335
-0.857074016980248
-0.5487986641693718
7.467126679165117
4.7651203623330876
10.037116834461093
1.6202635003802706
-4.315521329887882
-0.6768486578915689
-2.585661093208169
2.490881504687282
1.8850613040047572
2.304651745734109
10.314176792433436
4.149587093813502
-4.335299825870189
7.723227003682118
-5.508404360317146
5.548785993199032
-3.5594122238186237
-0.9467381316832899
-3.885909016947745
0.8451042848070724
1.9921664183930932
6.480751768835244
0.9597060275498794
-2.3793071049334245
9.509870014372645
3.4239701446333553
5.444748416102106
0.3214611383179368
3.035918161850658
11.870744910649172
1.2066613567524203
-2.92083588386174
1.016201613957327
-0.7275833217049126
7.735764277281255
5.8794632298239025
-0.19281001848643162
1.9133591805035457
2.5747887558849367
-0.702365765371171
2.5029037817479596
5.67631241770953
2.9271006912301494
-2.8595162027680745
-4.471156960294599
-1.5276509775362253
0.0524792060540318
2.386089518831415
1.522684940387236
-2.270589499983177
-3.42047119191175
1.798303051032727
-0.5418611855921807
2.826371568794441
