1.8405798616614004
-0.7859253300503379
-1.1729058430195565
3.8771601058306437
1.0496194263106102
0.5115973693450601
2.2027898773047982
-0.7838264155979653
1.7262558080527515
0.8380695390159065
9.131661463591751
5.055241494210592
5.794045348191539
-0.7843109807279001
-0.15022561458649336
-5.8004787921642444
-2.5583730059236034
-3.9675993828947353
0.7492439936123247
2.923345994953608
0.8069516070404332
3.985297813752802
6.545974100055064
-3.8258560497390617
-1.5645687388337013
2.7224555453584416
-4.97490377669874
9.547489296120334
8.097407147551484
-2.9665409625661874
0.427433987546379
4.472124166741415
1.4308766158410071
3.816910037063287
0.4889132623417217
-3.2457044764238265
1.1316169958334978
10.337241721556337
3.382790509751708
-6.693307315276304
-0.8645823651909614
1.3242845516100015
0.5460449761134485
-1.083324573635123
3.614617923693534
-2.354434680661969
-0.7460499385657438
4.250253324614458
-0.4910732477035815
2.2085797250021995
4.869608253430667
1.7845695235651768
-1.585727137095829
-3.1895404598990833
-2.0379131424160906
1.9136549981518594
-1.4611978752115409
-5.07513540723688
3.4717258437434992
-2.785470272913045
2.9655175611313505
-2.62288879644427
1.7870713823029174
4.807571699029237
4.908889674572755
-0.34567269689801117
1.71959284132548
-2.683748286501838
5.781845726427332
2.775443109803841
-0.13933405978321675
-0.12611237530281377
-2.7452174571178958
-5.271249269285979
7.327127226631203
2.3958268173990334
-1.5259586545808248
1.0713708358176
-1.9740929234835458
0.2988759201900192
-1.2140521556131194
-4.6689086496243455
-1.7957493678163314
-1.7312986262903083
0.8591308383071548
0.6152859200514567
-4.613058242536397
7.512297132312935
-0.7242372553345523
-3.137393237261621
-2.792438831308652
-2.6314212007746427
0.1046625393488447
1.793567623646233
5.2217033724053845
0.9138310197642601
7.366064046076061
-0.15132716873477936
3.264182459136144
0.7591971179355095
