1.5872208681021953
2.418839769050857
-1.3676058835831975
-0.7250500060627412
2.3069142164526437
0.06613697310456115
0.6779151646426658
-2.109677782481457
-0.6736429980347474
7.0697137511874235
-1.917478763379247
-2.326016112261159
10.67177716634723
-0.3175502593936134
2.060699614280143
9.006167686087144
6.468880158014443
-0.8676313685263624
-3.962542037448525
0.6832617046666724
2.6188411984443425
4.661449709890916
1.4599468427395332
-1.5551922792661221
1.760417268000452
-6.214265532398944
-2.6673261497313345
1.7142396484254308
-1.6067611354512028
-3.0274333243710947
1.356153348660615
-0.6570515232198106
0.390092186547074
2.129140400329585
8.58366263141041
3.2251353442719477
0.04468698392213709
-6.071901003135016
12.047540672700892
-0.23987959817504056
0.8941233676532383
-1.016986958171124
1.5205392826155433
6.82052958510087
7.430278509679075
-0.8022607730317948
5.174608282372762
-1.89211936141837
13.585075148841698
2.5335816067885926
-3.591131480943238
-2.3122167651423022
1.296812991211656
4.354845325518966
-2.0688884751760863
-0.4655200666695775
5.704197431894162
-6.774414422583189
-0.39099719594945836
-0.8456986588768838
-5.362276920701791
-0.4362378239144903
-7.909494849124352
-0.38482761981548486
-1.3233235172221476
2.06710857623586
2.906513944383473
5.23128720375461
0.027885096417260967
1.2566766409436978
0.4687735863028913
11.389106508311302
-0.0742756615371648
-5.7713653036044725
0.3095274347591874
0.5129772633349408
1.2469853906719135
1.5919138389945295
1.3901822468813194
12.88457201783401
8.960644717229988
6.197018933437862
2.587161222155951
6.298618862228338
3.6711968114128943
-3.09237233870856
1.3461994791145795
-2.640244725136312
-1.1468944949892694
6.461521180765727
0.35039648352392516
-0.90291850768969
1.6297558879836027
-4.847281827105855
-1.6815692684135484
-1.929106969186691
-0.6189262962558519
7.164936874752771
-0.7981339964496637
1.1595923795783927
