5.317220826860703
-2.6791729803434436
-2.8516362947434986
-2.741425511002607
4.794209986076538
-0.17903673952705457
3.6196460005006017
2.8963745409969333
-1.4995251739096245
-1.1147747821844298
3.4626258523645705
3.0579462165172444
-2.145469658466193
11.914957495878763
-5.872269079646942
3.230952155325731
7.355296942140527
-6.95891722509244
-0.5086095601162874
0.917075506740072
6.39125555394326
-1.0946514993194434
-1.1334764160605746
-0.6864754724878265
0.21188281413030624
-0.6885284418203839
-2.7934776879826617
-0.735349954284839
-2.4166977222301185
-2.0070429633702678
12.365742290147963
-0.6069821427945545
-0.17664815952153948
-0.4571444754293971
0.5233112108624733
6.137882503183036
-7.799800071455346
-0.5874265857573021
0.5927342009493245
7.956144213764496
1.7565449796109878
-5.737402520999709
3.683902681340831
10.257431259001905
2.377941164167
1.4309461119151308
-3.472308939312027
-2.5151576457848894
-4.589869565618585
-2.02364455836232
1.8452948035502605
-3.6113856655788665
-0.5805052476675999
-1.4894565058362947
3.918280148127932
-0.3186442366297858
3.9959297697232965
0.25948334460652894
2.4975207555304526
0.1683776271629688
-5.253060218863128
0.35923466325272146
-0.6372550055467158
1.1260403722448997
-5.602753390262954
11.819982294591355
-2.2101750245469933
-5.264822272393876
13.918545246228671
-5.498904846626134
-1.2239426718755366
-4.217869742981633
3.1888515815084846
0.5011690689730186
6.738197363603095
6.893277413545388
-3.2089521817425752
0.8681298559614445
-1.1067767086939468
4.786092569366289
-0.40564385780679874
-0.4184550485475542
1.3998880931515973
4.00988330161498
-0.9639932334836847
1.4002040829840845
4.831760811437995
-0.4105819757990692
-4.589697982270868
3.764324470276823
-4.259384084903095
11.141250175137593
3.3020428048894006
9.955925748439377
0.030969720188562325
-5.453979281492127
-2.93441029397057
2.430059092127583
2.981533383347778
-2.3020841347412895
