0.8465098904605826
4.126488454778357
3.9958984793479266
0.43827472360237696
2.4444778257441127
-4.895329035681671
-4.585839669189668
-1.7425749771664234
2.3662149341821213
-4.97356577419214
4.552992523121425
-1.0036616641869962
-1.9833115825266452
-0.15325730900082574
2.050354472522289
-5.403322402483891
2.9475803264921794
-1.5522644430030927
0.19616172953983563
9.732335128486323
-1.2712793406490315
-1.5026630692747176
-5.7037013267084
5.8388871924038686
-5.552609358475319
3.3157931008701818
3.4597235213448583
2.6433943495319574
-1.9560560829629081
2.2971612701595516
0.08227160691334484
-2.3307258679419567
-1.2915899989342587
2.947886760366843
0.2898544104049741
0.6847656388015154
1.2963070528952798
1.886105559789251
6.228485504946335
-0.48437369514681444
1.2275367541078535
5.549057988045007
-3.732882258245123
-1.8638991433278984
1.6286007091634755
-0.5868770197561777
1.9557904349533168
8.613299893683234
-1.6688005394840881
-3.4901582001971776
1.6144947717815405
7.2996927859206835
0.9130844463381582
-0.0004281074319140786
0.15471340798709746
3.2193951201263773
4.362490563707003
0.32213255314888545
-0.7286736542133563
2.8144406794092225
3.2602411457239073
-2.4904603222812867
3.1303490164007592
1.5617998193092677
0.6885349055305016
-4.46356239049545
-4.080074773455823
-3.460911029710873
-0.35307795302832073
6.320507360996211
7.745358079778765
4.474835197232307
10.365280155551632
-0.2579719050556297
3.0962631794437185
-1.4079445207790233
-2.1105776781809653
3.0677096404993613
7.930109197235103
4.788253399714324
7.305698992986374
-0.02494954185976528
-3.0605245791796287
5.035655335188558
-2.1719882492221902
-0.5729188458144123
-1.0594532391053102
1.0884744390575805
3.1305903468159895
6.005212770127861
7.383437381457153
3.681855415124345
-5.352005889916747
6.784408313026799
-1.2810855083117314
0.279506424360227
4.2654479134773995
0.8750286973425602
-0.35913253104826715
-0.02278325966578939
