2.288919356323964
1.8913664825886034
-9.594366219916514
11.853031366889246
3.794139854339559
5.188751512903585
-3.899494259769938
9.59829816866256
0.705887870146174
1.0882711499470092
4.896925445589955
0.2256151584599062
9.775240368279064
9.150313812022759
-0.5433888414824106
4.3812978636890625
0.532664507408121
11.119345295610929
4.963900870701672
2.3461174576922272
-5.692199642279104
-0.8129855676457897
-3.515736947967676
-4.766563340656948
-0.6982537558874913
0.8574930461965707
3.931496719586929
1.0373314573604449
-2.806021705662393
-0.7890734667127601
3.2468650002886292
2.7131132741799195
-0.7576434262290055
-5.7057216155745
-0.10448558727109664
3.3660918223391523
3.2694296167528867
-1.2003825105511035
0.2776161229917693
4.188442515564224
7.016335356421541
8.140623135136623
-2.9606125889095734
2.3072304101462953
5.105315918843938
0.25710362383458635
1.3527868415796747
1.1781128484193544
7.003202506705403
-2.3018879554987555
6.943238207432322
3.9618960461267614
1.373841465603528
-2.1610888367191166
-2.295840796547076
-3.9774068630134765
0.5506605807813248
-0.19951737126194874
-1.7383841461110494
4.223775712596279
1.1881563124937267
-1.8242973900224482
-3.8712118334111563
0.29954505273181864
0.7385158217293704
1.281749855074784
6.248071196362936
-6.515156392543281
0.7422973816513248
2.2008750865977205
8.270414094989642
10.35857770830678
15.03048016928751
-0.15569855767477758
-0.9295668308187532
-1.7272825034917352
2.2771799095989906
-1.7290521405338106
-3.72252581752812
-0.341568903165405
1.5817815708565832
-4.193419165938191
-5.239488036619966
0.5062499324297516
-1.5349093990853335
2.4721649335045432
3.678766679519157
-0.5326483118986896
1.3619482494198945
10.833471794127984
3.4438670286867037
2.400301494150263
-0.5267169593296348
3.6551219291416457
5.084774288757164
-3.556806391897257
-2.6416064426943286
1.423931159967307
2.378895745190908
5.808229959356767
