2.644156759047548
1.4462183664870247
1.757477732492879
-0.5075245995673648
-3.32370577310068
1.5425579566490906
2.401971731156099
1.6343709096396695
1.3203616356227528
2.3089121284521505
4.3780209604960865
1.073036592516157
6.064891967591471
12.151026396934421
-3.150437578751487
-1.1962523828325409
-3.3606787110917926
-1.8411764104124937
5.3498123259662815
-1.7749260919243444
6.47761533394409
4.371990610735998
3.2402275388255735
-3.6390062157954026
1.0714370585580115
1.1384662565186856
1.2714243867530595
0.4770489610429576
2.807306932725499
2.88628332558231
-0.573298542768177
4.290332700876229
-1.230381670127593
5.071726325393698
0.12141028997757786
4.04348635377201
1.1988282531218157
4.728592590357645
3.3965269884457463
-3.9189253936462247
4.3616147253382955
3.9654723176775724
-0.4214338485847534
-3.408223505045486
1.476190430748332
1.8297184933749284
-3.185001638280297
2.915732509464722
1.0328781730145118
-6.573743882538484
-2.6354874044125154
1.8506058721652132
-3.692963071892847
3.7207927730819153
7.51608147482771
-0.5032139073174821
1.22864503012405
8.3583560139881
-3.5180941463595437
2.7504694726749475
2.8165572433188597
5.579298618662168
-0.8849586014450195
3.31770834173067
-4.797905327178243
2.871389233763479
5.561066928851943
2.170731486636729
-1.827852705218553
-4.234231748268612
0.2062005415946743
0.8688387294578693
5.091802250432517
0.14168776919532977
0.884364312185429
-0.8615313035146824
-2.6420091847784413
8.766955494309792
7.897775508634701
10.23674440974233
0.03993395505417929
3.0117708931652323
3.4363453849597696
4.109123502626614
1.3208459018672154
2.6784516801999074
1.5653864933355544
-1.9276886003172224
3.8474578853374677
-2.5495594132787307
-3.049746136077728
9.441213708493997
4.038976933720869
-3.5579365749502436
-0.7699950834547302
-3.8399724834651927
0.7726486036805055
9.61567536925914
-4.148282792659598
-4.811819375663648
