6.709026076133078
3.3128061617822846
1.3824101454757183
6.359903288737299
-0.45089526405737623
1.3367990807043015
4.293982076011454
4.393531546219609
-1.9112148416200312
-1.5497444614695595
-2.9045659597276625
2.6367959794953526
-3.064064158254073
9.551164926424988
6.335115083490137
1.2477978302656525
-0.8369105542511998
0.9204029228798978
-4.423520340838534
0.09556624891631157
-2.391954578150539
10.46937873771656
-5.1758228589056365
-4.536268503043687
2.715252141961338
-5.515921870808797
0.17276126931302194
-6.103829164346298
-0.9911179085940376
-1.822783482581343
-2.6295239610340437
8.173862918296368
0.9538912490501987
-1.496323727166283
-0.5223292772108786
-1.2956565910096467
-0.9912749758350319
-1.5978657411361357
-2.0591586354634828
2.3806410528493442
0.7935304098701323
-0.7602794491259102
5.299585234740977
2.8703351109212
-1.5454386618758331
8.371173336187752
-3.15224002325008
-5.310093508864233
-0.048587660560088855
1.6469731813746893
0.6267924922133536
1.6819940833363773
11.140967338114342
3.8694940772712707
9.862495096766581
0.9650353682205449
-0.12161019565519507
1.0539703454773341
0.346236394289372
3.315210432299466
5.092943608546662
1.3071208064618944
9.827350405408925
-6.49840081899062
-2.812692955887692
-3.158916828809669
0.7927895060291545
2.0680028647674455
1.9860684555658614
1.4309331920197166
-5.593556934818489
0.33925083328861527
-0.901620996797114
1.7146379354679346
3.382348162589736
-2.062396352911466
13.723253727808958
2.596115049112634
4.009006486119753
9.065821232976404
-1.0812076701419502
-1.4746584046055882
2.411962926601573
-4.821091598896926
0.17138193492579795
1.2888770161265801
3.0265522742848043
-2.451437425031166
1.8935177418467983
7.643385554570307
-2.687420649833457
7.634589798880544
-3.627415817130661
-2.4373691774988684
-1.2496728594251478
14.548941617183536
5.320921260774538
-3.139797044218737
-0.7407093255297599
3.515095762996121
