4.377213083456419
-4.732963424347442
4.681713140515434
2.861872905954633
2.426324261198533
2.4209465586163135
-2.4046173052579727
2.0252586134565793
-0.2359853419528264
3.08139567700626
1.0489439751927145
0.14224808467587907
0.21248969725497946
-0.679376078164152
2.5997194318958243
-3.4160822510223783
2.016625891484815
2.806150466937056
8.942749981179906
0.3904041334421753
6.015294757272122
-1.1434564544929853
3.888513791313202
1.5151613268554125
-0.017039467186723774
1.1625130415137366
-0.5862741291709117
-1.5279667965089327
3.574352498453564
-0.06540250630194988
2.811369156710472
0.9577508292006898
-1.8494300305446065
-2.8082190567811423
-2.8812096201119806
-0.5776730995270388
3.528604228947672
4.497125048508655
0.4926079251916648
-3.692481851305525
0.8690791210872524
-3.5429558898391895
0.357316639938738
-0.3526227493567939
-1.8087642533455375
2.6844134647785065
1.8724278192491832
3.4123354650810027
4.345964755741157
-0.0787656894733816
8.854722874089925
-5.188432829711887
-0.8166410867813123
2.7168270845442697
7.369872224695139
-1.6507740358091834
6.866012201165619
-0.28299352058923594
-1.242186830923936
-6.176611611492692
6.1685076206576
-2.4770029430519345
-0.9850144591322545
0.5581982262678032
-2.2199347089975867
1.2025844192831532
4.62909312231165
2.6156113300378743
-1.8741313522238
-2.4402058552385517
0.12469121820702003
-2.0162815315852343
-2.2914897393849003
-1.5611175496590046
-1.4134010484507322
0.8388550874346026
1.6244529028966892
-6.896321123977707
-2.0405554502236605
0.3809929220313873
1.770250944487152
4.61183235100094
1.7523197129464592
5.200208041122331
-2.326078279861534
4.2747331313115975
6.3591239381991675
-3.252912995799356
4.232467306097481
-2.752565389156958
-2.8155852159270482
-2.706441030833392
0.3227906006694969
1.1842648789851884
1.5250046799751167
-2.348162153721213
1.6615828824328132
7.464717145810416
4.855380538471417
4.494654201013769
