0.9404547240148291
-0.016991796527372535
-0.40033837117451354
0.3368131298204386
6.155781825019959
2.4896741607587
-2.7176833747273568
5.623162662206957
1.3375141963451138
-3.2450650803953924
0.30050739003446003
5.193543686889338
-1.6638730634215264
0.17087753365029074
0.031052305301091238
9.263412440956717
-3.2153240698807126
-4.596908863627148
0.47023880351748526
2.8496620851281147
7.630559804997285
-0.7220720799914957
1.499808289732496
1.6964182613417242
5.527071497606098
-2.5368554004678954
0.7583803584377175
-0.2533364263117796
3.188473824136631
-5.344880997819777
3.0871181069789033
-4.44957767055113
3.702565027840321
-4.839043655150096
-0.8921220306616496
-0.8582450922174717
2.715747800884711
0.7247888253737218
1.5586702599989317
0.017242606579073068
-2.7132385005302666
-1.4120681524057006
8.057188995388174
-1.0623467639767747
3.4032048679321925
7.960561309058329
0.38179973991996696
-0.5901922749802138
2.52940238120664
2.0060615535715387
-4.661712950852367
-4.209994947909126
-2.9129141729927865
3.9456394315048797
5.983422566554456
1.2268258355103063
-1.5049779198020579
-2.952823715718779
0.09034126596615855
0.17380530254051157
3.3087010979201827
1.0348414355921838
4.354846880836877
0.3422182892522827
1.4957079513135854
3.6760039212897384
1.139142364528546
-0.4280770025898383
3.0902123652583366
0.45820181789660763
-3.9010570023862075
-5.0275405542366105
-1.8441798806974987
-1.6914652366658607
0.5293707757000936
3.0734964999448056
1.2833033689675322
-1.737791994285567
2.2032495241667815
1.340171762963767
-1.38045595568963
-1.6228101355708717
0.5745637845660951
0.2190287141382416
-3.5355457632613287
1.513378762378697
3.959806616517554
6.67590649591349
-2.058582799879648
-2.5843205539368053
-1.987951374245765
6.291699444720253
2.4441423963346005
0.8055138885772397
3.325866893737566
-6.107082545279796
-2.640916735366547
1.2273385216820767
0.2704113873038608
5.826082496139427
