2.131426470666038
0.677367476461984
0.4443881609454005
0.5502916622083739
1.2420270781911613
0.5222045635583787
1.6186852767251008
3.874571880117635
-5.4941391306868
-0.7301840178845385
-1.1411615921884373
-2.688136490994087
1.3483972638700068
5.60691403884184
-2.092346827287357
1.3650144150198407
-5.4055671454075105
-4.118566180026548
-4.052920437590112
-2.9364946077008875
1.1421043046924906
1.1169428514602766
-5.320177079254506
10.992572922281694
1.2347476476271002
3.364352490082158
1.8429914100597125
-1.7324665103054562
2.8769889197350578
-1.8807492851189909
0.20085443163687028
-0.18912320667339036
8.402273639235332
8.101795598409728
-1.632655785395455
0.8239090778470142
1.1838428262722105
3.1138299345086753
2.173071727325165
-3.4011059131701566
3.3832048011638625
3.775225024854219
-1.4802757334869039
-2.441262848466385
-2.206717167553332
0.3665804169297684
2.422755697252505
-0.5307936663177791
-2.0237481616195576
4.75153326653474
-1.244160475171941
5.757507930287513
3.7778246376444615
1.9805003457612242
-3.046899039347376
-5.937012741351652
-0.24885088353802443
-3.239845762777877
-8.537885637791671
9.781799429116305
-2.440567565028439
0.42039352292839177
5.578601147089424
-3.2912163479976075
1.5008149356099283
-3.367165741855568
1.544757906488089
8.879999985619047
0.2532491516233565
2.295631498199659
3.507138473910171
1.6821254710625202
0.7166084434603383
8.995208907976371
3.8148013835612073
-3.2903156533298086
3.412142982683137
4.375196886750129
3.307692483035842
8.365128392361441
0.6544969320174732
-1.1622101484868093
-3.7251781681033247
7.906122001807457
3.8763204832383904
0.37682119774789624
-0.7279660088153657
14.067505240363786
-1.514010007885736
6.679767700968428
-0.4620863228660228
6.360029129528385
0.9099233726433742
3.754799335742602
5.0662431599346744
6.949148711509306
-1.0868992209045922
5.432746474223382
-0.9503553735386067
-5.857730134771388
