-1.6919399474203893
-0.1629794354673229
2.2753742836485324
-1.0700323701388643
2.908073235817855
4.831552934647802
-0.20734255740473598
-2.144730193625471
-2.0666160779783684
-0.01080457694561248
2.0591601606012686
-1.6666931530983344
-0.5059938414396227
2.3449846245090287
4.0575326145925725
2.0441886915515894
6.820322911524917
6.825567279716806
2.1499391095022604
6.435789120655883
1.6180561620210383
-2.6012753757230307
0.11466679881733975
2.471650446758427
-4.769647971034272
-1.6985615215905998
1.5554982044893726
-0.12840893045175858
-4.522625892448337
-0.9270993871649295
1.2472089158472812
-2.0180379569376767
1.0357901126300435
4.98275171056968
-0.7432253910726976
-1.299794131555449
1.3537336545053575
-4.43424952733098
6.843330382268146
8.443670153591192
-1.0107268219674272
1.511758371577501
-0.7868613731993941
6.7599972954697956
-1.4888497993856655
3.798547281426371
3.0296299810100615
-5.229499694750557
-4.49867403280307
-3.192291954709103
-2.101277645106091
-0.579298888077752
-3.5274726622523795
2.462344626300543
0.6718681945334029
3.798058216836421
-1.5158367284929133
7.002049420173613
-3.9841341752904746
1.6093439273488461
-1.118296888098493
-1.972301716580563
3.6326686983185836
2.734581710503152
6.046331462255381
4.2676127223273195
6.641162578265361
-0.2223988316595294
-2.23380833657885
0.265171558806433
2.236688672454359
-0.23931364506845051
-0.6423573069133945
-3.3235011789816133
1.2725864511205556
7.790884369791765
6.784423292128989
-1.266054452291184
0.598678731718914
-1.3615359309717778
2.8008814484968156
-5.614684488944237
-0.26292882600090695
0.21951168797750642
-0.6271438529829146
1.9654240328372043
1.2100901776524435
-5.372785919355932
1.6032810360081902
-2.3734345168995077
1.3710303651087972
1.6635685236159925
-1.539391043689374
-0.022376914178646956
4.0637361500921
-0.4667733961736192
-1.3834519489697477
-4.200762766590849
-0.7821547069327013
7.404556885893103
