0.30287702192896165
7.7880550280232335
4.636070663789153
1.5140578238645486
4.740978101129558
-3.0658323524920164
0.2774662104937371
2.592571186468243
3.1528105614212394
-2.4688248047208767
2.3083217530863385
-0.48957435136620064
-2.5790520158302925
-4.53257125475477
1.8899441176424951
9.587868866094198
-1.1616124427930503
3.0003749456454716
1.1349848348242415
3.441602358822104
0.747329738123293
1.919902979331795
-2.8795822889673506
-3.0111316958957293
2.945280883535029
1.6506046362451086
12.069163400499269
-0.18425750521755724
0.9199497480912486
3.6729725161165088
3.177080427321157
1.9790624053023373
-1.9039898273561529
14.653832152453429
0.08083975692084044
-1.9195091136883908
-1.621731938129586
2.1703900775772422
1.3353051607598914
0.7167761248566145
-0.9446819796893091
9.03023444413504
3.0196915197619445
-2.3881656242008242
-3.939214120937861
-1.3270466858730936
2.599266961139543
1.0650519381871875
0.7510154195394458
-8.226318290466914
1.8959401396049615
0.4624922531762148
2.1505715824037157
0.9001765433550046
1.2468175911249182
-0.5706399605992956
2.8160818316077787
1.0326026413381015
-2.560014769887421
-4.661961968056584
-1.2621095017282071
7.5811270670161495
8.643933044003992
0.8276289976231772
1.1680498045804468
6.148273441920718
-1.5527219706162012
-2.832921041414312
0.08468347846592429
-0.35167143873707385
0.06331472490182094
7.695153723213108
1.5312919417106714
-0.5514233123802579
-3.4748299486591336
-3.0300066924345463
1.6013576300372896
4.780438482718065
2.09770888140302
2.2883599945426587
-2.220203717619503
-1.1485749608710107
0.46474829501111686
4.34292459006085
2.9293348625875764
2.4827565795387523
1.5420773048361018
4.313999746638967
4.601586140960948
11.14780111135697
4.720126280604202
7.254792671842332
0.7378416326275394
8.082068892200077
-2.2532815985022783
-1.3529917201792974
2.8704183814375597
3.987375410346082
-7.250454802364704
-2.3819045735817252
