11.527554760390416
11.017708693855091
1.9045709539470908
6.837484890697489
0.5393211394703954
1.4669100507003106
2.69460063563712
-1.3959165716972857
1.0459158380789075
-3.5675730885322494
-2.3234122933372543
-1.3736047433824639
0.2251554361913789
-1.0983442810892594
7.10893841101397
1.8364128029165225
3.238893207628881
2.247332306581093
2.687375546640572
-0.12162380214588199
-2.497273413161297
-0.5865714254771319
0.1413677607589281
2.253913559396742
-1.875405550719604
-2.2108941339308013
0.03658013526803899
0.8187785141406114
2.563346202844518
-1.3439157355214781
3.2624281191345768
0.46983690323230903
1.0929539973981934
10.223796556334609
5.852114558704053
-7.6600449515406295
2.960798716620742
-0.639539851765813
-1.2912903640605022
2.3836037215810144
3.9548029910646427
8.481469317967411
7.059503224875183
1.476386580707398
-4.443093671161732
-1.4219112491915586
-3.4210844497524375
-0.23105536968967605
5.302844226496552
-1.8482075383091452
3.615081812545416
8.257036636166072
-1.6299889845289073
-1.3013337431035346
-0.870611216541821
0.8171270613320014
-3.929551183409978
-1.9074621633187574
0.8464186134614046
-4.140744816794238
2.3322017604755416
4.2051758173388825
-1.7145828161106063
6.423655852818642
-2.097505147701109
-0.5924131148041951
-7.195291631694028
0.3250147311814646
-1.7269099459400319
-0.49963716953088194
0.570242797048585
5.147266088539252
4.7064851171402164
-4.31402665018519
-0.3711400390157057
-6.52665973366163
1.9210233670562542
-0.8479435776047757
3.4047357353724674
-2.270746775228651
-0.06752399285359631
-1.8283449224368649
5.094539915202237
-0.7760134537025345
8.99629592851404
-1.1436559293821746
-1.2465942382785935
1.266930818138262
-2.636610343249729
1.0147997579399368
-0.4010832091820492
-0.22100589019556477
-1.2246244918493354
-2.786649495671533
2.2460025017266094
-4.609091481917365
-0.7056631838879753
2.2315835861219093
0.226703133187044
-2.6436307498799363
