6.345511357894928
0.31797140620134956
-7.98807053551457
0.174810015692776
-2.9495284875038776
3.7626263291902537
0.04711507174010289
0.9149533234941004
0.12562882959928506
7.503515997083179
-1.555393516791149
-1.9095109743053227
3.9137913376816185
1.718867104045594
-2.136900324046617
1.030153540874629
-0.47474005689749577
8.002652096850248
0.4360452961219673
-0.16275144327692026
-1.6021125344346685
2.0366575198502446
-0.27383494927145346
-4.829191302886285
-3.0148926917506405
1.5291976957902225
-0.76814586975753
4.052755955932502
5.753671451785715
-0.472468594141441
2.2406375286713605
1.797257765727721
6.823896739925645
2.347355030235643
1.4768275289175157
1.7468447355231853
-0.6628706343833224
-4.172943720881194
1.8556712706963676
9.973036565626774
1.2255859585576885
3.961154731273758
3.2658553877588696
2.3136092902526912
-0.44859655607522486
-7.740943267144534
-6.3290972744712715
-3.3797060947407873
1.8350606024689626
-2.9341397162342657
11.67998612101015
1.363207627455728
-3.297736202869756
2.8074234010493537
-0.7831716904008184
1.9709860575438458
5.364819797173135
-0.3419899090698542
6.964009110680825
-1.4383271272340172
-1.1436662880228183
-3.766602404910354
0.08940870194489062
6.50773498376184
-1.2134573959671582
3.227326024515965
0.7446103225309192
2.3596219097887134
0.9095459995251682
5.137477021180867
-0.3918770456858113
-1.398831516121372
8.822532335749727
2.3611407365608477
1.7587126253893535
0.858362065072661
-0.13207860444734984
0.23009235168630085
5.94537817058184
3.266530615726614
-2.3151218248288963
-0.7644417033972177
1.9089277258146384
-1.7060786608619138
3.3806146759926348
1.7360121329593277
1.5103465374311962
-2.463115399442116
3.9019662458855784
6.681607818396991
1.308194572900116
3.409966433036125
-3.976564889260467
-2.9974590396900735
-1.5956253488381107
11.715175652126305
5.06968658487798
4.211015612211905
3.1610885643292628
-1.9142777110350981
