0.6288908783231844
-3.8907426649312615
-1.173175895325185
3.3455644401938907
0.7022708795680102
-0.5363835361787089
-3.2691120317163156
-3.672613651091266
10.337200527553225
5.6161524322808605
-1.946304617191711
1.799167274751017
-2.9313105346249926
-0.3668821198629805
-3.5218020458832493
-0.8450863657821435
1.2639346838957892
-2.1058984867239503
5.634782669013964
-2.4018187957164265
0.8791923601539856
0.7617237315177614
1.815667828909623
-1.5637905515337602
-3.8214624882968344
6.850996415336403
7.795397248205971
2.71828278235696
-1.1738730844482168
6.634415991137846
-3.6909945456263014
-4.912198153650806
5.665364171416705
-1.917530577332087
0.16025318840931624
3.925040643409024
-0.7938008813403437
3.9771057986664164
5.617828047381855
1.4407501644553091
-3.0192343265645687
-1.8591148276190115
3.37650962568231
0.4558407319561021
3.47178003107674
-2.902656593704832
15.135894715616512
5.227391067268488
1.7747796330187082
10.25932937625338
1.5736182059981374
4.487265949694612
-0.22669594848852026
6.435275314124636
12.70145287482468
3.0217756667587037
4.007370105936975
3.5283659026367156
-3.3017358215118082
-2.8437829622519093
2.517861278926029
3.6870128087089773
9.105876852765359
-0.42248539928019774
2.0724520073693387
-1.2028093813760643
-4.870210471681313
7.938980647482613
2.171631904571788
0.5513316878581819
1.3352597622171472
-5.93330034332224
5.549835487153189
2.3095786913523204
4.562093326546388
0.2922478066363981
1.296220923215496
6.638399621904264
-0.1948386101995751
2.7206296849461817
0.9541042559840771
3.4219459604249547
3.2759453773780707
-4.130109046586098
4.837810826195019
15.030363607054898
-3.6756087809619826
-0.48626205255242727
3.243798275281312
4.090579155047726
-1.2992957595930135
3.0357482689308863
-1.4285983537383093
1.0810342069898595
0.4304728444682876
-0.25800144178842466
2.04785742707681
0.5762185031174365
1.1619108275787728
-4.371106773415574
