-7.427920344973909
-1.6289101163917183
0.9542250254690232
-1.0590140175879528
-0.5225808306461294
8.464530452359597
4.844772035557984
1.9626279955100014
1.4659713393283154
-2.2266112818892436
3.957836710434779
0.545489456362879
4.300240361291851
-0.9839827658841778
3.467490531978221
10.247172872415213
1.0742550580794137
2.532284552484699
1.3334394718730624
-2.5496145156715433
2.4311048871257803
1.8843533467798648
4.873339314464787
2.4672335395126384
4.064045696671912
17.66034579049953
0.6345176995477162
5.3721431560594795
-5.008177842660821
-1.7209685500917014
2.9741958070003145
-3.925707926010242
11.65660226414724
-0.8654614093031212
2.616772404706081
0.8250020715783889
7.9596465540389145
-2.435694945551503
3.7609612013083105
0.9662597790520084
-0.0234248654542532
5.651644364850905
-2.323412945404827
14.054284551160125
-0.7112621944975378
4.801130525986207
6.079939878378672
4.707191975589902
-3.1662271627278145
-0.6333064947198199
-1.2174129949751573
-2.534990898210103
-1.0895030080679726
2.5757735972308042
-3.6233546577587
2.6778770786056807
1.3158553303427207
-0.6803380459147349
2.81541782965126
1.820129055431734
-1.445865480498834
-2.794426890655439
6.421707220477921
-4.411441340645048
1.7135513528335586
2.230796478839974
-0.28957092911760823
-1.7849651009711225
1.6098504816974282
-1.722601822503671
1.0588277250760196
1.2196713494584683
0.8433190295190579
2.1928094937436615
-0.10348677077945723
1.5266419611388247
-5.12709058129848
4.562474948517329
5.667440871681935
1.3832374950841828
-5.965993422914121
4.788474647993212
3.714468801718312
-1.8958377059452678
-1.465884112464714
2.2678676030792557
3.357307533270843
-4.844220139106175
7.927781137386079
0.5004011030454656
-3.0735713164036618
2.9994011441648736
-0.4826703574680734
9.385748813316312
4.590293026845065
5.349566472898522
2.7476922603121747
0.6952787837163963
1.154627733337582
5.68399575529238
