1.7477905743363864
0.5973929069935823
9.569339080747321
1.7399139362379878
10.835886191213923
0.6171287002690674
-0.5141532267373078
-0.7981849310098523
-2.367757268873821
0.27729666301311895
4.030648620431661
1.795853524488728
6.5019540014495405
-2.7225291008369483
3.360524729700117
11.893528032217711
-2.62694728985843
-1.1250713154942082
0.18784521778837682
2.5774359446041832
7.7510435358717995
2.8444736110480924
4.752443396984177
-0.805689780480878
2.4829952999663396
6.183229165672979
-4.107366425260791
-4.7032009418018905
3.7791063014257222
-1.3524357782093908
-1.5502659050061864
-1.4855204020968569
-1.1961225080787772
5.9079193214890084
0.7299208720355048
4.840923651804665
7.975806556489585
1.4506482882033862
-3.8188495338799875
-0.18520502066142835
-0.5796933104573212
-0.03929357288233061
10.850727115390937
1.2967016890899563
-3.610325619119839
-0.6570032205228704
-0.09340689052596737
3.1129162599576006
0.9230296424974762
4.780363126352125
-0.9067026077197822
6.439873698397599
6.363833753646734
-2.230289977644132
-3.900686409866611
-0.914085967429056
-1.3247360902334049
-1.885187441549983
18.13995386511823
0.959389382405764
-1.3626057049168387
2.050987808980619
3.274750075673782
-0.19586921026594584
2.5211316811538445
-0.928008268889136
-2.8090946933788943
3.495483940910629
7.337863128493338
-6.349735988127618
-1.283102096843397
-1.569174308103729
6.208396722786752
1.4671815015447383
-2.1736606306493558
-2.783054045222901
7.9061084530939425
1.2162840466011877
7.148782579002106
5.245483406264096
9.245893856965038
-1.1672616606314608
1.1935853415023319
-0.6518492759336858
-2.567125644508213
-1.916734352767506
4.917568330221292
-2.652460974159726
1.5384477726606078
-0.32042911311788663
-4.232482691857274
-0.725181696548999
-0.9869412702298139
2.5625576671697115
-0.23094547117336522
7.4183104295600035
0.6309633723901555
7.167505260233157
-1.256545362989151
-1.740388532771226
