-0.5350724347654519
-6.130037931716937
6.5496709726364415
4.674289702340091
-1.2894703525252529
1.838629049415411
-4.809556339989475
-0.864806524767997
3.3749755843971467
-0.7629198050536257
2.548713043221862
1.6106607402466984
-1.754406422233103
1.9618926495363267
3.877573485188311
3.1862506087995426
2.550708422381878
6.774346960386348
1.1250499319921567
-0.706677554384937
1.3410678972883323
3.5325514385578214
1.252778806083299
0.5628169314878089
0.8501303345914194
6.2815975603629415
-4.274520635804938
7.488519020193992
-1.8015645933909386
1.7532590689399035
10.786800738471928
-2.4922605010050245
4.2214318570933544
5.654916166677299
1.5281991389180591
7.038129952420495
-4.42646528261206
4.748958082543947
2.095884346383503
-2.059939478530058
-2.089423246134455
2.582378067416058
-2.004815111988841
-0.41688043634583855
0.36321628450498
3.8211616997548155
6.541002764890193
0.04263614589004834
-4.693595499729026
5.276649595761432
-0.721833007627813
-2.1389198762672947
-1.990670105615414
-0.3679982335949503
3.2730194411198736
7.281522711564889
2.8701379809528147
3.887232096994036
-6.797215928009839
-0.2261288375638177
-4.749778269566078
2.3747659675318706
1.2509375771609266
8.378038018720874
-5.403762570745364
-2.0281342237332467
2.9069752976487573
0.8925859650278758
-4.607401412289905
-3.0992863678898597
0.352096478038648
0.7579052359631232
-2.4183316236217456
-1.9192796469930742
-1.8050250667893886
4.665047507447135
1.1317511698519456
2.0050736254564057
0.16514753321716757
-0.8099388686715152
1.9385687941859726
-1.6678250300587378
-7.318561308795949
2.4834410486026437
5.8588329368793
-5.733076838696059
6.289234064948323
4.07265654464279
-2.7815171401883863
-0.5878108804156655
1.8406510883175233
-3.159896303860889
-1.925098297400348
-2.941373040310453
-5.1963049988289995
6.13657642487594
-0.013808644961592512
0.2537763898907186
3.28708194103757
6.16543492540129
