-2.421517859720735
3.8679735890646434
6.416146983855918
-0.9900451383347402
1.9973890535346903
-4.103245968806654
2.194458423870491
1.268261683603022
2.0955389064090477
6.692083140112284
9.671930448388455
2.9167393088430122
2.2335122837980776
-0.2197868960097642
-1.3494357432932356
-5.510422389110968
2.19830765081699
13.452019462947572
7.0516348688473105
-1.5748589227743688
9.549469311186956
-0.6025967266425439
-2.747006284419772
-0.28788421127261277
-2.148642616155605
-3.823968093843639
7.878379975841847
1.3937996018158785
15.471700813802027
0.37207710083695006
-1.5491457354168148
0.9959324602267441
1.2046895694624271
2.936275158609967
-3.3385577129799464
1.5363761322448672
1.4522150771226172
-2.52639968086182
-5.646616519106713
-3.098592526778105
0.039261722765153634
7.638931111487374
1.52740186390982
8.218182789679233
1.401813534547038
2.0842293088910155
-2.514715580615392
4.045256413926778
-0.11066769107942157
-1.3871981999238978
-1.087841620907969
-1.250522116853222
2.919698649522395
1.027763288566719
-2.7107049035054365
-0.45176367842353954
2.3395281195999376
2.852647215318539
-0.7163878808987424
-4.0154949678506
-5.169837164941417
3.258511569262909
-3.474511363107129
4.02958558122663
3.0912360192557715
-1.1154692622230085
-1.368649485683921
3.279955237641888
1.7436490641032367
-0.25275440701088425
-1.702145288601688
1.2695621837369653
0.19413094648046447
0.6690768714570972
3.0597600285150715
5.479625354320801
1.5414441544070228
-0.3115920919134201
3.055543667881971
-2.135300354831914
1.105460045753315
-4.47514826835852
5.148877767345379
1.3663392557922385
-0.6902324172595584
0.050738901204398626
-6.482187239300782
0.6538721535497078
0.43629510737353583
4.653158695049841
1.4464909771662546
2.0111102897730104
-2.676406527323282
1.3557041524368478
0.9553656308048771
3.034241860499394
12.515501153394602
4.278432182575237
0.23024302153265822
1.9096652616387726
