8.003639664297589
3.846725486371388
-0.9320444526752849
-1.5286111049031859
7.277440650308729
3.919004892178151
1.9480001284461186
-0.01786944015211147
0.13572527011132945
-3.2811989234826457
12.82550478428755
1.0761795695120508
5.466557047631754
1.1937139182981014
-3.2346591727903564
-1.8375159351896333
1.6555380212847473
1.2569139692317621
1.9148321351186413
2.1059714620840797
-4.5320478114799645
6.453267636352576
1.5375842860453033
1.2872835918704868
0.8694732646865573
0.7466409715098442
-0.5364233049685126
-2.8808381038934208
-3.4329879497087528
-2.9214477461577957
3.2646960981696482
-0.04553397729876301
-0.2555263022749117
4.051639985397359
-3.3090584930535876
1.5764848359767285
-2.4974910293975627
0.6911883043689779
12.10476124928563
-0.7050636744990318
-1.2191942966190448
1.8544956691020427
-2.6909399334268858
-4.0571884337525415
-3.434729008556862
-0.6824050903973053
1.4119650563052186
2.6063454913936646
2.921080961127893
0.6572688528151232
-3.8633948142984424
4.41715747032613
4.368050677883247
-3.127230780905601
-0.4435429491748296
8.369316620876937
-4.07858537848153
2.8254592244425645
2.9454074617090344
3.7785830510266374
-2.2504734832862408
-2.2725529034825898
-5.975509389579623
-2.5372762726732567
8.227228444708633
3.079939548088649
-5.003641408835681
-2.502388550714664
0.0999469063641881
4.0391083723695616
6.9697603924290465
-0.0783340499822567
-5.052170971152643
-1.067620979259274
-0.4539907394292286
0.7820222166695441
1.7424072273171134
10.667747424033461
-1.9466491658550291
-4.837888674272743
-2.244387288917533
-0.8331494872428233
-4.9141096379064875
2.1643009158436928
1.3720686744524289
-0.2755429589220121
1.6399125427783752
-2.990503826016474
-2.4794554169535976
-9.017553435325574
-1.674680910813957
3.1510327675533905
4.627791086237642
-5.459302704748077
4.095126393596356
-4.64159625072914
-2.4306259414195006
0.282521994325313
-4.353864498353756
1.272414454978223
