-0.833038859649756
0.7550540663067647
4.6557549192169745
1.4087260403541502
13.117742445358157
-1.8506640943791113
-1.201044804261536
-0.1795410522266491
-1.3945879924917302
0.33782739298622977
-1.6278947990787915
-4.84690721387235
-2.915492375363677
-2.483410204514771
3.3371490677409428
2.639749804427286
2.3180569855834228
3.0589838550128405
-1.7246976075129932
-0.29383521373556576
2.9262851853491005
3.928302170062392
2.3041932645480108
2.207336919105403
-1.9890396703904645
4.568254523000286
5.764832184451508
-0.950305365347891
5.438285334867851
-4.9171266799804645
1.1820445577664813
-1.0979119977640857
-1.5536548561720793
-0.41874065365457624
1.0961915694962223
4.528948100753009
2.148767152942648
3.0198351598134834
-2.208791971598772
-5.995909425427327
5.807935705345637
-1.930825498200472
2.14681159674584
-0.8551726124675945
9.18167647394286
-0.28851032018190825
-4.347837956979415
6.690139877404623
2.0819731416550886
0.5612361844534381
1.7870622937424772
-2.138080336565581
-3.1395305153225235
5.666600858002755
-0.2689478122902011
-0.42398918585744205
8.188605641950558
-2.8778228662826546
1.35481958311685
-0.12704209593584653
-1.6672922978199516
1.8569209825664785
-4.268845456780337
-1.0799408105015464
9.876166136698334
0.9026005176816649
3.2363930740885976
-1.7893211336973311
1.528264188257415
5.10686180350203
1.7682012669771217
1.9290236743904927
-0.3327746642002088
0.2448533846683077
-0.08203376817867773
-6.618721186052703
3.0792534178311173
7.965046851194394
15.397094149164941
-6.278548226596344
-0.1754683560161386
-1.7625168388871164
3.496035973271575
3.0885415266501948
3.271999913597498
1.7022724863153376
2.3888681561064304
-3.2916880987999155
-0.39734059061436355
6.690254844488924
7.574039863405906
-1.4837886620996201
0.05618871795455999
1.013874334673281
-0.3317069692615775
-0.5020780075291664
-1.0565216473863175
5.2063065828028945
3.0343605070183393
8.150275221964655
