-1.307347778421632
-3.1242642730075287
1.922056315634101
4.125315802763904
0.32204948348392903
11.902623103405515
-0.7974251380087811
-5.4039524211970065
7.188566961338852
-2.8425781304706534
2.13821535050659
-0.6047984435663367
-2.7879362981376032
7.06704147022497
0.4611164331269606
-3.606126994061988
10.27165975513981
0.7605826474672385
-2.566401525560325
-2.633309766665308
0.21972544709954833
-1.3562880546080038
-2.4512000970397936
0.6721571066036383
1.2022462783048113
-4.3408650421055945
1.335685550086127
-0.6660706229249671
7.475068961990695
-4.101207784401851
-0.5890485274351656
0.7022913389801644
5.321251198942833
-2.262910286141559
1.4248814042240987
-0.5806481046686839
-1.292453208234031
1.721872840497094
3.4635443770363112
-4.189933708100076
-0.2951470254063071
-0.9301103828060207
-2.706742619040221
2.1983221060347287
0.020672456405625313
-0.9839722186376512
1.2852804966269105
8.240164062782277
1.1853811497216278
-0.25364155758522733
-2.039647029859915
1.542880146709929
-8.316691659145999
5.002117361741294
1.896601103445323
1.986582629206071
-3.597246292808567
-1.576441025602319
-0.34361084141444653
1.1871320291123075
-7.924956838313305
2.7784164733197643
4.892619380296818
-2.013226969236829
-3.553592895115809
1.6017132586854181
1.0903068222970114
4.794284404079041
-3.2894584077270284
-1.3103541022799234
-2.134765558339765
-1.0032710476976532
0.5338037107001964
-1.900158002974583
-2.0963359190541238
-0.9276023420026767
-8.655973836096463
-2.7155015667321054
-0.17731307563104462
-6.733128069255822
-2.5558936870491507
0.3193263366312199
-0.3011646973503431
2.885116770254732
-0.5384498868072196
-2.406263366272286
15.097649625989039
-2.1870746045745824
5.034272371488698
0.11854184447859498
3.956316404987634
0.7777922783338008
2.9904354898687147
-3.8637751472422024
4.373951610488637
0.03082354050581415
-2.2065605819661838
4.7729958912536965
0.2177813009798681
-1.640998812459193
