-1.1772515930207317
3.3799498133645143
1.2317346412402288
8.078098350588252
-3.7028490252740998
-0.20707326713701998
-2.284622251489819
5.53839220272972
-3.342041958937571
-2.152808156840729
3.7628393560558515
2.5041612810182827
-3.6904091799426046
4.874064378488378
0.2259642650622034
7.529243993327086
-4.979643695541259
9.683606269180126
1.3922692712021663
6.266144193975171
2.7875986947178166
-2.3628190840109493
-1.8164918324632406
5.94595259022369
-4.502127781674343
0.950464153295614
3.072589328355509
2.1488443556835266
-0.640991746334352
0.6148077975617365
2.493059903369778
-0.7188068887872128
-2.7697683898293954
-0.2920227523166854
-6.571747920598483
-3.7509758281208896
-1.2959336546180893
-3.249249086159546
4.807747796019471
1.1682666906276273
-0.17597954654805792
2.0470713090517347
5.564391473742464
4.046551857601905
-1.6992522156708751
-2.1950196210931585
-2.095192082783557
3.802719055535062
-0.48903570050176126
-0.6940259757791368
-0.7816071759816324
-3.3081834217933883
1.467196117595933
2.677382956236502
5.08216048318409
2.185193471673417
1.264103389563501
-3.3753394848685625
2.1398159374887094
3.524931259500146
1.3783096420101344
7.305534427088869
-5.004856957609858
-3.9543940125858317
7.355094075502236
0.25127558753027057
-4.110930650602424
-1.6265725573805585
-2.4283158414477315
2.0656133052395003
1.5302200918139617
0.4550018425348289
4.454313722717563
10.865201226072447
-3.0079802714167854
0.9077800628074093
-1.300648666607634
-0.4218332140193575
8.015053363089446
-0.8584215309617685
-3.0252372826014255
6.937416218022813
5.302394728280854
-6.185415222670697
0.26083236982354946
-3.4995834293718713
0.18992197603866356
0.6257552155144118
-4.216112440877248
12.390538873710067
-1.5665791438323629
11.783614373889415
-0.8419968746170192
-2.3021990300393167
-6.931922368309624
-0.9644564754247582
-0.40294866325753903
2.572517242334174
5.615341627226343
2.3705408939101478
