1.2838013090379448
-2.572700223136857
1.9912632546265967
3.865557422560901
0.24020954015367568
0.5709865964931815
0.004346386628401279
-3.5039729663279306
0.8698184779986416
2.8452070153477704
-2.4882486511229898
3.7330859960184095
-0.9356417902050573
9.135091706831604
10.006206053165366
3.7717020199778433
1.5480204074382997
-1.5579709814254485
7.281953489342772
5.698081905527943
2.0895991300035544
-1.1909831438995644
-3.019871196227876
5.329375592753319
-2.431911342629806
0.2104196978799971
3.1483401668535995
-0.34243715749145553
-3.4009648088695927
-4.3435175763241425
-0.7381505582240976
2.148866960705799
5.331300642220391
5.696225494777863
4.542721744858542
7.193587849967312
-1.735419548230074
-3.9951140618355865
-0.021479179704222702
0.18298504548352598
-2.8804862122059918
-3.099928882097823
1.692135567564037
1.366501761435685
1.9505318322750766
4.408465741991809
0.8430538372067847
1.9107547240955685
-3.9030686028118495
-0.34755823331302527
-0.7306642081526576
8.031560872417451
-0.45071853731399314
-3.6318059875411266
1.7603739963571594
0.3368340589212917
0.45557161351587305
6.4108580661512615
-1.0841462365549972
7.069162256829889
8.976056987331717
-1.744613805579455
-1.102256878962514
-3.229175274291613
1.145801347715031
-0.7458019785383083
0.6270812384674795
-4.25937981337984
3.595532087944167
0.3193389580933007
6.96698247117159
-2.320844673995037
10.24889641432554
2.8428065691279834
9.599201442002554
1.6878593917177516
2.2178499388840223
4.425843268631398
-2.1761623603863782
4.124476004139602
-1.9883386237957439
-3.4366972801816473
2.0028341417424906
3.5321714526476784
0.8752674854727933
-5.659950840321233
8.430427143527428
-5.771189682175446
0.6153777825484584
-3.4168072387365935
-0.4982592189222598
2.9081568786912255
-1.0056109948668628
0.2748353009254877
2.2031636048317083
-0.9450270650925252
3.3624874527466364
-1.8210493922009472
-1.830439603069955
-0.9275564275738576
