1.1554131522431275
-0.2863626838011468
5.818628743036091
-2.214396290133452
4.13405544717475
-0.9384762920035574
1.6047154733581483
3.1491592105509065
-1.906925169822552
4.244380581268564
-2.1967505989863416
-4.492047834765454
-0.28521213297814985
0.8005486390174346
3.153398858371398
-0.8836276183764155
1.551581788171517
-1.7107690144594034
-3.821802831357358
0.8426508725223771
-0.17585990092032078
1.790463833495192
-4.038765223948985
5.308505949557401
-6.5920982247161435
-3.917925830846719
2.3264189528347767
0.1478328735138431
4.2307887567205045
6.20432962907279
2.58963637724581
-4.657952033967966
-1.6137270796781613
-0.7515618889561514
1.3298104877469026
0.4645590981140766
-1.1909642556055529
2.972022225253853
3.7299295802140184
-4.439907810051027
3.8094973812941766
10.45494901800591
0.8866282910880692
7.4523001890877705
-3.1413674547184294
-5.190232973743289
9.006052060984693
0.2727145529708346
1.816088546648201
0.7329536757620473
-1.524089450749186
-2.6628999431501734
2.634855983279948
4.838393443227633
4.0882082553536625
5.828318504806967
7.764291447731987
-1.2287709588268538
0.7598829932699783
-0.7383402268598831
-0.47451321991811246
-1.8068921079988123
2.727739652901949
1.799322478589028
-2.4425477502270274
5.9111427674135175
-4.759073126193362
1.3737936077178412
5.395068745702362
-1.0683992358299133
1.181187702551139
10.229341803241836
3.3169963962219473
-4.381492358130271
-0.035610170022047985
1.598089608478571
-1.8898567893052025
-2.857525940451
8.688995699830606
6.120183853911909
0.23455051767590263
6.144809740074135
2.3918046061839235
-4.744599318049202
2.0753841953590753
-1.520442606475088
-2.957559499215203
10.138614112253169
-1.9903649935810077
4.42319877685229
-1.0408001760855492
2.9494421909993145
2.908783021033687
-2.8848180361320246
4.171929544122256
-1.1852655461850656
-0.806506905010435
0.05479765485371425
2.5224586344735327
9.627753547539545
