6.294006356703888
2.6543563770543184
3.502188626356242
1.9029856320478655
-2.0956389839068637
-3.414123550076797
-3.4942625024016403
-2.972124093221241
-4.9014775658010254
-0.9017893771036303
6.874709744431014
-0.6909097604086851
-1.5670705348105796
-4.0756951698936295
-0.026273951627397676
-0.13001191618989097
6.392408700388829
5.61476246111912
2.4747450391301316
-1.2017249115418929
0.25673077266650135
1.2025140200454234
-3.915143764758615
1.2394758043131386
-0.034600949877379376
12.976081305942321
6.1026070187073085
3.959985148322425
4.507980410716541
-0.834500184659011
1.1374791693200519
-2.194994294019752
0.2395138045554874
0.5729218774066286
1.776026075423933
0.8400976122373968
1.6395648728979488
6.571748694892766
0.35080044536452115
0.4630630117350334
-1.060588898016138
-0.9086181642423132
-1.2432125068556066
-2.939907335315496
-0.5065973782912602
-3.0920345410085375
-0.5644798945465667
3.489815307493893
6.637600871016131
2.4906688328766924
9.838501801365487
0.8901903995567917
0.8364527605653476
2.3282669044712048
-2.2344842658515045
-0.9947673684235419
-0.9879714446517049
8.622010546372262
1.0100584987466634
-0.0580941027022539
-1.6043070176687206
2.5926861846698146
-0.324879199510214
0.8417122054697038
3.8896893066214417
-0.8270730432650357
1.478514276010685
6.817996459930755
-1.1393425101899948
-0.29548017901621915
-2.0596811469137317
-1.3334943436873323
3.002446749580568
-2.5517692046695313
2.5979673792085847
2.969956676238621
-2.2711949905781674
-2.640906460439689
7.382274666092222
-0.8597758293041994
1.6474757127345208
-1.6199227555420692
11.224697272368857
0.36685333561551314
-3.7925505408555473
6.511027364482803
1.388095327529806
-1.5633489741995548
2.1338713745332676
8.243077647064412
6.279936075299251
-0.07570630923828087
1.0416671583765698
5.452149843699208
-0.0429663134658589
-0.3986387613150947
1.085172556308981
3.0671450949372923
-0.9109421039937993
3.446074312588134
