3.666468381131933
6.875448915802039
1.5174505625414807
-0.05002413930720066
1.1362883804312285
-2.514300763469585
-2.21292971383511
-7.490780015567545
-1.711559857248497
3.9153957060570255
-0.5860377953204876
6.484635330526643
7.952209158764256
2.5320480660815985
-2.0811196944928256
-2.9684219145513975
1.9044092113023132
3.003738780922016
3.8811677154359447
-1.3523120019682242
3.1916334633956986
3.4872096268817128
-0.14208692107509477
-1.4337304055440538
3.8626611380920606
2.504214068045249
-1.182711215103815
-2.979003519770312
-4.209227812286422
-1.6188592579797074
2.3635986338536408
2.5645729811127316
9.31753861628781
3.2221587735797925
-0.7857377803130388
7.210753597778118
11.970078465763743
-3.3986060206680717
-4.460414431470779
8.806365632448422
4.472834565448434
2.7173792261843017
-0.959772530034341
-2.4285594857403656
-5.126108996380501
4.720362670672173
7.4145906828452
5.887341576285432
-0.5420971347794963
4.071190255489713
-2.1756452352463183
4.115212165428316
0.5943861723556031
5.05036943659314
-1.0441910067880467
2.8435562237515812
0.5839116460872856
-1.4361462590316656
4.637612028028287
2.234878115736299
4.203150155795832
-1.6121030022489025
-1.4228082175520433
4.164281234319882
3.203312592769847
3.7088148545206527
-0.6099632233175467
8.902109489408954
-3.062967205811258
-2.0018186111446243
1.056485414033316
0.18718856691406466
0.8061386961793876
1.3714695827447592
-0.38575760907276785
-1.6286379500040096
2.458741280780395
5.839326311980079
5.085404522995178
-0.1878298752257591
-0.24160413384761048
2.6303950380824936
5.877324852244693
3.9891398644862157
-2.5945088817322586
-0.4089368717519834
1.3673596149524077
-7.612251286954834
-6.663907569858274
-3.5276816035981478
-1.8652171869476502
-0.3349057835533692
3.7982691654380076
-1.4918087204765809
-2.3364186316959565
0.2338706292437724
0.9794271473686355
1.0962038672071852
-0.2502168090000402
4.686426257364298
