8.850705019079767
3.892573614533306
-6.735566390989925
-2.1877679994916113
-1.4020606949097454
6.272922244003052
3.6358107343228276
0.8707173320777186
8.166652574938777
-0.19491479443911536
4.022480441487419
1.7649979045422293
-6.8150193310074645
-0.2813247949753652
0.34346335112772103
11.52672402173991
4.125359680209478
-3.4552955955303997
-2.756445663519817
1.7277960614172403
-1.247937121339642
2.023805874113077
-1.0826558678845797
-4.7796360918634795
7.792888947139979
3.6313803294147724
-0.01570791322718338
13.77095136137858
-3.37121101399421
3.2807177580290383
1.5769517732359999
-0.8559796862622062
2.0744108599460342
0.3802695535224731
0.30950398826330394
8.817664444101643
1.1605133237330745
2.972435880843366
1.4070652918398125
0.9830393124628789
0.06688174011636194
-0.9355189644992661
0.3492514367665862
-7.172017693445341
15.774342701207352
2.732545793865582
3.1733644961220877
2.686003989663784
3.7631835595114236
-3.1063376063328576
0.31069040299258094
-2.1242709196230622
0.564379615961979
2.4748623523681808
1.124323016017088
-6.7454174515303045
-7.823216648745889
6.6972158972278795
7.299602773783285
-1.554056833740729
-1.8475818993181903
-2.5270108319325546
-6.297475636697418
-4.962667376614526
-2.0124026333431253
-2.027404678249961
-0.05090782512732289
1.8707538849768786
2.6004544889001253
1.6246319090483508
3.5744513197192016
4.6779031145507615
-3.068217193563629
-1.3302524836476854
-7.410056448552783
4.11464520890725
-0.6852482123050642
5.662799369732896
-0.03828045028176958
-0.7866109069284587
11.009211699189905
7.551924986009941
2.894170638080886
6.252122434896271
-2.548999584238311
11.300547160855889
1.4418883931755409
3.7713563587518646
-2.3949893172909906
0.9428423110526694
-0.6473790856129893
0.18663402460306158
-1.9957731412404436
-1.8859731126239998
2.179320162724875
2.281451528268118
-5.440777622320232
-2.9086397683935328
-1.1201930317187925
-3.018410566320223
