-1.4605285378351287
1.2131638774238687
3.8816060612704097
2.829703416751585
2.1822863602617493
-1.2976428957019104
-3.1404130974212734
1.4616021722660957
-1.9529806182983998
0.079087622161677
3.5173029090610273
4.707972103487968
-3.845597036060657
-2.505522615192728
0.6922129266663446
-3.326743861829744
3.2407775035732294
-0.6730881931084807
1.3029279366161528
-3.757758935360462
-1.8674177427850016
5.57511697772734
10.694873983827511
-0.23716687277086124
-1.0769003359434188
3.338041422838155
-5.561316745224966
1.1249139537198931
12.971490071032422
-7.388796245184729
-0.25062170317013616
3.861754715489101
-0.8631210122546118
6.258347087788886
1.9293748683617362
3.202103279183302
5.644470234414001
-2.6086096120924154
-1.1943795477340413
-0.18093150790028917
-2.308209262411995
-0.1992701093812288
2.2422796309122153
6.957931527324517
1.6092619555122398
1.5932232265842257
1.0434412863720814
-4.726017768850566
0.4193431275522701
-1.419391927176614
-0.5977232545107691
-0.3555563643808712
4.156653106927476
-3.341070832482807
1.8990848881255764
4.058609857835393
12.241036295961205
-5.54520244503566
-5.059684893464578
2.592125840017064
4.183441954503077
4.771406145202073
7.521535545305481
4.086032271729547
7.9242716377923
1.378421636266221
4.697499387326422
-4.2361398127556615
0.1606514490593636
6.012640080962666
-5.466560743028062
-4.87194383902453
5.97523177198562
0.42749335548716316
2.071002119774148
2.817909822302412
-1.5985208763866634
-4.641081278342916
0.5223362346886677
0.44160983539119036
0.8201326089910588
-0.223654296281476
-0.06776540256718888
-8.64827344491213
1.4931876779780886
-2.870982204464053
1.3067595655765487
13.407878282679237
4.573232102618761
-0.9295508212059828
-0.19657246671251263
7.028201797424753
0.22343610740507083
12.188651250501998
4.690275144795459
0.9303209365858301
-2.742964259637066
8.863622610206601
-3.1064037195338505
3.5371127129650315
