4.7387159966104
-3.363004646692204
-4.706962793436938
-1.0158631085672034
7.570824238677767
-0.4316282535971215
-2.376035950192693
-1.502236698885227
1.7348889562058378
0.9583661516479236
2.281513770358266
-0.4995918481804248
-2.8185510779008807
-0.3457415028285332
4.248698545511887
-0.9304840168469399
5.150977178349642
1.9745330399973144
1.7835731185679318
0.6683978352896749
8.928483782215643
-1.8361057342092746
-0.38799746858604933
-5.64484177990511
9.10939011434786
1.1695026038994496
1.228734814252448
10.622438048509586
3.9380772126521464
2.1968164801549075
2.21975572595732
4.847640210477341
0.22193299844357006
-2.4325463394733333
-3.0707142911304857
-2.407807618645028
-4.945962815144327
7.725776909136027
9.074874446999722
-1.4376390141082167
-0.6983772650100137
1.502864934551158
-0.28704649365268803
4.765191889880227
-0.36071947458680836
-1.6597474036764406
5.297076490470201
0.48676142218297047
3.9175193484839888
1.4652027487996249
1.3539341289054014
0.22030226662535973
2.9339417069909812
5.632910704007787
-3.0562725772852213
7.738272281716823
3.520272583593617
1.3019845032214543
-1.343240794351438
0.18149280660986405
-3.22211268211855
2.593134394827896
-1.1739106265351462
1.4562990710062933
1.5801548743871425
5.072266161397024
6.429511904037529
6.2050464110911445
-3.3994930184739998
1.7257014605329695
0.9386758024942223
-1.349720832066149
-5.743124178321715
14.21037141489288
5.905120002960518
0.4326842060372992
1.2228157840569875
-0.33797834903729784
-1.8334647543831928
-3.7837656859319733
1.0265651441583132
-3.1554612152134682
6.229749243675887
0.8549282531293405
-4.603938652067672
-3.8740576404603804
-2.383839845760377
2.4230340545682374
-1.6466696430607377
-8.594257944753375
3.4442311304016213
-3.1448487553664073
-5.171473618605548
2.2958578287961147
-1.5433840186482979
1.416405134184418
-3.0789521646936726
7.641748435082314
0.7224131945122976
0.04960305476005009
