-1.6228556312276639
4.948119350901549
-1.5705740756592088
3.5842637760951943
3.69224283512921
-3.0376462850140293
5.155546908176183
-5.9970609078778185
-1.4292228967146587
-0.9015068110735036
3.2147449619089086
-4.508301892936146
-0.6547640728753434
7.0468830812584144
-4.48184982264702
-3.481639593559497
-1.0799714309296982
1.6903699620986894
-4.855918569690083
1.6259115412578566
2.3594704801615003
2.974684367422141
-4.662795745227331
-1.6417039884898856
2.5778562346902607
-1.3595314567948034
4.334742085386219
1.3054658038888214
-1.570484186563938
-2.0158898355005466
1.603675403409427
3.623842133684323
6.164892213374454
1.6291627014513899
0.16773260021800887
1.556924163065053
5.382196312991524
1.123789222003348
-5.539060541462971
5.432968792463935
5.074975837793255
-0.1315123113822422
3.354039135676393
-0.982803006771249
-1.6874994519
8.092741406364482
-1.2656786896242949
-2.6935047467890225
-1.6176752846188123
2.572239183511151
4.696188927023657
-2.4700017177427576
1.1626402637969915
-3.9986956124409714
0.2885309271251155
0.2782748392191777
2.848965933838797
-3.18934377371437
6.089500205058579
-1.1278414958156147
3.4066886106687475
-7.145060126163201
-0.631943444034111
0.2609483507593271
3.0040068200226813
0.7560789106103181
3.7413775865856382
12.216166852217725
1.516741048100658
-4.352799818831409
3.9325780534101438
2.234067318288847
0.8905296312222137
-3.18645552320341
1.3729359444179496
2.6249051934738357
-2.327448729726666
-5.713588469699939
-0.3869285778806416
1.3670979774749907
9.291417050762544
0.8107739765912745
-3.1192329044574616
10.994238328946794
8.935269521292987
-2.1679725349354646
-6.507753606140895
0.3483780190050858
7.062241734764131
-0.5101611011637163
8.56583257878161
0.9877859114485297
-1.6598308691310284
11.081650313459104
0.36483924555273844
-4.959018992075287
11.815121806806594
-2.416047689975525
-3.5421403664202202
5.463355582708796
