8.485282925920604
-0.7994449524292488
1.0954506043047447
1.0581563793216033
-2.0068981796765573
9.535884115250038
0.2100584581634502
0.8768126345763347
6.495920397652743
0.5133516745289701
1.4578284519571967
-3.385510588434167
3.447689382357156
2.4537173531349383
0.2655778564804231
10.854430441649017
2.038174720562884
11.978050512961328
-2.4441598262236144
-1.79284451911162
-3.1711812744275805
-1.1740890820307275
-3.3674396625717917
0.6020830452108559
2.807335391039195
5.5650058594398555
0.3223800095820124
0.717939598053795
-1.1405204312951063
-0.8995074999791897
0.6534137630086809
4.732277620094635
0.9215694294179553
9.802798986229018
-5.811766329673021
2.232968572923696
3.746381192088947
4.803710537328379
-0.40605948536832914
-1.618181316911009
-0.7018954296580494
-1.1812832142748233
-0.8334995490497593
-1.2988193745656842
-2.4474488615511136
0.07161517475901258
-1.2147771086524097
-1.1672654032087164
0.3318061458240706
0.7220267319026099
-5.9587544441691325
6.113891449068138
-3.5209644182995508
-0.4367846278552979
-2.2763390878519267
7.4371462271705635
0.054857864928526845
-4.141448640335715
-1.737011679113576
1.3806659504570717
1.8531195409657637
1.2717003438332153
2.5322181972399607
2.7523830996020684
3.7918182908753835
-0.5433951508388065
-1.5747654642818052
3.1598259426545243
-2.0103988935699126
-5.540168148175832
4.624216150137089
9.028114478679218
2.054449913840423
-6.22726563807711
5.7020369912581454
2.5136997725786756
-0.5667426646943043
-1.5070227996046954
-0.5565532774705979
-1.5568218339812425
9.156956868086805
6.088093501625162
6.389810740882931
-0.04046447631531436
-5.07996985212638
7.867643127565734
-2.75198618649294
2.50777160094219
4.730367344650861
3.1240087859524945
11.120501776469004
2.2157713704940525
2.9914448162911107
-3.792875861693705
-2.8101070683362055
-0.9902410821240448
-2.391732127411634
-2.1290332266985286
-4.597309522023579
6.831947900653047
