6.501351214298358
-2.9590965183104236
1.2417400829280965
-1.9342667607633564
-0.1352918863308184
-1.9168725885513953
7.76569955733681
3.5959300015529148
0.01084140691820582
-5.03817318001895
4.173203365986897
-2.7612541278249036
-0.9014210102635425
-1.2422313792822757
2.0884308152024085
4.9615878877692765
4.083007827235267
-0.07926752367329162
-0.7864772243147702
5.9629869327410185
-5.627211083061269
-2.8153142321968314
4.8230763804027585
-2.310928642911576
0.8107380073892341
8.3939934512448
-0.8854046462897317
2.612174663632092
3.754658653394735
-0.9981773614752452
-0.7418061106098826
4.526536951234939
0.3992059583287054
-5.221005717066777
1.1455112969935153
-3.1176878652332416
2.7180267947646035
0.7160667940919738
-2.2019807609112902
1.1117716628773642
4.1843768966256745
-1.2949312649026483
-1.102571908542414
-5.017755082336741
2.1646570775853955
2.775955011968128
-6.150759664396337
-1.746294271856208
-2.311517228052222
3.5959943060018826
-0.3183091052141851
-3.974959957072785
-0.9593900411529148
8.596849152494494
3.129243216800166
-0.20417895804550107
-2.251026027378772
5.270660942499617
8.225360182527968
-2.082131792848671
1.930372675455704
0.12073692458055899
1.3713048453499646
0.6762370052867366
14.09911213620791
0.19089294997439576
6.6168401698392625
-0.4682911003914595
-0.9138847588309208
-2.1959341186868695
8.964481454591771
-1.5830393271269312
9.504345429363854
2.2950195977619505
-0.18712499762629137
3.189752739675681
6.393438743480871
5.955257097842872
4.683482804042145
1.1616295786063537
0.7303841191016407
-0.16025193347028607
-0.7003550524830588
-1.1930956337961562
-2.5136222797294896
2.9141630687367366
2.607473452278754
-0.6195977197837337
9.724054310477216
-0.025659125676397117
-3.2379541194696806
2.5812944308961994
1.9093429674101767
4.450573679863529
0.39808487426435657
-3.857354781275184
2.216777682896714
7.404190155337336
2.2488957852319684
1.2801363414139781
