-3.2630091007928956
8.635813417717365
-3.7187056538858485
1.0781989297426056
-0.2268675058014044
-2.0660337590459537
-4.000691303532436
14.041883375381582
8.266545132756352
2.3384374218697075
5.621039711729925
12.593778060798963
-2.238785542089621
-0.2014185292886988
-2.8626173669610173
-0.49160133380476934
-0.3895245913197048
5.463537159383191
0.12852258746477882
0.17512206639324862
2.8006785129245393
2.088975488865448
1.4469694760458456
3.539802071459025
4.80868103275214
-0.17908342035897307
-1.7652484520971672
-0.32930348502227696
2.7529207937164366
-1.7340604621158422
5.173713412415221
-2.0351681283972054
1.5041270907928925
-0.44883604181467573
1.5887225951132447
4.122917886999998
-3.870108244415022
-0.21072598947883536
9.270843132283112
1.2118735545820043
-3.5173140655023136
-1.2413076384870432
-2.9644339782498514
1.6284209539743233
1.2821995373478152
-0.6178127966801311
3.392499457858679
-0.9477317196549898
4.402616152717962
-2.645694805418419
-3.138833999298403
6.14004527468293
-0.6910627018970628
9.52065745863324
0.25241062967006017
0.9913328499782592
1.0490792517195584
10.55142651925954
3.2914620928879
6.450854427003968
2.503278231734608
-2.4025586737027327
0.25662894847230144
-5.75143977269159
3.7707898497113934
-6.059716211271104
-0.39779832296145096
1.212841445290351
5.2324301115019685
0.22677858951338895
1.9191791149632627
-1.310521587477839
2.1861287978708983
11.596593583340663
4.382112757871442
-3.200627241722308
-0.3427379191348947
-0.4803266629565269
-0.5947506867897701
4.529405180308381
3.1689171254032793
-0.9225410284467412
6.475222459516472
2.7122681070648875
-5.2986215654810955
1.366988569179191
1.6642254306886275
-2.965967114200104
-3.754034063179458
-0.01649654134773862
6.34609926648097
1.4795430773584395
5.061410711796579
-2.6600462381461507
13.226739005121367
-3.9994761995978507
-3.0204883547754497
-5.1855920511234865
3.5178932446042808
-5.469817980877613
