-3.9284947719715615
-3.9838084056817236
-1.5790971781162246
-1.1069497059881965
-0.6595997721047492
2.253934180242508
-5.167343050347235
-2.6262665442558357
-1.2195201173191017
-5.208988652958535
-1.6548589072659408
5.26075555352483
-0.8147888931908248
-1.6876496502271352
-0.9261981189286116
2.202221233937091
2.0663878508347717
-3.107539972843001
0.15692121299833575
-1.8208140855304844
-0.15248789689707326
-7.326107953061896
-1.1265096877405096
1.5224986398617903
2.86323730609998
2.2447728244273915
0.4049608795148965
-3.792673547648804
-5.972983190915858
-2.520598519830156
3.8700615292378293
1.532771956955845
0.31173423897890395
10.87206660278461
-0.11771744566099147
-3.531875229995176
14.044515192749934
-4.452040972249664
1.7757523911278947
8.837049071030446
-4.8978332155908335
-3.831755365035481
-3.8864326667914915
1.2754366282954133
3.6869607927059382
3.0928571840405477
-2.3287543878239854
0.9673691855170612
6.2551605783047695
-5.2816083763002
0.34366925836298357
-5.201544646266397
6.704313216421877
-1.1023627563667011
7.17307613205783
9.24921991073041
8.261342626652725
-3.5118360491763934
0.8732506948331891
11.608211529507358
-3.722785908603134
4.556911886518842
0.5266971243329833
2.5811692696725173
1.1550163578718253
-1.3455582455534394
-0.009850307181817713
3.9076572041072617
-1.7652755923606438
11.067299724312626
-2.2617559025979697
5.138710650533858
0.3622163180330784
4.00133662330468
1.6737265155507428
0.9733591629512044
0.7680865551728266
1.5624136944380225
-0.36372737689981016
-1.785884122234722
2.3532122853220896
1.1485595228634118
0.09183776507876588
1.170062009395466
-1.1532724534110055
6.171731545818043
-0.7090792002066237
3.108514872188937
1.0750094457714938
3.402893836255231
1.9030906610756566
1.5713341528761169
-0.5651833138200992
1.403226341107085
-1.581866083413673
1.3962982337943761
-2.833452716155297
-1.4536634490433007
4.565677335052431
5.737188033528254
