-4.143002787439532
0.06784399280665752
1.5483479967881313
-3.6100976708693104
-1.946381525448776
2.1362396693699117
1.773700306253342
0.03350095616210911
3.0392531960555367
-3.1817496939578693
-2.525016578835528
4.27223943849483
-4.2660246497750105
12.689792733426067
2.488272562017092
-2.545900113727318
-3.840261171067927
6.9769874875825035
-1.5811182082553397
-0.06498729615617993
0.9810840872337512
3.1106143035178486
5.495523633595974
9.439962276354661
-0.06415155201958705
3.394474250052239
0.03469253879318042
-2.2143276105320915
5.135949544269138
0.5118905326843552
4.903522190044675
-1.034416083708432
3.6649264428130492
-1.3000094469429426
-4.903150346273813
-7.604779030400662
5.6048079687921195
-7.716576557211109
-1.5277892137261304
0.32223107714130983
-1.6054229008487984
3.282543938741231
-1.409610789168558
-0.5315919012213891
2.4490317543897158
0.4426389098210109
0.43054038126020444
-0.07025369993388544
2.102287200624045
-4.072660814509279
-3.408068355161702
4.579052674619247
-2.926849519338416
5.99384884128418
5.824220201376084
-0.7610817589043437
-3.6842195513588383
-0.29714484954927556
-0.3778370509152993
6.532945096382077
2.8253991709900683
-0.09707521514378323
-1.9202095591562047
5.171524200478585
-2.850398466433256
-3.700941900161914
-1.8025791331239138
-3.9305462570531384
2.818308531664672
3.275680450340947
-1.9966978307888663
8.961653728792262
-5.097768817906667
5.736512275945615
7.5511613870460295
2.1786935501031635
-0.037900646192790495
3.8807806396588274
5.155971033242279
-5.239942309453744
1.5507563656803764
7.880598973235324
-2.5677639666104257
0.7122528982509616
8.697000309952356
1.682837616380182
0.47368991328086707
3.762797943286171
-0.4540068723528897
3.9194752801849724
1.94794117484443
3.6967549503850967
0.42860896799231796
-0.458955786673893
-1.3993948115318102
-3.450375898677927
3.3707539203851136
3.856572981185943
4.49263064307813
1.3451101222515285
