-4.261737904657925
10.826891434755826
2.065588580603244
3.8133683879132447
9.600247133749138
-1.071200239811573
4.447626044965427
0.0501390592721623
-2.415974763189505
-0.010288968848557236
0.24515916724124034
3.144999589446633
-2.276079335193425
-4.511472118909229
-1.0750401192739172
-0.18765596817321828
1.4142845019075714
-0.20073130218754198
-1.963682349607403
-2.162877886442615
-0.01053797134129393
-0.08182516643774627
8.994768336288095
3.887033668591789
0.6499545952334507
-3.822862965857814
-0.21405410132530178
-0.16550616470823853
-0.7747934860656633
5.351872970119133
-2.752226922838341
2.0964112838378393
-3.485255686398026
2.2243159178992737
3.16157043299771
-2.0271516564354664
5.242182562391065
6.702715471852792
2.4164390302162713
1.7430152930159033
-7.8052151119153645
3.844241367553937
0.34213964741963643
5.3101440578963395
14.358541228297893
0.9088956205867335
2.523627977937087
4.558870618793054
2.2947826698416653
1.0636798026419272
-4.9225403587900765
-0.8541130646060965
1.0287993477101092
13.13503695121682
0.09931538415200623
-4.857192343958131
5.532763631084405
0.5953004952230434
2.2644210206670703
-4.577961240216927
0.013861784728113382
18.07627058239978
-8.663184936115123
-0.5760613499651361
0.3658562836066887
5.349145416435557
-2.8826995525619408
-0.32312226669655536
-3.1034009624706567
9.771007687288979
-1.0617921914774036
5.06435330281844
7.0861961661011925
-4.830040345158921
-5.271269293405912
1.6312823387779716
0.8789691078385702
2.0655990607562753
-5.298541778695711
5.8422979962181625
-1.9764264998784584
8.408558122542052
-4.917262595134057
0.695029947078069
-0.06018232333734129
11.90263141328225
-1.6134502183206463
4.305046874964401
4.522089065524191
3.590682458031166
1.6354753067600005
-0.6651222152145426
6.33249412995622
6.780782849963062
1.0171956524097805
2.2827856369060613
0.8587386511729487
1.847321281391861
0.7588648752320393
11.205368036221165
