-2.437045273116661
-1.9681583054236622
4.881882370635567
-2.3941977895201365
3.4021327892801567
1.9856240135027519
-0.5964595849127032
3.7890980186427567
-8.030377098836864
1.2834229463840146
-2.4434910853918925
5.277215588334586
-2.533407854668258
-1.836017901056155
1.422823278795947
0.12540966290957611
3.8660675217542884
-1.811267546796778
11.994242170594068
-3.7311644844028233
3.5593381538875173
5.4165524975316135
1.3155250959845803
0.004184252601908599
-0.47680560993366305
-4.260133528516388
1.5221892989392807
4.2741059161501695
1.8497748816791377
-0.6634660401511179
3.707617839040334
-4.14044951949457
-1.2061962494223284
-0.9225517860527055
-3.9053147379547113
-1.4982701444254685
-0.8681496253207737
3.5652169253243677
-0.8457321275492253
3.8005487077063727
7.373846521592553
3.22890889756132
2.350980639565429
2.4953767989523383
-2.525701921043022
6.784422992044377
1.0094204193310308
-1.4335752122714505
-0.4169205317557991
0.34430785461248237
-2.781042936377035
2.3520846500343993
3.9850326990271068
8.947257856665868
-4.760509315008953
0.6367413471195887
6.508153938860911
-2.2987311894323117
5.988505865956661
1.0818687770722883
2.9284381387337826
10.176916373914635
-3.5139512744877415
5.199650393524349
-0.4342745970887415
1.164320594995485
-1.8032886673377586
11.131231705375908
5.694465583691443
-1.1669966323930012
1.0335643463109863
1.4726123862437537
2.2956636322363724
0.23921486167153194
1.1381050958020429
-1.3062965467465102
0.5010814273775913
-1.8741819718086936
3.4344463393524354
-2.7338027549912853
14.641773723740215
2.215533384121422
3.6590730288130895
-5.572465623934407
4.369412377894752
7.8724098634177055
-1.6240028194762344
-2.3574512579626523
1.712900447942798
3.243947842176569
4.145337400410037
3.8073661080911436
3.0696125853829717
-1.2925464937779052
1.4828987111595942
-1.7030098399470557
-3.0475244016329563
-1.4476672365704382
0.05811073669904737
5.650780601700053
