-1.5047085449297666
1.9945606593314835
6.934001083863374
9.37953017001075
8.424196284870522
-2.559936788476997
1.5929480718158509
4.643837426509167
-2.8565865758249815
-1.2002328409245604
3.7948199513188268
-2.2791106109165895
3.3456313190914235
1.422642373025355
-4.115782850719951
1.2882494546822656
0.97069007180355
1.7745490872004335
4.657002780712725
-4.692894435449692
5.224902588941967
2.6582756619267665
0.9860477435151438
1.7049780607915261
3.574184475862782
-2.5743965525000854
2.843938386038569
4.541354941063123
-1.3690969844455552
3.3421633876622168
0.6439108675492482
2.295903956967433
1.1523476063563178
2.3637476830679947
-4.5552097224186685
-0.19882758923356159
-0.7239547942073339
3.970606373955369
-3.107892267428861
-5.707969876541316
-2.570259545775077
5.022495491005884
-1.2410408433740971
-4.898309928777238
2.422962760041343
0.38270597696506653
-0.5493409013223347
-3.585297332735214
-4.5557331374953645
1.0816870400249412
-0.6458782688011087
4.392455143370678
1.1225515786177125
3.1983095503529566
6.010318074663428
4.314306658836591
3.7605318864519726
12.773681530451753
-4.803924157197158
-2.197574437906475
8.796880523664107
-3.075560537197375
3.3715833075595487
2.89014917312729
5.555557560970274
3.1176965174691533
1.181387552672441
-4.246436835635047
7.035042284035757
2.9862060205217213
0.7901478820677008
5.181756975029568
1.873782342989292
8.529968746225578
4.3644859984804265
-2.662761290442817
-2.9727562820801703
4.165514536253659
3.3186579908137626
8.59327706249003
2.806180245621353
-1.917213216480612
0.730240945230384
-4.343857925075905
-5.428166175982976
-2.901178400344326
3.617756178910439
-0.012846661243277647
-6.752019390075092
4.46740014847181
4.560195651012457
-4.985325023472006
-0.020781054710672375
2.591666913554176
4.794002851944871
-0.5535146490871559
-4.657388218306869
-0.2556684893791456
0.7312737155215208
-2.5009836674609423
