-0.4016092297148669
-2.0914177719697578
9.379141155302218
-1.2963225516234629
0.17557936102878435
0.8622798269782961
2.264638626661703
-1.3298005777235586
-1.1484789197759813
-0.7976891382956985
-0.9778613067368616
-1.0513294101033077
-2.434187554288572
-4.9020448736631534
12.624749176826922
-0.37575115539508086
5.024876806173598
1.242535532279552
-1.191330006375996
9.860937668478128
-3.173809670529641
0.577148909798304
5.546884690473537
-0.9445737883781099
6.019340648484876
-4.454507385111462
8.601849309317664
1.3055775651489694
-4.455510371044057
4.072478065991616
-1.7594061816372397
-0.5405494750559213
0.6048351368044489
1.0976728063469416
-0.02724293355812879
1.1053418717131556
5.889480720494387
4.999593954043596
0.2242271497109467
10.829099648223263
1.1389975960053516
1.8583320040809235
2.3005401342322753
-3.5207563509357676
-0.37767565996501296
-0.6572881448784991
-3.111812356163779
-1.2767796433303764
2.5396587660727743
-0.0009351760239308418
5.54669469236975
3.9333877523727927
0.25287028104745346
-1.4190290704740254
-0.2719321764434836
3.6131068952838863
1.7487055446731876
3.4277422834896383
-1.4545473438172662
0.6839410644962078
0.8761451905462538
0.5232581459708243
2.8900813102070835
5.706771653396484
-1.1154520473944063
4.4487868220238385
0.7430298253058241
2.434199037088943
5.955884657490569
-1.271938425725092
0.5636988885091649
-0.716654699766804
2.020309418680556
11.249642515938476
3.5604523250097806
-2.468251709254329
2.0643474845625223
2.880390089416435
-0.3512035895695309
-4.342018270676525
1.859460328633714
-1.6864016807489732
2.871031123792112
-2.008277601718781
-3.603380448010562
1.0991897356946225
4.61226340144273
3.1826881246989593
6.000909082157941
3.7047521373069494
0.0843903259681935
0.6478389291798615
-3.107566083704727
-2.3583656765892758
-0.9882019637635464
-7.820408219456592
0.43439848317455587
-1.04180165199093
-0.20917791766215058
-1.6345524203608972
