-0.8051850266359797
4.696327751879824
-1.5099386503574377
4.810389575848523
0.6420566625108994
5.770149735012312
7.213442527873176
-3.3168111491794203
3.53841722826318
0.7706601490705576
-0.03511990012692673
3.4809439900020607
1.3704157997813935
3.5273431888973086
-0.15845693727019977
3.2056888557922516
-1.9559790340525125
-0.7511232417746352
1.8229957434738129
-4.337304549266937
-1.5437547315146296
-4.972404941810469
0.5830168059981163
-3.4206305247800834
-5.061877208651675
-3.549022095089023
-4.347390755774701
3.039388395124317
-1.8809945950640385
-1.535539954496484
-1.0045659053007614
0.4441442446423454
1.5413589301350803
-2.8828210746747227
9.159224568017915
2.78923299360655
0.29941484556293424
-0.06295482625261718
1.4043230080106335
-3.0829290498471753
2.3236309592335362
7.556021063023273
-2.890486457131238
0.13698632396277116
-4.364629300760484
0.946119784279897
4.317620502910042
1.428435919123239
-0.5906859045831756
2.176633166167859
8.745479779369367
5.513238395616645
3.9306108528091475
1.090698932120607
11.127543560270123
2.712330676328616
-0.45588068152484296
7.917789760852414
1.0394109651383343
-2.9132733053094393
-0.42927551471356995
-1.658520349252424
-0.26756506770329125
-2.3039047531365284
1.3290506909301205
-1.1718750345872713
-4.272983025705707
1.5514082780756304
0.2231700592955792
-6.324017753913571
1.4493720003470112
-1.3873503920308177
-2.6722954228059987
3.4203974127255146
-2.7252920553628885
-4.315124439555187
-0.8222828843701415
1.4060876767776105
7.340935495653236
8.136795382081052
2.3153560545743925
5.50300403075048
-0.1766796562673167
-0.6017443317124298
-4.272344742271978
-1.4262522310837917
5.130164586896798
-2.1704053156231673
-5.157831430426739
1.046455102874078
4.934422577467759
-1.8336204711968396
1.563798233921065
7.690615544099163
7.28004706333515
0.6208291882738703
9.953118361340417
5.860707548598583
1.7429504755752534
5.083814479980564
