1.110223743747778
3.700859931439855
1.0648581922389706
-6.781928107371578
10.717804236380235
-2.624930611860865
5.124720075891501
4.808018308373047
-0.7199244199147159
-0.8848546024667616
-3.168583826116471
3.3094344917553618
-7.2860546917273386
1.4620113334282647
-1.7256841634757296
-3.6862163061428737
0.3287366204842132
1.08963985907184
-2.4294369407247567
-1.4738963301626808
0.4179756747153202
2.142649316469181
-1.0021384643858597
0.028075541132531835
6.250367682264378
6.518258622544897
6.472667607290288
6.480526679654196
-5.689892197375486
3.9779873339270804
-0.28538089958199764
8.709261641325314
1.9060245006250973
-0.13717196615457433
1.1630387687281927
1.945061301312779
-0.8544501615477087
4.902008351816849
0.08342376577199799
0.3150348502379706
-1.2458523881908001
4.4385602820901795
3.7860161657280336
1.6061293680141313
1.3246399453361677
-1.3493954318959511
9.691255532057578
-0.07595890185170273
5.463293435755499
-0.14281998542792315
2.485448791471642
-4.947839382798264
0.8806697635453951
7.560448501377599
8.171768923336517
0.9358359087044931
-1.9184895705802827
3.83005789268453
1.5653502214053046
-3.289624242322172
3.43835495613156
-2.005597952085047
9.396919593583878
0.7197987862316086
-2.0027849313591584
-6.822801836724803
7.473746829047164
1.0865346272926124
-3.9227528377727707
-1.9329735757551805
-3.6399676251073343
1.9032783956898007
9.797149716221819
-0.340638307573803
1.766848762957391
-1.8888582369573488
9.125902082046302
8.84692257043368
-0.5056138885464948
-3.623365421495717
1.7740883318957699
-1.3232875407430378
0.1757320236120708
-2.200190293068449
3.751973277835707
-1.2398972788732245
0.6993970070092614
-0.2558174291161396
2.2284913810461355
-1.3122918250646325
-3.3940131164870957
-2.5215639857756917
-0.009997950779873263
3.59966011966039
-1.7207615143926633
-0.27291024588292684
1.8700071313493885
-0.6848433012817445
0.19236696834298028
-1.699716423285142
