0.1919931829324188
0.2968451619594026
1.1970867851640214
-0.4174240322740579
-0.3868563148870926
0.5458187719222273
3.993834066455113
2.761028971420712
2.9110497916073843
-1.1759096842485919
-4.245012964857071
-4.668753598387205
0.31463858576067805
-3.036709111189862
-1.9841508641722072
4.10813764006703
-4.307155686448789
-0.3866418388377696
-0.32981537876751416
4.561081169456835
3.1558287004458156
-4.564335891869726
-0.1296262801606302
-1.7335040547653993
1.5678907999058094
3.4444289219754323
5.441394253356631
0.29185668188455965
0.5208655621764412
-1.5854362024136608
2.7471426201992823
-3.7998822294292687
-0.5168564525122572
4.2740668360480125
4.953988230859833
4.640264844770561
4.519671335247007
-2.7777570688396023
-1.4314919331575147
-1.0749311095214373
3.0455267752438493
-2.93570719415515
-3.584684747327976
9.91267251031028
2.1659824060842015
-0.5996241302636894
-4.856601527221946
2.8663195852993413
3.766880270894778
3.691852892170857
1.0241335188479894
-2.606581328057174
-1.2054368608828145
0.07862806127389936
8.153832297096205
-0.7000766420015805
3.2388972107666034
-0.8649483425690532
-5.708589795047262
1.6177152390932568
-0.07702478179570355
-1.1488286844998803
11.292387019592113
-0.8407816761140188
-0.3869055496759266
0.659299849462215
6.936169905719563
6.713065565715066
0.10100287361510138
-3.4782149227740478
-2.7710977367231804
1.0741833495537956
4.078767478554376
-0.7539460881375769
-1.2685789583941136
-1.2653977476767337
2.9174777672793155
0.14106736263760325
1.4744021329520418
-0.5900819461735989
-1.1372239012471992
2.055386436545004
5.46685533324165
3.883535966871928
0.293728235100551
-1.057746254803186
1.156716144126237
-2.645228368972595
11.59185678660443
0.4984220427788095
1.5124422907805704
-1.0336539132647298
3.5378080905507456
7.092007805492721
2.6488602857509735
2.015956545186398
-2.345217965707376
1.0255263575670615
2.540285898391355
-2.298380141987407
