0.15676585680285243
1.871057934501604
-0.7543271587702438
-1.5672739043875503
-2.0059839676180973
2.9625408309450156
2.5139589553606023
2.6690540766189805
1.1516855876360084
-0.4195703586640832
-1.084101941278938
-2.966154222700227
1.4529613824971663
0.16735302891902676
-0.6266057842574773
-4.056985717516772
-3.218438220428089
9.819251185600532
2.59632061412278
3.359014856303295
3.4687054410636238
0.5018370619251332
1.8360800622360935
-0.9526674408761651
5.97941479788757
2.4312730653389956
1.8378163337953037
0.018512009414792724
0.7409064419835287
-0.18464195229575148
1.0831872162482377
2.070816726831157
0.022796173368864355
4.25935434572404
1.5219034427281914
-3.6654794201721552
-2.2201890700418554
-3.7979165394265806
4.307058002516316
9.882783229443644
1.364293641957922
1.17922509384728
1.7607852305849345
-7.946950786907332
-6.557249891857944
0.7761623056794797
-2.935701446587535
0.8216420969328135
-3.2876358198747826
-0.03511309644279584
7.759798507637297
7.299428701114269
-0.5901043871338337
0.09675702942296746
1.5769192340977063
-0.7119994365180148
1.3949380784326761
2.33898046559295
6.4610630986342645
0.6932350522144729
-1.7718139203317462
0.17967345560302783
-2.3720596155206013
2.4508616534845555
-3.3084661096517483
-1.0917174639840752
-3.695301927551383
-0.05379197485464984
0.8235176422765165
5.532022205054125
8.816246697549158
-0.66883495309874
-3.812268228565541
1.0311649667589975
-3.9512259298023986
3.073338415547748
11.32160855142736
1.5127352214208551
-0.0052391171470194545
-1.5796101783671637
-7.018639556543183
7.206965013765218
14.864639677081087
-0.1610555677213686
3.706243842829963
-0.330515021950519
4.82190546695284
-1.5820915526723056
3.4673706794036043
2.1810261552060837
4.0577082059714025
-1.1810824979364931
5.004667020994495
-1.9380304042084475
1.1813549385455797
0.8779347817661816
2.369522597426132
0.09471218765746042
6.211222349083904
6.791622487483467
