0.7937027670042298
1.4889652481465636
5.114791342462824
-2.008793176906339
1.6269759012968867
-3.6023045057670515
1.0127374586870603
9.103287706764618
2.0562867086778747
-3.7913826625976252
16.425090035958725
-1.4566082771727884
-2.52747684735135
-1.546768017710877
-0.9301668261129625
-2.5484628864144843
-5.420725072131836
0.3311850501536969
4.523222626533593
-0.38093941611182025
-5.362322864404801
0.13514882973155917
1.6027441383759486
0.0397472658353859
-1.3604441096156472
12.153977878850492
1.6602731190273665
3.996382573319172
-1.1564913091691176
0.19854555911229863
1.590163131798969
-0.43242723063601024
7.85887220010044
7.170100419004632
4.187183503422057
-3.8927395745895104
5.785918174289898
7.452113318860357
2.1819041083105457
3.704207110914635
-2.8001114059712022
-2.5394662725766555
-1.7627662566318856
-4.9632595750439314
11.03881728700097
0.5228506677066156
-2.45489797117365
6.248439288027656
9.37400571468507
-3.5342675524498386
-2.181949150894334
-3.244126413974203
2.383499406205119
3.3074077873205283
-1.6682303740865034
-1.5884276891347073
1.0919470560282878
2.787444630795577
-6.460506535595569
1.958989277266109
0.4353838129815612
-0.6282468910087802
5.815040090757061
-0.243824638980564
1.9596145237079985
1.4276901854554631
3.419626331481761
-4.106660829549405
-3.1490354783767875
-5.044898553247136
-0.5778007138196026
-2.350646509420529
2.2796455185574467
7.282917313721716
4.9898394480201755
0.16729500247599738
4.174004911074899
-5.329319829054766
-2.057971787101245
-4.874723646204136
-0.017723557002499293
-2.5284416477418095
1.7847560827325193
3.462843559557607
6.076385077030954
-0.6772669610245929
0.8899104010329877
5.579683757533479
-1.9526767863832704
1.2245179887901927
2.033964051636061
5.85313670850421
1.874681194010976
0.6491107927651419
-2.6736885344801333
-4.622711253572245
1.7769771822684852
0.6117660485748955
6.1490202455503145
-0.35563316104875525
