-0.9211837384853466
3.1365187899031652
-2.8378957153228934
-0.23862843566833908
1.5945181176472465
-2.462051055349864
6.400936538777713
2.525333189344086
-0.7155700919444344
0.7545025086656967
-0.732532853989408
-4.000471628598149
1.0589962770388692
0.6266529737868203
4.766805580424128
12.86579726894022
2.097501652669534
-0.48119707647980553
1.1854336307723417
-0.6749473948597776
8.959408568860683
-1.7259206675490923
-2.5754259944307525
-1.1985915027141936
2.4844376673978585
0.07920364532333331
7.5005598170563355
0.24308725119281588
-1.7487343891104232
-3.3239976962480684
0.372896135602682
0.44827569823693325
-1.0367271564369647
3.037974029330708
-0.5266231307205557
-1.5461032829819579
-2.182779044974941
2.780876658747315
1.340698582764687
-1.6623815116946052
-0.6101388214241678
2.650349839191903
10.782097087312817
-4.0744834833833
2.4463090082186825
1.3437207736516148
-1.382808778690477
6.198247080256888
4.642223842324671
0.7216692629991943
3.5794656592035587
-3.2436709777870867
2.1894104082962214
3.5446650998737077
1.3762536841792463
-1.9394324967833274
2.587702304536565
-4.683725625586535
-0.6885559231955314
3.0379506904009297
3.528148505623868
1.999830980288332
0.8430033766237051
-5.012367649139275
-3.0178901522545516
-3.8236305634056063
5.001257381063553
-0.0425488241283231
-3.5124413987482734
2.3781636829492543
-2.9778271709671484
2.054682954122029
-5.401164405078403
-1.5357353433714769
2.379563843683769
-2.7171032493033027
1.2909364485160972
-1.5596226400122646
1.4625803388532113
3.1504054059934417
-0.0203130275281747
-4.383698116382182
3.8085593977274677
4.2660751830027985
2.028743731168688
-0.09531522186576324
2.777403945340877
3.0960221576655385
2.3075987874578336
2.1496894832822706
-1.2001440497096834
1.2870518736978114
-1.876413313511709
-1.7123406647444188
7.2031726556090785
4.430508564966707
-3.8760298383953415
2.256036754987292
-7.138591634639502
-1.1306216448298407
