4.142757963517912
-0.591875831542106
3.4590006321526365
-1.2499344065280238
2.853430028129955
-1.7410604793640436
-1.2755251666688312
-1.0681414326934178
11.054260454234845
0.5991409726471599
0.7077926102456286
1.5788685691352604
11.4422481405743
4.586738935673577
2.1797818726238427
-2.2047203566106184
-1.6254347640641607
6.434298339129215
2.4602552556368584
-2.363316521874685
0.8842768582001146
3.7994803760267555
0.3865251693812889
-0.7908085533008309
0.56149303316967
1.8568569094125318
4.053288195870497
12.4621447122122
-0.2078506100246983
13.660412028377959
-1.853127275117597
11.269129572158436
1.9000039675618516
-2.0534193191535
-1.669825424654796
-2.322702778298539
1.8698001095746504
-0.17857752064655286
1.9866493043687523
4.080057065935537
4.2946062947489505
4.955561779615062
-1.8730935836765223
-1.251660240323475
1.672095006276916
-2.401471593781546
-0.0398573496247285
0.7191468563452934
2.093882656389454
0.5596401692235154
1.1969467034032255
1.0150892522252124
2.7360494684400587
-0.3255548899631145
1.7134019893882453
-2.638698061505581
-1.309004871669527
1.1544731994602944
7.660186248992154
1.1060110962925616
0.24595378700029946
3.185760148820993
-0.9792955836846304
3.8043440402750157
1.1431488486678107
-2.5088770115427277
7.55571270297075
0.8439203442138115
3.852615544556528
-0.5834914039133314
-0.7697813750501564
4.421477820371041
1.4489380741951172
0.8981708189479113
-1.934307556686905
5.056631716538974
6.045429423412677
-3.5409549279959314
-4.600124723452188
-0.9553274957946928
8.930903054651374
0.33505111031003904
8.87316380326441
-1.6808909811085997
-3.2361627799188932
-0.4644967539490301
0.4122934626042627
6.2556268985111005
3.7393338184011577
0.534603915641363
-0.08748334915677558
-3.912190746842942
1.9009631837898224
-4.839941107448814
5.672260840824783
-0.24650136991974353
3.3695607323626
-1.3909846123369811
-1.093845616716796
-0.21950449375010392
