0.12568896657469425
-0.3437190674755283
-0.121236973658447
-0.595675798585461
2.7288586932385455
-3.245514451662956
6.931022622441555
-4.319546319432815
1.861977893212663
1.6753948387117763
-0.5843004706218314
4.562736207016586
6.984039273865142
-1.2891117375499999
-0.7688292297090276
0.21775712708788836
-3.9995339612184475
-0.5293296009567838
0.3726571227865957
3.911337274905552
-1.2659640835283499
1.3535702932563494
3.794978472381927
-2.03578068323916
2.0560333087828915
-0.14692775094418295
-2.8106425280006797
2.707138086365476
6.070141162355205
0.7196247020677731
3.809091668010222
2.870496678459933
0.5029004068686656
1.0901066499123
2.7665589773126618
0.15614902868361272
3.376686252557083
-2.7555208696561753
4.616714183363332
4.673292810162324
-0.25815691775559624
4.5231706330300625
0.4648535878090924
-4.242898076126577
-4.607858107828311
-0.005629122280399411
3.112949120656377
0.7142962223526954
-0.5764050574443067
0.3031747092560426
7.464849825343221
-0.4762168019214541
1.4016771598844957
-0.9935771570942759
1.5745149317202787
4.900556919365526
4.542485335228962
2.7615087907667752
2.9636310208668486
0.7113955936288638
-0.02355387032229625
5.730126023013568
7.786034466363592
-3.3743603233774593
-1.893350240223866
3.8011422632413185
3.4407758422374823
8.770592448663479
2.122103957662317
2.316722567670838
0.07098218583041083
1.6030367164221933
3.1836629937414553
0.6847337045221369
6.9304959736741285
3.681522825123171
2.694536285764144
2.7738208971544838
-0.23689195434459764
2.5711335742022934
-4.048401237575395
-5.011778371688022
-5.895681403364474
-2.0457594535870713
2.635754298271569
2.284739873352385
-4.513797790777518
0.1896130849158167
0.9883792456969567
4.209278418737077
2.5834747309173567
1.2970850981988382
-5.442640718882671
-1.5484677353329244
-0.10438861165512561
2.9073032132994787
0.29594657371080724
4.4779789613020355
8.453911979352384
-4.099953261083517
