8.424929929357061
-0.11229428154015389
1.45738805575597
9.45910158514775
2.365638317720662
12.643116455075926
4.888766972473535
9.867699544429076
1.3687393752655188
-2.1679461813555183
-3.146296518381769
-3.372122917087975
5.557598854805598
-4.568525561520762
-0.2417485327439169
6.917987392616259
2.18043636042458
2.084269452625203
0.019121495391775822
1.2562175607410493
-2.494517698553116
5.51419234790603
-4.100432146332402
-1.7675606516446098
-0.36239480727815265
0.062249396626540915
9.225669137314757
3.803519060706253
3.071169108212449
2.399426147544816
-3.5343555225091294
-4.484105302786413
2.613490280282929
-4.377281383110694
-1.2615548645071544
2.481865694265232
3.2804372054241013
4.366675739566771
1.277359298614154
-0.2587706852973011
0.6688027038429167
3.3186549780328507
3.8589859096848014
-2.9936849321388013
12.09090239725378
-2.803393089274211
-0.5372215843764145
1.0312545033095675
-1.8512923389220692
7.327359425287829
0.8703425043448243
2.3088059732712036
-1.6351325306509101
3.3782855535404854
0.48721798492204677
-3.0311696282351654
-2.1285874015193604
2.1655445176740837
3.521099032006186
-0.07220719092995817
2.860127543988595
0.7190607858004721
-3.0334810490536865
1.3835743790893575
6.460253110190377
3.26922280824778
-1.4618820012881022
2.3487111378410943
-4.5721687518622325
3.386519713214774
2.0728590567179705
1.147729091017144
3.786110504754605
-4.801013992623764
-2.1994776809362424
1.7566366631574386
1.048440667028912
-0.31558337279846377
1.0832888786999488
2.301198847036304
-1.7094384136526428
4.8686332918791555
7.680999405289437
5.011520944692229
-1.7070427550649954
1.2316445328684325
-3.6738525888471596
-3.7556110217082335
-0.47543148079541564
2.736379295064951
5.759023014598023
-3.2082572337076236
0.575157205286317
4.875225751738578
-1.766399671793596
-3.1031114681525986
2.9721377677975354
2.2844268617350307
-6.123076029304402
6.505735050731481
