1.5451589646994712
4.06114348942501
-3.0184957367715897
1.8365933551697422
-2.6083666988094962
4.926768955981116
0.018447499068810005
3.8263869296009227
9.41109810354
3.573002318845469
0.8607924058791434
-1.2093903762124725
3.4473885381634464
-2.6887017808805393
-0.5204755496360283
14.580314962433974
1.1608413705337501
5.087691447914269
1.0972542668515535
2.10072922329476
7.259689552695625
5.29885686967827
10.307143028736526
-5.756664112978503
6.459762164250696
0.30172317249400404
0.6818680624046265
3.146347724001436
-3.4150713757217606
3.3335670183057755
2.0223855624279605
1.3639648364739352
2.525760496869199
-3.783514171379231
-4.146642547632208
-0.1872592803231039
-2.7239944825580666
6.941580863048884
3.778924964833898
-1.4555295203187792
2.7055444731123006
-2.585170524258887
-1.236298417940045
-0.6718751563580923
-2.5813512035181114
-0.3402118092185683
5.9132145322274265
-1.186475263276601
2.924890179374992
9.568072942493474
2.4439922353523964
1.6699420525099575
2.923707258395666
0.47809677737248263
0.7868573364925389
7.615371532397802
-3.5193979775326927
-3.39357682050413
12.38727310454143
1.3280460484196766
-2.1232963267342555
2.923947663626451
6.48344763164036
4.596647523453173
-1.1146076396988662
1.5296335333575866
-0.8481159651649742
0.14579218003122763
-1.3364527519816587
3.272856907626071
2.1472185713423215
9.193642924616917
6.5467469235308355
0.7268204044104987
-1.9327034903188842
-1.5140169064836142
1.721668388932648
0.7736202488628449
1.2950547126047591
4.196107292526803
6.360857794112808
-0.1547305260167653
-1.0551760962960497
3.3485073953353606
3.893427490040258
3.5134131649923264
1.2780868199742101
-2.5577611497443407
1.6278329615646363
-4.137888117204733
5.770002278196969
0.07805039973277514
-1.3727318061501457
0.18140568759218145
-0.6872054277932722
-1.6061755791333217
0.007564902211053553
2.596640478052899
-4.108305773039268
4.781857742575987
