6.318142487754409
-4.361335016625624
-0.07935031724775274
2.5674417054893754
8.883024619479558
-0.2645891036503805
6.1961975817345305
-0.7880272554784618
-3.0544608472903563
0.6921582589015167
-0.18587690811493704
-0.3701007198261615
-5.603781769506799
11.829669211466742
-0.3927734332593045
-5.106002385972576
-2.781264067206122
8.934715201032626
0.7702307135397151
-3.571149669047045
0.6639526651187353
-7.148853329435932
3.4969832445425366
2.437418963837934
-2.4650337861329654
3.3158656744639363
5.350161150077261
-2.427183755756106
14.103104044555234
0.906089044206009
11.871145996143916
-6.102101188873536
-1.5109357086918305
-1.158729070881453
1.0173969823470341
4.333750465429764
-1.8676252431009637
3.473468002309971
-4.366063961047513
-2.6869334797126756
-0.24040450622734788
-3.7983801647877886
-0.29401100793987844
2.4188860185209307
-0.8227238789874629
-2.18828182396857
-3.0948551999802385
-2.5907764686076638
3.2479588406606705
2.129452793567736
0.39569768021470186
-0.06339629207582277
4.380684948069755
1.1066710072597998
-1.6999613901287534
0.6701046765980947
-6.240578058832149
4.480459879373891
-0.7349824680673169
-2.0978848486748074
-0.07614028622026231
2.883604449046044
1.2754798209525193
1.5575582555258838
2.2076613795073903
4.764479613766066
3.776708106438789
0.3606635134067786
0.6966293266851258
-1.8968405515367732
-3.8729107077639227
2.0893875777271345
2.408269421606549
-3.533566595687433
0.6934265797660508
1.6604080079917192
-0.38383847732254217
-1.1754466494776934
5.076463671410915
5.249057441709213
-8.38414438165607
3.912719149975997
-1.8119401673236784
-7.883759668572758
-1.7700867949345171
-1.178013359448879
-0.46879320290438153
-1.043525097613372
11.1072550797023
2.6076002291463514
1.598243202744285
-1.0132307418148105
-2.1940476302883694
1.037643446431704
-4.192311088349544
2.3079063762679057
-3.5280520950638836
1.315616412970693
3.3347891479450857
-1.6408523578101022
