1.1739665752914472
0.3139980527100931
7.173229523032619
3.2685713121548337
1.1054365241571578
-3.9464628041899923
4.1038609269938675
14.660264376622681
2.3884825359545205
-0.07020467391593901
9.138934124642393
-4.495107430624099
1.3936565741972657
0.04110005090195573
2.457903632681295
0.8920775090400496
2.1364924965938075
1.6721148345424122
-2.3990086493018703
-0.3437565952969678
-4.598732555922581
2.361937695836589
-4.424483046656323
-4.6557335201398695
5.560599360865224
0.3387019172970743
-1.1519860653870406
3.8680614260711774
-0.04394375215139491
1.1019801020710505
-3.238860467711719
1.7499925835409516
1.1426827042629406
0.5828017800092383
-4.181830026098454
-0.16377707212735557
-0.07684958549339749
-0.031498081902565644
-0.7309808246581612
-3.596055232058449
-0.1401112378017615
3.7353890140778616
-1.8777195996270277
-3.1514653288778547
1.5728558335038838
8.43624880389505
9.301671385033305
1.3415983027197427
-4.538813784802927
3.5712346659379186
-0.39914630678859375
-0.576468826034957
-3.9361190108919235
-3.6350808501415823
-5.1337053486750825
1.260996514209703
0.27806962927278445
-0.830793026293525
2.743932089332534
5.3681428311229595
0.33655910621511226
8.116741766626447
1.1793191595676307
1.8703707051618017
-2.286501778356152
0.7012640883888464
-4.087504511244468
0.24936473207035226
-3.1648113655353125
12.03278576680976
5.297010277148353
-3.495788728755185
-1.5074394904502424
3.212382938108662
1.546499226183805
-2.0808220429684336
3.4270382445309
-5.288347288588396
3.0970310059240713
2.7819341271878812
-1.0826420388168303
-2.759234296736276
0.00673920367861644
0.8029574344377975
0.11236241415254784
1.9618958222895622
3.1050993903421196
12.88746018085354
3.9240563417964687
-6.457996984389707
-0.24632959716294872
5.291920447142552
6.520294309652667
-0.5185401529075115
-0.13366146920844252
1.302691996866505
0.594052023168224
-0.10813649353312654
5.737690187989399
1.1320153263597077
