-0.02677223227048819
-3.2017702117235505
6.438317955521304
-9.791442065254776
0.28607841205332846
-1.9078200293322158
3.5173274136481423
0.5880604787552928
1.5420366043373053
3.781987671596681
7.272202539145583
4.480865735220603
2.0334922857225513
-2.60160132589035
5.599047763783515
3.281273828935139
4.397877848308224
0.34731975811125015
-2.277526259301022
2.4947922162734195
-1.2134998182661645
-2.647806621080504
0.5219685474273797
8.867441030203128
-1.2615006978561714
-0.08014625930433524
-1.065435203110247
8.107428388324596
-2.502521691492572
1.1059018991327092
2.672083532595006
-3.726397474989975
0.7442765928466081
-7.823656645441688
6.664345557616723
-1.5552914831908906
-2.7384694091988173
-2.3378277371793375
-2.661932128493948
2.511160619770395
1.4342081961640822
2.9979769902983078
-3.220881567782087
8.88362777852064
1.607515201423423
-3.598048521465013
-2.7382984563674273
4.37926737881668
-6.432395711373337
1.6172319086901592
-3.0283284509682833
-1.4116578387630372
0.6816039487858097
3.64426032174347
1.9381777675789609
1.1962602732748504
-8.384663666160492
2.221864384754379
-0.14284555505527702
5.623320213921268
-1.4609164540111528
-1.557899475485664
2.3111215952885757
2.347918272377526
-0.29921860126820027
5.713458338657936
-3.534037686893253
-4.951256781334973
-3.1333974037110037
4.4621646853412535
-3.5396377317442065
9.412784762149746
-0.023601789146390002
5.4467164149871445
-2.3414773807752858
0.09900452114060153
2.499322008558095
0.8619199775014275
-2.9263529748790504
1.450065460584747
-1.1308669067467414
9.906683189453695
-0.8636981756613017
-2.6043777653916673
-1.9588622290292177
-1.378782506633528
-6.988592064636949
0.8804655792329126
3.271317176933233
0.7901182164206082
8.573719004768003
10.996250025753852
0.342119688063792
0.5639226282854903
2.901684069424896
3.2033865909725265
6.896123397066725
-3.0763028713107383
-4.021295847716821
-4.943113184806752
