-2.901868992584581
2.4435656653529043
-4.4861902029427885
0.6304732086167044
10.02828176361602
-1.3280416128402344
-1.838751807467732
-0.354249572313342
5.215638933618575
8.479350423785728
-1.1708331106886878
1.541517529799311
4.645819959491488
8.66160880207028
1.0205720642876528
-0.14716091091993427
0.4779465425544539
1.7115591428712844
-0.7140154024713301
11.489594598242677
0.2391037180573977
-6.291530080883936
1.692243798195019
6.0128983201666975
6.840800952953718
0.36250591596484505
4.816767638929048
-0.8320767055611713
-4.853024848512822
1.5420229658317324
12.552456016459807
5.541345589405035
-1.6063068703963577
3.1373394097362963
-2.6653734784791308
0.7655398966529952
-1.4453812673201996
-2.415599882239135
2.6729074093980656
3.6401585884165355
-4.455401472667289
-2.0077324905755134
0.20612663686090132
4.753404449806966
1.0358026035126486
-0.9566709347589656
-2.3215437568193282
-0.25228195357129285
-2.7717262429032257
-0.8269401094915882
-6.868790544215775
1.8904614676567983
3.0281003267648208
-1.825438024830441
3.914962501776328
1.0886854402805988
4.530309633831163
-0.12611119910072888
5.479744661421396
-4.998905556929008
-0.6333009351224832
1.8405414126665658
2.1653362334070665
1.82396660187336
2.4407235170667034
-1.1135076325215931
2.91613903167526
6.283207860621842
1.9582872086425374
7.917311269699256
-5.399392297969499
0.010436517922829375
0.20177497152275203
0.4123204515157838
-4.046284368376168
2.8734829622956286
-1.908917037423104
0.03719804297900928
-1.595015783896601
6.039822061903912
-4.270010414536155
10.056906965933964
0.6532436345454737
0.4125974643566698
4.315930711378815
4.455819482447661
-0.329113783259559
5.806831275090575
-4.8287260230924876
2.83598888297833
7.752863122896921
1.2680067238933435
-6.642867071398438
-1.7186489260757623
-3.1271071343337615
-1.4084254995055843
11.314967829820887
-2.822806134691989
2.314693072963463
-2.7179693265544085
