2.9751336723051134
1.9333057934665374
1.8272855500734366
6.123883460102439
5.274902102461828
-0.9418891703679706
1.7294285401700094
6.983239795875823
1.7313020027110237
6.717823302034531
-3.5214956983331076
0.3469676589685276
0.4782889950724702
-2.232046353515263
-5.243977429459307
6.615339217603955
-1.6063961614735556
-2.0987934052758983
1.8328815499396678
1.0870701812584538
3.76320166552407
0.5494838750370663
1.5429423472318695
8.252080338911618
0.3592325524875958
4.371816229748754
-2.5028348412224775
-3.5818419353293978
-5.664450588189913
1.71238539532051
2.725822183864567
1.2596217785587642
-0.30957562399003963
-7.955368468915035
0.45387721770130207
6.872056211006174
3.4936018808704308
-5.797535320605246
1.4854333332067757
5.258461234182781
0.019824798001911097
2.3878897101402776
0.5357001085954589
0.7725009826664433
-2.1389731486594368
-1.4426233787042366
4.279291796591803
-1.2913926835904856
6.909965934451435
-0.7051083477244252
6.506914130648943
0.22823384384765122
-2.9741603138442443
1.5526540738053134
2.3372995643830716
1.9353582716084428
-6.53700094570539
1.4405275417794194
2.655077354664301
0.13652741036112642
1.0554040382934924
3.1568213051021092
-4.155466452081347
-1.091361131952071
7.668863729788048
7.889175232013085
0.7971667291736366
3.5839188318884982
3.4749241271841815
-1.6038635218857742
-3.337920369226228
2.314952315617297
5.165188315719731
3.2156767951028753
3.9366221629567293
-3.8459029952174615
0.5154924522036781
-5.113728255585276
2.288715314484658
3.4880820263697787
-2.1444577841531927
-0.2517358841289957
6.349634540398092
-0.6845543045996648
-3.488552599427839
-0.5728794393103435
-0.9563564216403695
3.907248472873759
-4.213813186950796
-1.505250517876943
-3.342930571345568
4.833065340052116
9.010154931076459
-7.9525700419397936
4.403489030350812
-0.20144502742060905
1.844417315440817
2.39099548345358
-3.487974981699283
3.4502752166569186
