10.02411449408957
-0.28916916229620276
0.1583634206819231
3.698329037586654
4.009681833411568
6.529850263310809
1.2396500025931365
6.09082770950819
-4.92169623388461
0.21020976270199382
0.7333261834221041
1.0466345686464213
5.513469750024566
10.982991882562628
1.387095771533594
3.1877276431271806
0.755217079480096
6.804831945663309
1.840780512759356
-2.477649668752584
-1.0101988126634547
1.3557756568669588
1.7743575214432743
4.467886139660864
2.1551440093910283
11.297116182194422
10.556736267697133
3.8857871911401722
3.6838787538246103
4.047959868572209
-0.981883692165872
3.065916174282709
-1.531004820963155
2.076680213853634
1.4545993071958527
6.30907999960179
0.29904553623587576
-3.8847586112125105
-0.6720831631263737
-0.043184098934979986
0.4874537380956361
-0.7886803132934457
3.304634642225823
1.9146478546516872
2.901187855907063
3.156380833636989
0.5735684755789715
1.5425297346633942
2.389824910281093
1.8029179240590074
-1.0673474667506815
-1.7532255917871549
6.429292294690219
3.068047157480154
2.68147143363898
2.183705585656994
-1.4704559601960652
-1.5351538546224859
-0.1677486745470334
0.6759273336273436
-3.572922716111475
-0.920475334492611
0.8663906699785862
3.4849651540469537
-3.2735016395855325
0.9859022648478766
3.136000499632914
-2.646679917266191
2.669790156683635
1.389991940796063
2.8855756211913715
2.827991723001224
5.218385644515248
7.534116138506981
3.4729522609494072
-4.685064255150812
-1.8690173928352767
-0.6962941070612559
-1.2098786114623912
7.92189637077106
3.2663134974474484
-4.810749536820596
-0.5050863444725165
0.7680604984090806
-1.8992824119694522
4.306142475463194
-0.5386951502100878
0.43607468040228614
-2.146667255726102
-2.1032987191376162
-3.9419982357939976
6.718052375514601
-1.1698851869031772
1.9030909736885948
2.032904739955275
9.680696693832495
0.42424348497154707
12.75890347890983
0.15912362575445493
2.818082387855247
