0.48829819960688875
-1.9418745688347936
0.821254925383808
2.1068596853742108
2.5305045907640995
9.835585580970427
-2.084807544649661
2.410135118797153
-0.6548735719872665
1.515411644760467
1.2769745891000117
4.273180994181925
7.652710033406863
-0.6183685772691476
2.0954523934652878
0.46175312075715397
1.4532725106454414
-1.6250747302890818
-0.41541985440356977
4.021806063553871
0.25650205432683393
1.943563560285952
-0.5595227668315961
-3.2185242314553557
-2.536839693608906
9.255332992080787
-0.7710666219148326
0.8843883705170226
12.192933766037669
5.409325770492162
0.10642927206132709
-3.3132474362687834
6.270452030478263
6.723612413667108
-2.1382988332818016
10.524663454222939
-1.0865370969893535
0.9636233030440279
-2.6370971961183267
0.25964449815779456
-3.197521439437191
-0.778287320378936
2.7643714498629244
3.0272743324807956
-2.71524972668386
2.624923360005065
2.154988783943743
2.752381979010717
4.157921254777071
8.575358248984646
-0.1711944250930224
5.656307444537757
-5.074564941774614
0.32040554263075505
1.7189884642870545
7.066822347541313
-3.1681733311728415
1.4247504051642172
12.20724007274277
9.434668174259755
2.268230029126928
1.4912423692438628
2.5737994145628154
1.0280241841052717
9.896170964040188
-0.41125215574789703
2.3833105463463014
-3.7574770552079197
-0.9371557140416558
-4.616244709137919
3.0785022607080705
1.208114913888414
-0.6325626981924932
3.02216793143318
0.23213479599481462
-1.54746116388769
5.513330597435233
1.2213322042294197
5.611492756674952
7.582432527611742
3.0762329335245684
-1.6384747555498098
-4.513338715771984
-0.3725751739345533
-0.956111712048022
-3.351704065102089
-4.192983139186256
0.21910897107510188
-2.6973592610533883
-1.669183426505156
-0.7263706235903331
1.7600993227898245
8.729877541933774
-5.990115107977103
3.5388999445596947
-2.0611883623708684
2.728022637885298
3.4919349478352952
4.225099348953307
-0.3719058408639691
