-0.22601577490338406
2.751464912071882
2.2898875253470288
2.0701062671039723
11.349274584682945
1.5362380539325304
0.8038906603265346
0.9006276083200961
2.37229234931634
2.121957529103455
2.688442646947928
-1.298712992500371
3.2279632313670534
2.2296173515043947
4.358502476018472
6.012760140493772
8.089647316128161
5.2087420244034295
5.118954877291149
3.8759930198538664
-2.5553048443510837
-2.026243241913778
0.30384707966492636
2.342514830433327
-4.95501670456149
2.91730271407738
1.5297940450276575
3.9084921046516223
-1.452279738355077
3.0213148087199326
0.0770297480595991
5.304524869300338
7.5486809662694405
-1.758063001308288
-5.3777908704524355
1.4917101689575079
-1.8022777690116873
2.794816826817888
-0.5583183055057682
-1.2963156205076964
4.504695618628262
-1.4440294350973513
5.210239635771699
-0.1363584322044906
-3.443512508673688
2.160372026310567
-0.8639689826781956
2.4468224815260196
-3.809446267560636
-1.683206470604538
2.6427212943581897
1.5744071928706236
6.389479513432709
-3.2175744765406824
1.4607043991694288
0.5910010548772708
2.619019962073466
7.345031755091195
0.4658575899003127
6.186308896894285
-5.8020790836299545
3.0746393130255787
-4.996573964767622
-4.002537720520634
-2.5097737841013035
4.3248006554947676
7.323846626244366
-0.5987465492086169
4.652372197267405
-3.048307644364007
1.5316741738864303
10.979735169723742
1.3011253621760466
9.438603951638186
-0.5465824893691387
3.4881262737027834
-1.5253767131159208
6.520287161425889
3.0704371496330083
-2.703951542118826
-3.0531217593932976
-0.8783031479745793
-2.270991057928549
7.712098974766745
-0.07317276814351192
2.5889735875674997
-1.631393318942953
1.0584770955413676
1.8640917372822685
14.27933437995491
-2.2711534272454705
-2.709905894358389
-0.17734455129415624
-0.5385859365725951
-2.633199672902365
2.0176158184254875
4.967891792325158
-3.335377800225655
-2.7234044159207658
-1.6724822609061951
