4.268377422584389
1.9906148016511116
-0.0916645671873739
-3.2637933010088203
4.838701245366183
-1.65817882579922
1.552878844222842
-2.019907683395493
-0.3571445501945042
-4.389720722115026
0.18171172056272422
-1.5796971874459476
2.1596599116591526
-3.3807793778866104
0.9822616037297648
3.498416320673719
5.24811439216458
-2.22606551763055
9.17237688729135
0.2454745012604161
11.292899478436913
-2.4932529484901536
9.098104939662818
-2.0328119732888785
10.72827598710065
1.4913765983852625
-1.235470453273927
-2.1915316106080036
0.1071011629961283
-2.357292758237239
1.0217073535855983
1.1090903813779673
0.5028095181534501
-2.5056256051546444
0.47392492312365686
-8.190189689468733
-0.29484354131805757
8.490606825630708
2.4480648560825458
2.9379157050987352
-1.7809601584309833
-1.4935568204950567
-1.599012744573955
-2.890687184329683
-2.817874877529567
7.814879359087138
4.933374184111767
1.20187691404761
2.440244895332926
-3.3205661748741977
-3.248680097898715
-6.63783844267083
0.8861399097039795
2.4473054700030055
4.7116936850293865
-2.5698600548812225
0.9728551478876564
8.820965075957867
0.26703568884482426
-1.2125429470222047
3.7712756751100467
7.839381321828334
2.1429414182613016
0.11915083985542387
-4.7086993815702245
-2.8724102277339796
-1.880828373075138
-0.6652012790546616
-0.8065184883548118
0.03494884376542631
-3.0880064090762493
3.925984651556088
-1.4205693706040432
1.171206079041029
-0.5892939716397275
5.889467666306898
1.8228773836578598
-0.22916114717215533
0.22656473269816305
8.34033232980132
-1.402004413665047
1.2904909688362545
-7.183950223011725
-0.23658136636601906
4.20988923535741
-3.4989925683042733
4.648318587783698
1.3877776276997427
1.5563671840522113
-4.057505848050088
-0.45762879481163765
-2.1859890038423804
3.608574803596284
0.4124378015700946
-3.6106073739096756
0.8503334625201922
3.0596518998855577
2.819299069100204
3.849745199450203
9.414428811580644
