8.015160464141811
8.501246428572943
-4.697442820672236
6.597664938083129
-2.0831326015464247
-2.3243877469181804
9.696728228717378
-0.8194317560861408
0.4889137547710415
-1.224703960292612
2.8287359297094277
0.8108690338902051
3.9396750158972793
0.42910872159134267
-1.3299028359698388
7.983032098701801
3.0038003354234886
0.5128372240200915
1.00336421077332
-1.1753257094730691
9.641058237871162
-2.2669284515103487
-0.15473467466150617
3.2395163714668938
-0.2282728851766832
4.39394106877518
-2.0971708312119053
-0.13571659664377372
0.2742968886569473
8.29192891264563
-2.2132822073915737
0.3078338291603602
6.0849249057730574
5.179966594726581
0.763454750257313
-4.004994777543878
-5.8299355148809
-3.5738453453607604
0.5900710635530564
-7.577762610956764
2.920567830210036
2.8174826637692703
2.7833174788329473
1.0962455825258004
2.223110024823646
1.487651347082944
3.684938860560398
-3.792446090450714
-0.640969110661161
-4.231625268460512
1.0639183334362
10.147761755868721
4.186826254338694
4.065789248089452
-1.2648612377417248
-0.8697307523896136
-0.6490504978252024
2.5927324000064615
1.1953804779749546
2.176204181091791
-0.43168115099262194
-1.1887380284798619
3.509443485261107
1.2563177277273478
-3.2868041319798724
-0.0489136856590243
-2.403214116430442
1.517216564807574
-0.6015860343947499
-5.673244472172067
1.7418505710142531
2.761637053355555
0.9501833274996276
-6.304174657519567
2.235361053859668
2.7519642203893966
-2.312926417327214
0.7210403373547574
0.2190016250527707
-0.06436204426945347
-3.155010730870732
-3.313502624036874
6.257496748551546
-6.520900326403269
2.691787846555633
0.8592670218187438
13.591637959606402
0.5312069638296859
-0.5162175369532547
5.059391046241952
-0.8974745363630531
5.802292249221812
-2.034771636680248
-6.352728303178543
-2.454244438508839
-0.11210273721539077
-0.49396791072283097
-0.16342008003421032
5.513157738701251
2.1557848709845038
