2.2521175402984763
-3.415574693129116
14.808711703641997
-1.0455342057967898
5.139853597094583
5.624292372569653
10.777345079042302
9.592302928469305
-3.0000142097687497
4.596551645722929
1.6819596191336288
-1.6241565237788929
-1.0695326071066438
-1.8941663985204138
-1.8775044738659634
-2.6205972460940625
1.2025318386782031
5.699575402795531
3.1029836751421085
0.6310744285064267
3.7133736107602937
-3.1698497744395375
2.6156194447706875
2.884009621387015
0.9901408889436851
10.128175230636668
12.569243556240233
0.39546522954964614
-0.49954286829474137
-1.015927182427515
0.9647983154692177
-0.2992569494077122
0.6196847297704092
3.5781383978081944
-1.9587733713385478
-3.2920436953717225
2.636159396045662
-2.4868223670812313
0.8272541763335264
-0.05224057100117287
7.6281418350514985
0.950477850917208
-0.30903580917920526
-8.270438224666236
9.567389416958955
-0.007316531604616857
3.9628697874211927
-0.9644241773647283
2.5550181836298567
-1.2809068256280318
-2.085472613968472
-0.6793558562076734
0.4563637864233775
-1.0134461355583109
-2.5682954397973194
-4.799371706586443
4.154509852928486
-4.488522326770297
-2.532404792057471
0.7498196513632269
0.07030934265243141
-0.6324207597972678
1.3644762276570224
4.118550603178075
-1.201998165277548
7.414118126598082
-0.644981252453712
4.279499533007397
-1.3535982858832525
1.6214287495806587
3.7880341557483233
0.24599541447961898
-0.44478730505544295
0.8910949681083844
3.1182787718518163
4.362633387852208
-4.183399710860834
1.2682364400768928
4.4491968435157885
4.789473843124321
2.100544471071448
-5.476208236760698
6.195878652417708
4.2983095804623215
3.537440288710628
8.347957839767778
0.591295083827879
4.101766345945418
-2.1880276926120175
-6.172984926409295
0.8477235851660292
-4.2453788776281
-4.003877431883251
-3.747318691312403
3.160549422182587
5.221826759314402
-0.08499026010213044
1.189496737883743
0.734893077139547
3.627710658096367
