12.272262552438988
0.6666294552712374
-4.852974482794936
-3.3247700653182957
2.321216160943699
2.6370535054389848
-4.782888932747779
-0.8020456505349174
9.384703883943118
-0.8129957707522235
1.1657602073009379
4.911312615995628
1.7030599073520496
-2.191277945651537
2.64168764169734
0.2311440704001096
-2.0834470697918315
-7.505868019813443
-8.190269069400017
-0.25298133256373134
-2.6691793769180086
-4.122751117235277
8.001686792177395
1.6063858104099273
2.248194153672639
-1.7349227185228697
2.6748424595356344
2.8364528768318125
-0.6142979712855566
3.694731207311663
-1.7075773173005762
4.489820868378856
-1.1244260698273152
1.1004038282978648
9.505481141403221
1.8373708009503464
0.05002123031042961
1.0801269799001196
-0.23201321464272695
0.4785312082333629
-3.660671737862101
8.9653900666692
-4.869758971025482
0.5630240910950841
-1.3089989800035422
3.0605985424216566
2.7287954420707488
-3.0974325753943033
5.350239374353303
-2.8680375763466053
-4.397836377857628
0.6530584586106445
-1.6293920174490326
-4.22606452085938
5.273972120045976
2.944704591601646
0.7007500276728836
-0.12428828720371504
0.3265126704548029
-1.6023674625559003
-4.905701320426301
0.37313278725632504
2.6548965032097263
2.437756502796402
-1.321543494886099
-0.46284714106039304
5.122753043944534
0.011741640218627804
8.327689279213107
5.183570471736737
1.0352151150262983
0.219422176805663
7.54939833677936
0.10845795575219797
-3.446868963900318
2.527776351974502
0.40456006222724983
-4.330153400138425
-4.912794678986211
-1.007851989618665
0.43516222264337434
-1.2777825712760607
-5.178773482069038
-0.6890407564610459
-0.9810814841238094
-1.5833518388356116
-3.5031633712602916
4.004720214963348
0.8307799193587829
-3.098081749653394
3.558755691903215
0.6000618114901553
-1.0663792304794453
-2.0580894251763713
-3.6559926467794712
-0.08584620587899365
2.3252906665691944
-1.9231925588671852
5.9580392573502765
0.4670859133682005
