-2.531032618993829
0.19329707049532446
8.02201641019419
0.3223923205912919
3.2259436781670816
0.07991136483816845
3.2048687372332862
0.22413141071080508
0.6106141852144822
-4.954136022014328
-0.7970223519926827
7.93270760403718
4.826352490185408
-2.2435369081904564
5.17797026942538
1.3152682659455024
2.096445506822371
3.6976975008694226
-4.565584304790894
-0.40016946757490945
1.7540258884280844
4.307658774711856
6.116728695537221
-0.9806380795164137
-3.397069751024584
-4.916309837847787
0.1679572087051988
14.09017587529142
11.292697827197475
0.3604584838657626
0.240523707368984
3.928890047254268
5.40806461887143
-1.6871551696640679
2.1269118778186407
-0.840622130910722
1.824666623271799
-1.3874577936220167
-4.027394799486942
-1.1228745012817416
-1.2408307989259573
0.3198650299469798
-2.432495161199867
-1.077409802638482
4.16002135849013
-0.33757606808685686
5.602957978982067
5.426823805661105
1.6667813921182524
-3.9825236030086506
9.522498635767157
-4.337257483723293
-4.434463571304315
-1.048411601021429
0.3807641420967446
-1.7969417654804722
-1.6236588443947273
-0.7864281951846194
2.45755779111888
-5.195316857558963
-7.409656188083737
-0.08756717016280466
1.9479633738744253
-6.019863814643314
-5.158823728843841
1.1930380667017109
1.2360543182035475
17.698788674478312
-0.9225892374336331
-0.13513046344795304
8.84594152692858
-7.2966562756745255
3.4162038620709643
-3.5592275907573763
5.1504260417991405
-0.770879301386951
-2.360478437332014
11.978395354706667
0.23572619771886666
-1.5216701891611937
1.3399668171971164
0.12383433369266117
-0.5679925871956262
3.8270813497363836
-0.7272102464341226
1.1636067616614434
-2.0253382925712504
2.6168305919617634
1.6031568298572767
-0.29846986319221985
2.876445125990556
0.43909289339836177
-5.154667613900867
4.5198884308464935
-1.792154516559315
-2.2602622126744025
11.742556095242008
-2.0858536374922276
-0.7503617531309348
-3.7762034592891753
