-1.4472321507744312
4.143342968695454
-0.9450437459228842
-8.293656481410473
4.449314038255269
6.568809555433862
8.69496734851906
2.5932695005465325
-2.576506944806507
6.364043195012456
2.246258041148086
0.33571800279996983
-2.785568749415719
-2.22592493958378
3.5592845590958717
-2.6077039217427163
-1.645949027785957
0.8495861793517141
-0.5632046592170121
3.5680048590416678
0.21929945811485863
-0.8726853860368493
-0.023710595926264153
1.0864274856843195
1.7038223102093926
4.77406252229496
-3.366523088242914
-0.038068298682689586
-2.6302088915934827
4.562513852667911
1.9836184538818378
-6.417606447513478
-1.9006318219642389
-1.6602929308361853
-1.4486912451926584
-2.603396158822114
-5.319530606303796
-0.662102096317447
-1.230945994784712
2.2244026778375336
-5.410218625038386
-1.12240780346078
8.287019918111046
-1.798545517114977
8.017900194423413
-1.7440014593780049
-6.294669961207751
-1.0357045738460877
0.5719391079953677
1.0311894832787827
10.792858127694874
2.5803607367781303
2.6156293350541784
1.9969774792512265
7.047658534866507
-4.789990892047629
1.3445972114096336
-1.613526529211715
-2.5601037034327176
3.552795067144303
5.488955191741841
-0.9797127887417867
11.97856020242053
-0.5765867577437702
-2.113277188711531
-1.7195721924544398
-1.0648170948144886
1.2398446563416101
0.8831129207583382
0.4207427379518014
1.9873861501703098
-1.4178485010670632
-1.0300996818481722
-0.6378798071748658
0.9329140296611866
-2.100492090096137
-0.6874704127484836
2.5385221614645657
4.920655150681737
-1.9830798628555768
0.27471525432555655
12.413979331853923
-2.3643558625877725
1.1184166455059228
1.1451300815857612
-4.1175434536701285
1.2318473144062674
-0.8392709644408243
7.672838376761831
-2.731827898484454
3.410352492656234
-0.2629960496908035
3.4074766283665032
1.5584492479504224
1.0302676649326934
-3.561720733147227
4.36480798154128
-2.0989291922957696
-0.24681145973451155
4.085051441249289
