-0.20969818135767906
0.25927040107747557
2.3786386428060045
3.1544484389282585
1.8922993590282835
9.223177911129795
-1.6916502027701066
-1.7256494657501924
3.0789237418683406
-1.0952162996567676
0.9763524914444632
-0.6179788510671573
4.03567598641064
1.002670992570161
2.811678292751986
-3.6212086941309884
1.4594346569230616
-1.5114679690104889
4.587469435746762
1.7618805287081138
6.535219183822195
-1.855889676415683
-1.5252511372983437
0.902196374851748
-0.2623483702760192
-11.726849783073401
4.210288457811184
-0.9918337574228344
-3.8703946915095386
-2.930154881901089
6.070249029377377
3.722541329935908
2.5921368973211987
-0.3788948528177094
-1.042346200912079
0.24803430639759294
-2.115528261590571
0.9943016357244387
3.16732888021045
4.0138991746018275
-0.738074902211589
1.3731798035851783
-1.3335027016317829
-2.2249360966081047
6.040447604571395
2.775853939952581
0.8520013725690108
0.5851073272231786
-0.36560699875945724
2.2361619735656224
6.521775454445441
-6.873396705397272
1.7768619031492103
2.1144366768029528
5.6992326308094
0.9987379479655801
1.3761533388719434
7.034219145037272
9.834878027442647
5.918155949672094
-1.6201971205720556
1.3048719510467244
-5.52571282787855
-1.8432927412340976
-0.6188846925513141
4.401063467711634
0.6738475092307181
-1.1403088557038923
3.1300522180588835
-2.419271536918612
3.886941667994587
-0.13515019899570396
-0.35247336964885073
-3.4268914763234175
6.969950476834053
-0.5815106882296317
-0.5700883655101151
-5.767458454467739
2.0994691607384404
7.820161384029003
-7.713896660412679
0.9516036329265691
7.941496976880888
-2.2944655527090063
0.3248453741517726
3.254042320994009
-2.606815750282561
-3.5453554384780483
2.107634957483608
1.7657061064274568
-0.8221551887134928
1.414761269534746
-0.8556052018951048
9.238598857113526
3.545924237439637
7.194663421094029
1.2438748480015682
-0.0731893162769807
-7.899638025519074
2.844029160825799
