0.8086608063195606
2.8376629094800334
1.922699803501424
1.4208110190511491
0.33434817725532784
-0.025782223631249775
11.208651422927282
-1.2096311124529735
-3.480775854417125
-2.293771631901963
0.5197213915936711
6.217927956188258
-0.1803925216368788
5.125653060155125
2.132979799708003
4.370347131695428
0.8897352367673534
-7.789453997512432
1.956164037894522
6.819979255522698
-0.1081591998905432
-0.7261388985689661
-1.5094830944098674
4.387547084265916
-3.561448635995364
1.3639070955161376
-1.9579785318600194
-3.7560066402899306
4.966357262880944
5.562811914645698
5.669423670114567
-1.8093512049617635
12.779693531054335
0.4957722918200781
-2.085465149082024
-1.9692977317744385
0.8204395717744575
4.820878531562637
-4.719120421349263
-2.48591376563956
-4.919748866977233
-0.6586373240513341
0.5539341667875496
9.208807442690773
1.877598863821297
-1.615740762204942
-2.801990657190752
7.375706397101409
1.1930858959282908
2.075327054632185
1.4576795727238974
1.9083474300758998
-0.7206552929689829
-4.115134633225056
1.7538190182521218
2.8703682808446764
2.64721880706689
10.903261906866767
-5.278996032886849
-3.4082063635912414
-1.2711474741236672
8.845381028721674
-2.7298264526821834
5.606623164914486
-2.765664381990462
0.6644550332598971
-2.4811073642848003
-0.15305362896191757
-1.6446564521232507
1.1979847127293684
-1.839590544464839
0.256704481734926
0.8497139215124707
-0.1940946961926835
8.445785229451376
1.7079931685999121
8.827107995704186
11.072166571372692
10.249854605023291
-1.106171796131449
1.579075156644067
10.000335098110332
2.597118617077645
-2.240475910085335
-0.4202538298034223
2.8507522946157495
5.870882200238238
5.971416205201141
-3.5955668587884873
-4.262483662952243
-4.7331892617172695
1.3786769938943664
2.1246553145461045
-2.40177419088731
-4.024459103043342
-4.287553620610559
6.900406765528191
-0.15170772076777628
-3.7471122679077915
3.773608373123291
