0.29098189920193246
-1.5103182445828183
0.06509120493909429
2.0136765350348815
-1.4484934463925427
0.7505104734525389
12.579220400215263
-3.220440730644245
-3.149763804339308
2.7664613998869014
-0.1837933977814306
-0.7793072365682605
12.665420061934714
3.1846218592918802
-4.541967970033896
3.459755111076134
2.813085814487244
4.230886419934519
6.4464951523452605
5.816953118256544
0.7117158337304585
-5.627052550598552
6.547051390334482
0.3829356316283225
-5.083339062628218
3.162045489977543
-2.392657808681649
7.006209752132766
-1.8974987681410012
5.051874543256895
1.399439452215422
1.2206635891885937
0.3993281488378651
6.523761402011885
-0.5167285507903038
9.75789652658358
-4.800600667241125
2.280352146880046
5.432531655168052
-3.2554643091592794
-3.2671571913562647
-6.692756579529336
-2.633311107076071
1.3443371530337762
-6.588884669553796
5.749118764412787
0.4996963531956371
0.008599665267854937
0.8399876485338975
-0.44944567382252676
-0.4808125290234379
5.105795621510042
-2.226305324418859
-0.8394949960844218
2.6473655172260537
-1.9923036774898677
-0.9780339995926011
-0.8916400540841515
1.219330456847913
3.0868271047872518
2.8158210682307816
-5.288943736216764
8.910100827952473
0.03367865281813388
-0.6836560103902758
3.909995844271709
-6.796819979509532
-1.7468719491083986
-2.1865711753651054
4.254399042510507
4.268072787675851
-5.808411667216844
-6.392148837766993
-1.1794808073122591
4.240849308182742
2.0624631547913164
4.835483368685262
-1.4998759355089115
-6.1184590648167925
-1.8608486749077386
5.866346398871006
1.6468025385348781
6.8177893733736585
1.1932812239675463
4.343761352461137
8.421036365646602
2.799145590327722
2.573647753618674
3.5362048884779327
3.85439545567092
6.457744503825955
1.408917430333825
-0.7668702075161878
-0.8871138282907454
-2.4447176359652802
-1.1743868096454957
1.2306352311111568
-5.636342420753329
4.613408303822105
1.0372913085741367
