3.8326071366372174
1.4410251129405094
-0.4902056049056662
7.635334252188299
1.6784289602236306
1.4112451404300574
-3.865766788132019
-0.3439129433165234
-0.1406457036363488
5.20961836747302
-0.8976772314524735
-0.5602962735448498
-0.6030452326408628
-0.07058695297642045
-4.348262540838754
-0.5904004570129872
3.8423012383409962
10.857566540438969
0.31562196692093464
-1.7964684082725295
-0.9277371154510197
2.2167397500551447
0.5547260515091956
-4.173117044325519
2.6397311218065393
-2.1200503250843776
0.4020642993985238
3.020481261422201
-1.924246178296382
4.172090783510018
1.6875708802027556
1.4897577265622823
3.1779747570986947
1.609253693351291
1.2010229907462828
3.248028701705612
1.750462008180373
1.4759432519913853
8.30867820526918
0.16496943460707983
-0.47145248946243656
-6.16776879988157
-0.1052251792120879
4.564978545955794
-2.3170087404923554
-0.7755617579890308
4.73979530679654
6.244203758121214
-0.7069038700987937
2.425423155905011
-1.1024062120418763
-0.5754388400039412
-2.522042955436187
-1.4251018334711185
-6.646779743611085
-4.685400409645247
1.6010621953622584
1.308833554292047
-2.0981676265550258
7.073871611557756
-0.7623007962402126
3.4592548652633233
1.9875696994917957
-0.3980139446418499
1.4349118206964642
1.8178248118680018
1.378437184833746
2.5128934671008816
2.289695015985445
-2.7694958950274917
1.7166584415077153
3.4913541224447124
2.8836258949118343
-2.8190375342565748
-1.2552832684560322
-1.644050507891943
0.8318041093504074
-2.0174298766188383
-0.09463370720641279
0.42743903166781716
-2.1446822783691557
5.005516491681801
7.73408262132928
-7.184060739924075
5.201325014247366
11.94310575182904
-1.6117886575417997
4.85472123265863
-3.7738317772443857
1.6537931153986247
2.7989033169785476
2.930100527227546
-4.972386685693738
0.7239472861593281
-6.350205228810548
3.4999809254592913
-0.9843270333280385
0.7197101495574147
0.26404218779226507
-1.270691259301519
