7.030941573915815
1.980123425860362
11.584495528570082
0.7240051924765294
-2.8425431739716216
0.36906827042462703
-3.932422604249849
10.384424020572872
7.313846257551005
0.591068592927882
1.481808268480312
-2.965761838286089
5.918442541558925
1.440383151944233
5.297556481008444
6.451804243999886
1.31164889710677
-3.9243649971907977
-1.3565987999066385
1.130484380626482
-0.4959141438862763
-1.2159881957485268
-5.835842223215483
0.6763243391339722
0.49477094503152813
2.1492287103269843
3.4848306812105063
0.6975845342561452
1.0670306614609062
-1.4583171217713695
3.796941918670875
9.023756885987503
0.9455077947127357
-1.3646981262994053
2.3985176487253046
4.141562349040622
-2.6989062966202466
1.309227347399832
0.20233249531153824
0.2728946774011952
0.39203257892988486
-0.16575535324410795
14.144412925068844
-1.6742329694246396
-1.2720818462730858
-7.385853973979765
3.853279576797668
2.272077291266552
-4.3886861824499785
0.02365395149410924
-2.3816734853308894
-3.482790249047069
-3.8349796130619636
0.44379655432173737
-1.4199332628055623
3.953603955945253
5.776630764523201
-3.7230625286889394
2.6713817940298012
-1.6003441296176297
-2.34583122060143
0.023326330366966283
2.8880768030162187
8.830217600364733
-3.1647128468897803
6.902279927893711
0.3412469194145648
-5.323616281092884
2.663145473969866
-0.08802559138671559
7.0746108659351385
2.2845265939749835
0.031561495573453405
3.3467690957755147
7.709116961559762
-0.6709273118597515
-4.170160221221282
-1.479788901943451
-1.9536179798626883
3.5913768377056403
-1.9073636206241922
0.11195191146831832
1.0374780845320437
4.8420680364046
2.0583756679975846
-6.956701034088413
-1.2923581140455924
-0.6948468385564409
0.5022032358080217
1.0136106031865895
14.372523596899018
10.889643742440775
0.37306978319341944
-1.3570686859405274
4.886252183932623
-0.7194415566339982
7.180375088716759
3.5214304861913073
5.0088119443085395
2.1458120653326533
