-5.838649179242469
1.2329146236786963
-2.238716644129109
1.2163753364848837
1.3863868344094659
2.674470414736005
3.7059910650349375
4.48094803790104
8.081863657427489
-1.8537939437329705
8.654363129731518
6.594191691646319
-1.3698049712292262
-2.4149618150693257
0.19279083171851435
0.9787260573607384
2.593093263338467
-3.4248707444557116
-0.5666622586959649
2.863724296853511
3.822857918404897
-7.631071239574748
2.5762995073345896
0.970200267484981
0.5321047886300209
-2.766400005042293
3.9670278678913835
1.5336628335187386
-3.5434735829114326
9.924702486868012
3.144654980426128
0.24013228465023645
5.90476076754629
-2.108147904439175
-1.339740746620983
1.0784981350129668
-2.087064207256276
3.3753863281160914
2.3423414111422756
0.2532910469070459
0.7686431388565944
11.36971463654921
5.3024916601896
3.8575902971316927
-2.266748352154336
1.892961013070269
-2.2415920463934684
0.14715331069304907
6.131184058272517
-8.61124248306354
1.2086124427778526
6.535550540332454
-1.6862066173697223
-1.6935551873141654
2.548647597590544
-1.9739122391516664
-6.773915258679218
-0.7704376631936753
-0.5180294745180063
1.2671483627364897
2.736768489329486
-0.3592461226291324
-1.9197276280848787
-1.278860769124534
-0.573822963623326
-0.6886636683399263
-0.901036468763321
-1.1566354831117855
2.677208561369956
2.4714326298629086
7.497090411286645
1.545863477634947
8.754984867855653
1.0544558076143749
4.164175806788554
1.7522020493617758
6.448955380598706
-2.75047047890333
-0.10133351769986043
2.856312773481248
0.956674069410884
2.457929855843292
2.5939296279391533
-7.866239916066496
-4.547052708196786
0.9406520076733385
-0.870697836904244
3.07703725391981
3.8685662745816485
0.896242646405718
1.9990775341488183
-2.4461679738136137
-2.2439992518899414
6.091194483761127
-2.184704445316835
-0.9427584581414381
-0.6026556347743884
-10.798330220556378
2.2158840364170294
3.0195043104655177
