0.49975808672464067
8.282344477412174
-1.5549556918962084
0.34180958769707653
-6.8144467370331
1.8101539810833338
-1.4989866613909482
-0.8714946455230728
-2.5452181120477464
7.242633438565242
-3.1698380861938213
5.284137590964198
-1.9936611233486328
-0.2754801558183585
-2.197371041683651
-2.4270504736802634
-0.7972458084681961
0.8914132261093691
8.858650061080999
2.1838357545342144
-0.38062309199772887
0.03247266023538365
4.330787345181177
1.1155782116785578
1.9064520849741533
1.0901043294627095
1.9121590882518684
2.7627884551278568
-0.6773312506233686
-1.1444454072575816
-0.21305134623073368
6.866757500830445
-5.887219376813852
0.26968626134573026
3.48728105263641
0.7012476197645532
-0.848796452683046
-3.735570815278277
-0.007779675135920509
10.353052196709347
9.813701568046376
-2.5427147614933174
1.8935095963624708
4.269870235561862
-2.054273999249219
-2.593890057668061
1.9798410420894834
-2.3129406267115495
0.6678430909010682
-3.9126781518572473
-0.8526392147944226
8.6144816775581
5.3262453564322305
0.6767651364324654
-1.136032864540777
1.368096971397775
-1.910862467905609
-2.6060678533493817
2.420089294006835
1.9441330779352166
2.7842596666521464
0.5463558450726009
-6.51731067942196
8.78257728998481
-6.176164636096595
7.9636376050887305
-1.2837537847787175
4.39869411753982
-1.674813290260203
1.8793364061476654
9.62112522665742
10.916374502184155
6.5023026640129675
4.078021848485439
0.5802720086566616
5.159494246911255
-0.8730690627473251
1.0664900405298905
1.826446455938036
-0.19610362330284986
9.954760239427772
4.462468336926465
11.931350902217398
3.8727450683273172
7.77149326541072
4.7410475744631935
2.916753355696261
-5.736023675764077
-1.1407203957812992
-2.5594142468615826
-4.95867313749319
-3.3567426229662085
3.044229046236927
-4.237199450368912
-1.9300969152059668
6.063330482605368
-0.15226915768494512
10.9751292026565
-3.914230948003719
-0.9691478352686829
