-0.8893138200580222
9.790892216886673
7.785624418145695
-7.233310022034238
-3.106264962129531
5.882853606408729
-7.929241009211271
4.88877037391763
0.7507671257615443
0.578413941763295
-1.3979691597648798
-0.7011661438360561
6.310322355273454
-2.4222444107271173
-2.1268543001375715
-0.9596550666606093
-0.5589449509378521
-0.29357276750548555
1.8425388496495336
-1.5685756476627661
0.09297043294267612
-4.220452853272083
-1.0107131506208245
2.1302574394889375
5.125099108229499
1.2142633492928863
0.6706217721880434
-3.212325485768931
7.006967287344254
1.2580012008216477
2.2560882509410254
-5.608341736957393
0.24509877981710637
-2.1764858010728223
2.3376334306068878
3.2775983803365962
0.9527323164622912
1.1019799579609162
-0.18695463638672
0.06507927828214373
3.3564862884090294
-1.1803605055282227
-2.6628952590938755
-0.7280826330025204
-4.271948977517373
3.4711468414374
-2.1836415135957377
2.048612657988134
-2.244509752683215
2.8662934840125844
4.272548772617512
4.357158624355916
0.22808566989217127
2.801472050000509
8.329016944854102
-8.170848323552933
-6.1329834334403746
1.758698171916817
12.132059784976718
-4.9237087821070835
2.833047682158514
10.147122006807509
-0.17973323423716742
-0.6980065165275176
-2.976114214847242
7.867173565299742
-0.3376803655550328
-2.269238887514658
1.3823157028878388
-0.8451390035529033
-4.124317794832308
-1.8758624919146154
-3.074110776122872
2.014342031646203
12.363035642632727
1.946871649334742
8.689814095508023
3.848944498651039
1.1400321749658529
3.92996901906088
5.904027024545504
0.2320536071782826
0.27686927661705313
7.729329048654739
1.162162996937224
-0.45203621469024663
3.0556774138234344
-1.6786185682153798
3.515093571791565
-0.7806029303567057
-1.9996165594360824
1.5481522548916415
4.827830865623786
9.774037488004478
5.602655899949202
4.564242309513357
1.0530949282066036
1.7089059179278303
-4.031943535965597
0.11948348532979422
