-3.7888695113026785
2.834149436315927
-0.2904802726881752
3.1920221417117105
8.790406561017923
5.110195702970236
-0.3975146291701471
1.6167006565566266
10.371560985739446
8.754922644702322
-3.9269955239857524
-2.674468811105699
-1.2993381028269648
1.9834313491062843
7.308871434919482
-4.966116414939668
3.232567814742687
6.2074466805532005
-1.1101197579786082
4.792918506274134
4.665589670754453
0.5001618383406053
3.9565323683793108
3.9094150623075272
2.168631331007679
2.4257178783460103
0.6943859374949106
3.0239498446280355
-0.9887536631470397
9.359347625618188
0.8049369462856685
9.246007888428782
-2.178106207189029
-2.087189300020996
2.188075317494651
-0.9929395906947949
-2.8550907294907226
3.642891815685101
6.479943644032253
0.6186562341098669
-0.6638146686296743
1.4796604550898707
-2.8196906128137953
-2.0057112433006687
-2.556026760586078
0.8756235780962186
3.390485939765152
0.9670204126106563
-6.7336079476713655
0.7757693096977539
4.988187133370231
1.1677689574366308
-1.1256043922728316
-1.024782988259332
0.06674053050288754
-4.861303840830416
-1.355622317649898
3.259875795337125
7.00112157291359
-5.628105312609844
-1.3205494326333527
12.12529651572099
-1.332576899187373
12.957461539621129
-0.5190771596974946
0.8435026693474518
7.246498387771101
3.0547863679194003
-1.4971039767026206
5.473946680213183
6.95526890191333
-1.3637879481983237
2.0200872286338836
4.151375264107044
-4.947124996138756
-2.527953848402582
-0.6950729539763661
-1.8594229418349304
5.977677971620198
-4.810673011572694
4.274748223908961
-0.574262791158683
0.5506377399714266
-1.2618009599642912
-2.551038831062063
-2.151648976332799
0.5040561694113795
-3.3346865554196055
4.77906639593529
-4.099204237715329
-2.2160918849715157
5.09544191103179
1.0826305502549833
3.970811437954262
5.717712452046443
-2.595635915472279
3.2432758724061763
-1.6178330910547865
-3.2994542928061623
-1.7467636335520234
